round,load,period,start_time,id,channelId,exp_duration,end_time,experiment
4,15,2,1765579729209,379,CH1,80022,1765579809231,stress-ng
1765579729211,CH1,POWER,2.55
1765579729216,CH1,POWER,2.55
1765579729220,CH1,POWER,2.55
1765579729226,CH1,POWER,2.55
1765579729230,CH1,POWER,2.55
1765579729233,CH1,POWER,2.55
1765579729236,CH1,POWER,2.55
1765579729238,CH1,POWER,2.55
1765579729265,CH1,POWER,2.55
1765579729270,CH1,POWER,2.55
1765579729276,CH1,POWER,2.55
1765579729280,CH1,POWER,2.55
1765579729286,CH1,POWER,2.55
1765579729291,CH1,POWER,2.55
1765579729297,CH1,POWER,2.55
1765579729303,CH1,POWER,2.55
1765579729308,CH1,POWER,2.55
1765579729312,CH1,POWER,2.55
1765579729318,CH1,POWER,2.55
1765579729323,CH1,POWER,2.55
1765579729328,CH1,POWER,2.55
1765579729332,CH1,POWER,2.55
1765579729337,CH1,POWER,2.55
1765579729342,CH1,POWER,2.55
1765579729348,CH1,POWER,2.55
1765579729353,CH1,POWER,2.55
1765579729358,CH1,POWER,2.55
1765579729363,CH1,POWER,2.55
1765579729368,CH1,POWER,2.55
1765579729373,CH1,POWER,2.55
1765579729378,CH1,POWER,2.55
1765579729386,CH1,POWER,2.55
1765579729391,CH1,POWER,2.55
1765579729398,CH1,POWER,2.55
1765579729406,CH1,POWER,2.55
1765579729411,CH1,POWER,2.55
1765579729418,CH1,POWER,2.55
1765579729426,CH1,POWER,2.55
1765579729431,CH1,POWER,2.55
1765579729438,CH1,POWER,2.55
1765579729443,CH1,POWER,2.55
1765579729448,CH1,POWER,2.55
1765579729453,CH1,POWER,2.55
1765579729458,CH1,POWER,2.55
1765579729462,CH1,POWER,2.55
1765579729468,CH1,POWER,2.55
1765579729473,CH1,POWER,2.55
1765579729478,CH1,POWER,2.55
1765579729483,CH1,POWER,2.55
1765579729488,CH1,POWER,2.55
1765579729493,CH1,POWER,2.55
1765579729498,CH1,POWER,2.55
1765579729503,CH1,POWER,2.55
1765579729508,CH1,POWER,2.55
1765579729513,CH1,POWER,2.55
1765579729518,CH1,POWER,2.55
1765579729523,CH1,POWER,2.55
1765579729528,CH1,POWER,2.55
1765579729533,CH1,POWER,2.55
1765579729538,CH1,POWER,2.55
1765579729542,CH1,POWER,2.55
1765579729548,CH1,POWER,2.55
1765579729553,CH1,POWER,2.55
1765579729558,CH1,POWER,2.55
1765579729563,CH1,POWER,2.55
1765579729568,CH1,POWER,2.55
1765579729576,CH1,POWER,2.55
1765579729581,CH1,POWER,2.55
1765579729588,CH1,POWER,2.55
1765579729593,CH1,POWER,2.55
1765579729598,CH1,POWER,2.55
1765579729603,CH1,POWER,2.55
1765579729608,CH1,POWER,2.55
1765579729616,CH1,POWER,2.55
1765579729621,CH1,POWER,2.55
1765579729626,CH1,POWER,3.20
1765579729628,CH1,POWER,3.20
1765579729631,CH1,POWER,3.20
1765579729657,CH1,POWER,3.20
1765579729662,CH1,POWER,3.20
1765579729667,CH1,POWER,3.20
1765579729671,CH1,POWER,3.20
1765579729678,CH1,POWER,3.20
1765579729682,CH1,POWER,3.20
1765579729688,CH1,POWER,3.20
1765579729694,CH1,POWER,3.20
1765579729700,CH1,POWER,3.20
1765579729708,CH1,POWER,3.20
1765579729713,CH1,POWER,3.20
1765579729720,CH1,POWER,3.20
1765579729724,CH1,POWER,3.20
1765579729729,CH1,POWER,3.20
1765579729734,CH1,POWER,3.20
1765579729739,CH1,POWER,3.20
1765579729744,CH1,POWER,3.20
1765579729749,CH1,POWER,3.20
1765579729754,CH1,POWER,3.20
1765579729760,CH1,POWER,3.20
1765579729765,CH1,POWER,3.20
1765579729770,CH1,POWER,3.20
1765579729775,CH1,POWER,3.20
1765579729780,CH1,POWER,3.20
1765579729785,CH1,POWER,3.20
1765579729790,CH1,POWER,3.20
1765579729798,CH1,POWER,3.20
1765579729803,CH1,POWER,3.20
1765579729810,CH1,POWER,3.20
1765579729815,CH1,POWER,3.20
1765579729820,CH1,POWER,3.20
1765579729825,CH1,POWER,3.20
1765579729830,CH1,POWER,3.20
1765579729834,CH1,POWER,3.20
1765579729840,CH1,POWER,3.20
1765579729848,CH1,POWER,3.20
1765579729853,CH1,POWER,3.20
1765579729860,CH1,POWER,3.20
1765579729865,CH1,POWER,3.20
1765579729870,CH1,POWER,3.20
1765579729875,CH1,POWER,3.20
1765579729880,CH1,POWER,3.20
1765579729885,CH1,POWER,3.20
1765579729890,CH1,POWER,3.20
1765579729898,CH1,POWER,3.20
1765579729902,CH1,POWER,3.20
1765579729907,CH1,POWER,3.20
1765579729910,CH1,POWER,3.20
1765579729915,CH1,POWER,3.20
1765579729920,CH1,POWER,3.20
1765579729925,CH1,POWER,3.20
1765579729929,CH1,POWER,3.20
1765579729934,CH1,POWER,3.20
1765579729939,CH1,POWER,3.20
1765579729945,CH1,POWER,3.20
1765579729950,CH1,POWER,3.20
1765579729954,CH1,POWER,3.20
1765579729959,CH1,POWER,3.20
1765579729964,CH1,POWER,3.20
1765579729969,CH1,POWER,3.20
1765579729974,CH1,POWER,3.20
1765579729979,CH1,POWER,3.20
1765579729984,CH1,POWER,3.20
1765579729989,CH1,POWER,3.20
1765579729994,CH1,POWER,3.20
1765579729999,CH1,POWER,3.20
1765579730003,CH1,POWER,3.20
1765579730010,CH1,POWER,3.20
1765579730038,CH1,POWER,3.25
1765579730044,CH1,POWER,3.25
1765579730049,CH1,POWER,3.25
1765579730054,CH1,POWER,3.25
1765579730059,CH1,POWER,3.25
1765579730064,CH1,POWER,3.25
1765579730069,CH1,POWER,3.25
1765579730075,CH1,POWER,3.25
1765579730082,CH1,POWER,3.25
1765579730090,CH1,POWER,3.25
1765579730095,CH1,POWER,3.25
1765579730102,CH1,POWER,3.25
1765579730106,CH1,POWER,3.25
1765579730111,CH1,POWER,3.25
1765579730115,CH1,POWER,3.25
1765579730122,CH1,POWER,3.25
1765579730127,CH1,POWER,3.25
1765579730132,CH1,POWER,3.25
1765579730137,CH1,POWER,3.25
1765579730142,CH1,POWER,3.25
1765579730146,CH1,POWER,3.25
1765579730151,CH1,POWER,3.25
1765579730156,CH1,POWER,3.25
1765579730161,CH1,POWER,3.25
1765579730165,CH1,POWER,3.25
1765579730171,CH1,POWER,3.25
1765579730176,CH1,POWER,3.25
1765579730181,CH1,POWER,3.25
1765579730185,CH1,POWER,3.25
1765579730192,CH1,POWER,3.25
1765579730197,CH1,POWER,3.25
1765579730202,CH1,POWER,3.25
1765579730207,CH1,POWER,3.25
1765579730212,CH1,POWER,3.25
1765579730217,CH1,POWER,3.25
1765579730222,CH1,POWER,3.25
1765579730226,CH1,POWER,3.25
1765579730231,CH1,POWER,3.25
1765579730236,CH1,POWER,3.25
1765579730241,CH1,POWER,3.25
1765579730246,CH1,POWER,3.25
1765579730252,CH1,POWER,3.25
1765579730260,CH1,POWER,3.25
1765579730266,CH1,POWER,3.25
1765579730271,CH1,POWER,3.25
1765579730275,CH1,POWER,3.25
1765579730282,CH1,POWER,3.25
1765579730287,CH1,POWER,3.25
1765579730292,CH1,POWER,3.25
1765579730299,CH1,POWER,3.25
1765579730304,CH1,POWER,3.25
1765579730309,CH1,POWER,3.25
1765579730313,CH1,POWER,3.25
1765579730320,CH1,POWER,3.25
1765579730325,CH1,POWER,3.25
1765579730332,CH1,POWER,3.25
1765579730337,CH1,POWER,3.25
1765579730342,CH1,POWER,3.25
1765579730347,CH1,POWER,3.25
1765579730352,CH1,POWER,3.25
1765579730360,CH1,POWER,3.25
1765579730365,CH1,POWER,3.25
1765579730369,CH1,POWER,3.25
1765579730374,CH1,POWER,3.25
1765579730382,CH1,POWER,3.25
1765579730390,CH1,POWER,3.25
1765579730395,CH1,POWER,3.25
1765579730399,CH1,POWER,3.25
1765579730402,CH1,POWER,3.25
1765579730404,CH1,POWER,3.25
1765579730431,CH1,POWER,3.25
1765579730436,CH1,POWER,3.25
1765579730441,CH1,POWER,3.25
1765579730446,CH1,POWER,3.25
1765579730452,CH1,POWER,3.25
1765579730458,CH1,POWER,3.25
1765579730463,CH1,POWER,3.25
1765579730468,CH1,POWER,3.25
1765579730474,CH1,POWER,3.25
1765579730479,CH1,POWER,3.25
1765579730484,CH1,POWER,3.25
1765579730492,CH1,POWER,3.25
1765579730497,CH1,POWER,3.25
1765579730503,CH1,POWER,3.25
1765579730507,CH1,POWER,3.25
1765579730513,CH1,POWER,3.25
1765579730518,CH1,POWER,3.25
1765579730523,CH1,POWER,3.25
1765579730528,CH1,POWER,3.25
1765579730533,CH1,POWER,3.25
1765579730538,CH1,POWER,3.25
1765579730544,CH1,POWER,3.25
1765579730549,CH1,POWER,3.25
1765579730554,CH1,POWER,3.25
1765579730562,CH1,POWER,3.25
1765579730567,CH1,POWER,3.25
1765579730573,CH1,POWER,3.25
1765579730578,CH1,POWER,3.25
1765579730583,CH1,POWER,3.25
1765579730588,CH1,POWER,3.25
1765579730594,CH1,POWER,3.25
1765579730599,CH1,POWER,3.25
1765579730604,CH1,POWER,3.25
1765579730611,CH1,POWER,3.25
1765579730616,CH1,POWER,3.25
1765579730622,CH1,POWER,3.25
1765579730626,CH1,POWER,3.25
1765579730634,CH1,POWER,3.25
1765579730639,CH1,POWER,3.25
1765579730644,CH1,POWER,3.25
1765579730649,CH1,POWER,3.25
1765579730654,CH1,POWER,3.25
1765579730658,CH1,POWER,3.25
1765579730663,CH1,POWER,3.25
1765579730669,CH1,POWER,3.25
1765579730674,CH1,POWER,3.25
1765579730679,CH1,POWER,3.25
1765579730684,CH1,POWER,3.25
1765579730689,CH1,POWER,3.25
1765579730694,CH1,POWER,3.25
1765579730702,CH1,POWER,3.25
1765579730707,CH1,POWER,3.25
1765579730713,CH1,POWER,3.25
1765579730718,CH1,POWER,3.25
1765579730723,CH1,POWER,3.25
1765579730728,CH1,POWER,3.25
1765579730734,CH1,POWER,3.25
1765579730742,CH1,POWER,3.25
1765579730747,CH1,POWER,3.25
1765579730754,CH1,POWER,3.25
1765579730759,CH1,POWER,3.25
1765579730764,CH1,POWER,3.25
1765579730769,CH1,POWER,3.25
1765579730774,CH1,POWER,3.25
1765579730779,CH1,POWER,3.25
1765579730784,CH1,POWER,3.25
1765579730789,CH1,POWER,3.25
1765579730792,CH1,POWER,3.65
1765579730794,CH1,POWER,3.65
1765579730797,CH1,POWER,3.65
1765579730823,CH1,POWER,3.65
1765579730828,CH1,POWER,3.65
1765579730833,CH1,POWER,3.65
1765579730838,CH1,POWER,3.65
1765579730843,CH1,POWER,3.65
1765579730847,CH1,POWER,3.65
1765579730854,CH1,POWER,3.65
1765579730859,CH1,POWER,3.65
1765579730866,CH1,POWER,3.65
1765579730874,CH1,POWER,3.65
1765579730879,CH1,POWER,3.65
1765579730886,CH1,POWER,3.65
1765579730891,CH1,POWER,3.65
1765579730896,CH1,POWER,3.65
1765579730901,CH1,POWER,3.65
1765579730906,CH1,POWER,3.65
1765579730911,CH1,POWER,3.65
1765579730916,CH1,POWER,3.65
1765579730924,CH1,POWER,3.65
1765579730929,CH1,POWER,3.65
1765579730935,CH1,POWER,3.65
1765579730940,CH1,POWER,3.65
1765579730944,CH1,POWER,3.65
1765579730949,CH1,POWER,3.65
1765579730955,CH1,POWER,3.65
1765579730960,CH1,POWER,3.65
1765579730965,CH1,POWER,3.65
1765579730969,CH1,POWER,3.65
1765579730975,CH1,POWER,3.65
1765579730980,CH1,POWER,3.65
1765579730985,CH1,POWER,3.65
1765579730990,CH1,POWER,3.65
1765579730996,CH1,POWER,3.65
1765579731001,CH1,POWER,3.65
1765579731005,CH1,POWER,3.65
1765579731010,CH1,POWER,3.65
1765579731015,CH1,POWER,3.65
1765579731020,CH1,POWER,3.65
1765579731025,CH1,POWER,3.65
1765579731030,CH1,POWER,3.65
1765579731035,CH1,POWER,3.65
1765579731041,CH1,POWER,3.65
1765579731046,CH1,POWER,3.65
1765579731051,CH1,POWER,3.65
1765579731056,CH1,POWER,3.65
1765579731061,CH1,POWER,3.65
1765579731065,CH1,POWER,3.65
1765579731070,CH1,POWER,3.65
1765579731075,CH1,POWER,3.65
1765579731081,CH1,POWER,3.65
1765579731086,CH1,POWER,3.65
1765579731091,CH1,POWER,3.65
1765579731096,CH1,POWER,3.65
1765579731104,CH1,POWER,3.65
1765579731108,CH1,POWER,3.65
1765579731112,CH1,POWER,3.65
1765579731116,CH1,POWER,3.65
1765579731121,CH1,POWER,3.65
1765579731126,CH1,POWER,3.65
1765579731131,CH1,POWER,3.65
1765579731135,CH1,POWER,3.65
1765579731140,CH1,POWER,3.65
1765579731144,CH1,POWER,3.65
1765579731149,CH1,POWER,3.65
1765579731154,CH1,POWER,3.65
1765579731158,CH1,POWER,3.65
1765579731163,CH1,POWER,3.65
1765579731168,CH1,POWER,3.65
1765579731174,CH1,POWER,3.65
1765579731179,CH1,POWER,3.65
1765579731185,CH1,POWER,3.65
1765579731188,CH1,POWER,3.65
1765579731190,CH1,POWER,3.65
1765579731218,CH1,POWER,3.65
1765579731223,CH1,POWER,3.65
1765579731228,CH1,POWER,3.65
1765579731233,CH1,POWER,3.65
1765579731238,CH1,POWER,3.65
1765579731243,CH1,POWER,3.65
1765579731248,CH1,POWER,3.65
1765579731253,CH1,POWER,3.65
1765579731257,CH1,POWER,3.65
1765579731262,CH1,POWER,3.65
1765579731267,CH1,POWER,3.65
1765579731272,CH1,POWER,3.65
1765579731277,CH1,POWER,3.65
1765579731281,CH1,POWER,3.65
1765579731288,CH1,POWER,3.65
1765579731293,CH1,POWER,3.65
1765579731297,CH1,POWER,3.65
1765579731302,CH1,POWER,3.65
1765579731308,CH1,POWER,3.65
1765579731313,CH1,POWER,3.65
1765579731317,CH1,POWER,3.65
1765579731322,CH1,POWER,3.65
1765579731327,CH1,POWER,3.65
1765579731333,CH1,POWER,3.65
1765579731337,CH1,POWER,3.65
1765579731342,CH1,POWER,3.65
1765579731346,CH1,POWER,3.65
1765579731351,CH1,POWER,3.65
1765579731358,CH1,POWER,3.65
1765579731363,CH1,POWER,3.65
1765579731368,CH1,POWER,3.65
1765579731373,CH1,POWER,3.65
1765579731378,CH1,POWER,3.65
1765579731386,CH1,POWER,3.65
1765579731391,CH1,POWER,3.65
1765579731398,CH1,POWER,3.65
1765579731406,CH1,POWER,3.65
1765579731411,CH1,POWER,3.65
1765579731417,CH1,POWER,3.65
1765579731422,CH1,POWER,3.65
1765579731426,CH1,POWER,3.65
1765579731431,CH1,POWER,3.65
1765579731438,CH1,POWER,3.65
1765579731443,CH1,POWER,3.65
1765579731448,CH1,POWER,3.65
1765579731453,CH1,POWER,3.65
1765579731458,CH1,POWER,3.65
1765579731463,CH1,POWER,3.65
1765579731467,CH1,POWER,3.65
1765579731472,CH1,POWER,3.65
1765579731477,CH1,POWER,3.65
1765579731482,CH1,POWER,3.65
1765579731487,CH1,POWER,3.65
1765579731492,CH1,POWER,3.65
1765579731496,CH1,POWER,3.65
1765579731501,CH1,POWER,3.65
1765579731508,CH1,POWER,3.65
1765579731513,CH1,POWER,3.65
1765579731518,CH1,POWER,3.65
1765579731526,CH1,POWER,3.65
1765579731531,CH1,POWER,3.65
1765579731538,CH1,POWER,3.65
1765579731543,CH1,POWER,3.65
1765579731548,CH1,POWER,3.65
1765579731556,CH1,POWER,3.65
1765579731561,CH1,POWER,3.65
1765579731568,CH1,POWER,3.65
1765579731572,CH1,POWER,3.30
1765579731600,CH1,POWER,3.30
1765579731605,CH1,POWER,3.30
1765579731609,CH1,POWER,3.30
1765579731614,CH1,POWER,3.30
1765579731618,CH1,POWER,3.30
1765579731623,CH1,POWER,3.30
1765579731629,CH1,POWER,3.30
1765579731634,CH1,POWER,3.30
1765579731638,CH1,POWER,3.30
1765579731643,CH1,POWER,3.30
1765579731649,CH1,POWER,3.30
1765579731654,CH1,POWER,3.30
1765579731659,CH1,POWER,3.30
1765579731665,CH1,POWER,3.30
1765579731670,CH1,POWER,3.30
1765579731675,CH1,POWER,3.30
1765579731680,CH1,POWER,3.30
1765579731685,CH1,POWER,3.30
1765579731689,CH1,POWER,3.30
1765579731694,CH1,POWER,3.30
1765579731699,CH1,POWER,3.30
1765579731704,CH1,POWER,3.30
1765579731708,CH1,POWER,3.30
1765579731712,CH1,POWER,3.30
1765579731716,CH1,POWER,3.30
1765579731720,CH1,POWER,3.30
1765579731725,CH1,POWER,3.30
1765579731730,CH1,POWER,3.30
1765579731735,CH1,POWER,3.30
1765579731739,CH1,POWER,3.30
1765579731744,CH1,POWER,3.30
1765579731749,CH1,POWER,3.30
1765579731753,CH1,POWER,3.30
1765579731760,CH1,POWER,3.30
1765579731765,CH1,POWER,3.30
1765579731769,CH1,POWER,3.30
1765579731774,CH1,POWER,3.30
1765579731780,CH1,POWER,3.30
1765579731785,CH1,POWER,3.30
1765579731790,CH1,POWER,3.30
1765579731795,CH1,POWER,3.30
1765579731799,CH1,POWER,3.30
1765579731803,CH1,POWER,3.30
1765579731810,CH1,POWER,3.30
1765579731817,CH1,POWER,3.30
1765579731822,CH1,POWER,3.30
1765579731826,CH1,POWER,3.30
1765579731831,CH1,POWER,3.30
1765579731836,CH1,POWER,3.30
1765579731841,CH1,POWER,3.30
1765579731848,CH1,POWER,3.30
1765579731853,CH1,POWER,3.30
1765579731860,CH1,POWER,3.30
1765579731868,CH1,POWER,3.30
1765579731873,CH1,POWER,3.30
1765579731879,CH1,POWER,3.30
1765579731884,CH1,POWER,3.30
1765579731888,CH1,POWER,3.30
1765579731893,CH1,POWER,3.30
1765579731900,CH1,POWER,3.30
1765579731905,CH1,POWER,3.30
1765579731909,CH1,POWER,3.30
1765579731915,CH1,POWER,3.30
1765579731920,CH1,POWER,3.30
1765579731925,CH1,POWER,3.30
1765579731929,CH1,POWER,3.30
1765579731933,CH1,POWER,3.30
1765579731939,CH1,POWER,3.30
1765579731944,CH1,POWER,3.30
1765579731949,CH1,POWER,3.30
1765579731953,CH1,POWER,3.30
1765579731960,CH1,POWER,3.30
1765579731964,CH1,POWER,3.25
1765579731992,CH1,POWER,3.25
1765579731997,CH1,POWER,3.25
1765579732002,CH1,POWER,3.25
1765579732010,CH1,POWER,3.25
1765579732015,CH1,POWER,3.25
1765579732022,CH1,POWER,3.25
1765579732027,CH1,POWER,3.25
1765579732032,CH1,POWER,3.25
1765579732037,CH1,POWER,3.25
1765579732041,CH1,POWER,3.25
1765579732045,CH1,POWER,3.25
1765579732051,CH1,POWER,3.25
1765579732055,CH1,POWER,3.25
1765579732061,CH1,POWER,3.25
1765579732065,CH1,POWER,3.25
1765579732071,CH1,POWER,3.25
1765579732075,CH1,POWER,3.25
1765579732081,CH1,POWER,3.25
1765579732085,CH1,POWER,3.25
1765579732091,CH1,POWER,3.25
1765579732095,CH1,POWER,3.25
1765579732101,CH1,POWER,3.25
1765579732105,CH1,POWER,3.25
1765579732111,CH1,POWER,3.25
1765579732115,CH1,POWER,3.25
1765579732121,CH1,POWER,3.25
1765579732125,CH1,POWER,3.25
1765579732131,CH1,POWER,3.25
1765579732135,CH1,POWER,3.25
1765579732141,CH1,POWER,3.25
1765579732145,CH1,POWER,3.25
1765579732151,CH1,POWER,3.25
1765579732155,CH1,POWER,3.25
1765579732161,CH1,POWER,3.25
1765579732165,CH1,POWER,3.25
1765579732171,CH1,POWER,3.25
1765579732175,CH1,POWER,3.25
1765579732181,CH1,POWER,3.25
1765579732185,CH1,POWER,3.25
1765579732191,CH1,POWER,3.25
1765579732195,CH1,POWER,3.25
1765579732201,CH1,POWER,3.25
1765579732205,CH1,POWER,3.25
1765579732211,CH1,POWER,3.25
1765579732215,CH1,POWER,3.25
1765579732221,CH1,POWER,3.25
1765579732225,CH1,POWER,3.25
1765579732231,CH1,POWER,3.25
1765579732235,CH1,POWER,3.25
1765579732241,CH1,POWER,3.25
1765579732245,CH1,POWER,3.25
1765579732251,CH1,POWER,3.25
1765579732255,CH1,POWER,3.25
1765579732261,CH1,POWER,3.25
1765579732265,CH1,POWER,3.25
1765579732271,CH1,POWER,3.25
1765579732275,CH1,POWER,3.25
1765579732281,CH1,POWER,3.25
1765579732285,CH1,POWER,3.25
1765579732291,CH1,POWER,3.25
1765579732295,CH1,POWER,3.25
1765579732301,CH1,POWER,3.25
1765579732305,CH1,POWER,3.25
1765579732311,CH1,POWER,3.25
1765579732315,CH1,POWER,3.25
1765579732321,CH1,POWER,3.25
1765579732325,CH1,POWER,3.25
1765579732331,CH1,POWER,3.25
1765579732335,CH1,POWER,3.25
1765579732341,CH1,POWER,3.25
1765579732345,CH1,POWER,3.25
1765579732350,CH1,POWER,3.25
1765579732352,CH1,POWER,3.25
1765579732355,CH1,POWER,3.25
1765579732383,CH1,POWER,3.25
1765579732388,CH1,POWER,3.25
1765579732394,CH1,POWER,3.25
1765579732401,CH1,POWER,3.25
1765579732408,CH1,POWER,3.25
1765579732412,CH1,POWER,3.25
1765579732416,CH1,POWER,3.25
1765579732421,CH1,POWER,3.25
1765579732426,CH1,POWER,3.25
1765579732431,CH1,POWER,3.25
1765579732436,CH1,POWER,3.25
1765579732440,CH1,POWER,3.25
1765579732445,CH1,POWER,3.25
1765579732452,CH1,POWER,3.25
1765579732456,CH1,POWER,3.25
1765579732460,CH1,POWER,3.25
1765579732464,CH1,POWER,3.25
1765579732469,CH1,POWER,3.25
1765579732474,CH1,POWER,3.25
1765579732479,CH1,POWER,3.25
1765579732484,CH1,POWER,3.25
1765579732489,CH1,POWER,3.25
1765579732493,CH1,POWER,3.25
1765579732497,CH1,POWER,3.25
1765579732503,CH1,POWER,3.25
1765579732512,CH1,POWER,3.25
1765579732517,CH1,POWER,3.25
1765579732523,CH1,POWER,3.25
1765579732528,CH1,POWER,3.25
1765579732532,CH1,POWER,3.25
1765579732539,CH1,POWER,3.25
1765579732544,CH1,POWER,3.25
1765579732549,CH1,POWER,3.25
1765579732554,CH1,POWER,3.25
1765579732559,CH1,POWER,3.25
1765579732563,CH1,POWER,3.25
1765579732567,CH1,POWER,3.25
1765579732573,CH1,POWER,3.25
1765579732577,CH1,POWER,3.25
1765579732583,CH1,POWER,3.25
1765579732591,CH1,POWER,3.25
1765579732595,CH1,POWER,3.25
1765579732604,CH1,POWER,3.25
1765579732609,CH1,POWER,3.25
1765579732614,CH1,POWER,3.25
1765579732619,CH1,POWER,3.25
1765579732624,CH1,POWER,3.25
1765579732632,CH1,POWER,3.25
1765579732637,CH1,POWER,3.25
1765579732644,CH1,POWER,3.25
1765579732649,CH1,POWER,3.25
1765579732653,CH1,POWER,3.25
1765579732659,CH1,POWER,3.25
1765579732664,CH1,POWER,3.25
1765579732671,CH1,POWER,3.25
1765579732677,CH1,POWER,3.25
1765579732684,CH1,POWER,3.25
1765579732689,CH1,POWER,3.25
1765579732694,CH1,POWER,3.25
1765579732699,CH1,POWER,3.25
1765579732703,CH1,POWER,3.25
1765579732712,CH1,POWER,3.25
1765579732716,CH1,POWER,3.25
1765579732723,CH1,POWER,3.25
1765579732728,CH1,POWER,3.25
1765579732732,CH1,POWER,3.25
1765579732737,CH1,POWER,3.25
1765579732742,CH1,POWER,3.25
1765579732745,CH1,POWER,3.25
1765579732747,CH1,POWER,3.25
1765579732775,CH1,POWER,3.25
1765579732780,CH1,POWER,3.25
1765579732784,CH1,POWER,3.25
1765579732789,CH1,POWER,3.25
1765579732796,CH1,POWER,3.25
1765579732801,CH1,POWER,3.25
1765579732806,CH1,POWER,3.25
1765579732811,CH1,POWER,3.25
1765579732815,CH1,POWER,3.25
1765579732824,CH1,POWER,3.25
1765579732828,CH1,POWER,3.25
1765579732833,CH1,POWER,3.25
1765579732837,CH1,POWER,3.25
1765579732844,CH1,POWER,3.25
1765579732848,CH1,POWER,3.25
1765579732852,CH1,POWER,3.25
1765579732858,CH1,POWER,3.25
1765579732865,CH1,POWER,3.25
1765579732874,CH1,POWER,3.25
1765579732879,CH1,POWER,3.25
1765579732885,CH1,POWER,3.25
1765579732891,CH1,POWER,3.25
1765579732895,CH1,POWER,3.25
1765579732900,CH1,POWER,3.25
1765579732905,CH1,POWER,3.25
1765579732909,CH1,POWER,3.25
1765579732915,CH1,POWER,3.25
1765579732919,CH1,POWER,3.25
1765579732925,CH1,POWER,3.25
1765579732929,CH1,POWER,3.25
1765579732936,CH1,POWER,3.25
1765579732941,CH1,POWER,3.25
1765579732945,CH1,POWER,3.25
1765579732953,CH1,POWER,3.25
1765579732957,CH1,POWER,3.25
1765579732965,CH1,POWER,3.25
1765579732971,CH1,POWER,3.25
1765579732975,CH1,POWER,3.25
1765579732979,CH1,POWER,3.25
1765579732986,CH1,POWER,3.25
1765579732991,CH1,POWER,3.25
1765579732996,CH1,POWER,3.25
1765579733001,CH1,POWER,3.25
1765579733005,CH1,POWER,3.25
1765579733010,CH1,POWER,3.25
1765579733014,CH1,POWER,3.25
1765579733018,CH1,POWER,3.25
1765579733025,CH1,POWER,3.25
1765579733029,CH1,POWER,3.25
1765579733034,CH1,POWER,3.25
1765579733038,CH1,POWER,3.25
1765579733043,CH1,POWER,3.25
1765579733048,CH1,POWER,3.25
1765579733052,CH1,POWER,3.25
1765579733056,CH1,POWER,3.25
1765579733063,CH1,POWER,3.25
1765579733067,CH1,POWER,3.25
1765579733076,CH1,POWER,3.25
1765579733081,CH1,POWER,3.25
1765579733086,CH1,POWER,3.25
1765579733093,CH1,POWER,3.25
1765579733098,CH1,POWER,3.25
1765579733102,CH1,POWER,3.25
1765579733107,CH1,POWER,3.25
1765579733114,CH1,POWER,3.25
1765579733119,CH1,POWER,3.25
1765579733126,CH1,POWER,3.25
1765579733129,CH1,POWER,3.65
1765579733157,CH1,POWER,3.65
1765579733161,CH1,POWER,3.65
1765579733167,CH1,POWER,3.65
1765579733171,CH1,POWER,3.65
1765579733177,CH1,POWER,3.65
1765579733182,CH1,POWER,3.65
1765579733186,CH1,POWER,3.65
1765579733190,CH1,POWER,3.65
1765579733196,CH1,POWER,3.65
1765579733203,CH1,POWER,3.65
1765579733207,CH1,POWER,3.65
1765579733215,CH1,POWER,3.65
1765579733220,CH1,POWER,3.65
1765579733226,CH1,POWER,3.65
1765579733230,CH1,POWER,3.65
1765579733234,CH1,POWER,3.65
1765579733238,CH1,POWER,3.65
1765579733243,CH1,POWER,3.65
1765579733247,CH1,POWER,3.65
1765579733256,CH1,POWER,3.65
1765579733260,CH1,POWER,3.65
1765579733267,CH1,POWER,3.65
1765579733272,CH1,POWER,3.65
1765579733276,CH1,POWER,3.65
1765579733283,CH1,POWER,3.65
1765579733288,CH1,POWER,3.65
1765579733293,CH1,POWER,3.65
1765579733297,CH1,POWER,3.65
1765579733303,CH1,POWER,3.65
1765579733307,CH1,POWER,3.65
1765579733311,CH1,POWER,3.65
1765579733317,CH1,POWER,3.65
1765579733321,CH1,POWER,3.65
1765579733327,CH1,POWER,3.65
1765579733331,CH1,POWER,3.65
1765579733337,CH1,POWER,3.65
1765579733341,CH1,POWER,3.65
1765579733348,CH1,POWER,3.65
1765579733353,CH1,POWER,3.65
1765579733358,CH1,POWER,3.65
1765579733363,CH1,POWER,3.65
1765579733367,CH1,POWER,3.65
1765579733372,CH1,POWER,3.65
1765579733377,CH1,POWER,3.65
1765579733382,CH1,POWER,3.65
1765579733387,CH1,POWER,3.65
1765579733391,CH1,POWER,3.65
1765579733397,CH1,POWER,3.65
1765579733402,CH1,POWER,3.65
1765579733406,CH1,POWER,3.65
1765579733410,CH1,POWER,3.65
1765579733416,CH1,POWER,3.65
1765579733420,CH1,POWER,3.65
1765579733424,CH1,POWER,3.65
1765579733430,CH1,POWER,3.65
1765579733435,CH1,POWER,3.65
1765579733439,CH1,POWER,3.65
1765579733444,CH1,POWER,3.65
1765579733450,CH1,POWER,3.65
1765579733455,CH1,POWER,3.65
1765579733459,CH1,POWER,3.65
1765579733465,CH1,POWER,3.65
1765579733470,CH1,POWER,3.65
1765579733474,CH1,POWER,3.65
1765579733478,CH1,POWER,3.65
1765579733485,CH1,POWER,3.65
1765579733489,CH1,POWER,3.65
1765579733495,CH1,POWER,3.65
1765579733499,CH1,POWER,3.65
1765579733505,CH1,POWER,3.65
1765579733511,CH1,POWER,3.65
1765579733517,CH1,POWER,3.65
1765579733521,CH1,POWER,3.65
1765579733549,CH1,POWER,3.25
1765579733553,CH1,POWER,3.25
1765579733559,CH1,POWER,3.25
1765579733565,CH1,POWER,3.25
1765579733569,CH1,POWER,3.25
1765579733577,CH1,POWER,3.25
1765579733584,CH1,POWER,3.25
1765579733588,CH1,POWER,3.25
1765579733592,CH1,POWER,3.25
1765579733599,CH1,POWER,3.25
1765579733605,CH1,POWER,3.25
1765579733609,CH1,POWER,3.25
1765579733614,CH1,POWER,3.25
1765579733618,CH1,POWER,3.25
1765579733625,CH1,POWER,3.25
1765579733629,CH1,POWER,3.25
1765579733637,CH1,POWER,3.25
1765579733643,CH1,POWER,3.25
1765579733649,CH1,POWER,3.25
1765579733655,CH1,POWER,3.25
1765579733661,CH1,POWER,3.25
1765579733666,CH1,POWER,3.25
1765579733671,CH1,POWER,3.25
1765579733677,CH1,POWER,3.25
1765579733684,CH1,POWER,3.25
1765579733688,CH1,POWER,3.25
1765579733695,CH1,POWER,3.25
1765579733699,CH1,POWER,3.25
1765579733708,CH1,POWER,3.25
1765579733712,CH1,POWER,3.25
1765579733720,CH1,POWER,3.25
1765579733725,CH1,POWER,3.25
1765579733729,CH1,POWER,3.25
1765579733733,CH1,POWER,3.25
1765579733739,CH1,POWER,3.25
1765579733745,CH1,POWER,3.25
1765579733749,CH1,POWER,3.25
1765579733753,CH1,POWER,3.25
1765579733760,CH1,POWER,3.25
1765579733765,CH1,POWER,3.25
1765579733769,CH1,POWER,3.25
1765579733777,CH1,POWER,3.25
1765579733782,CH1,POWER,3.25
1765579733786,CH1,POWER,3.25
1765579733790,CH1,POWER,3.25
1765579733795,CH1,POWER,3.25
1765579733799,CH1,POWER,3.25
1765579733807,CH1,POWER,3.25
1765579733812,CH1,POWER,3.25
1765579733819,CH1,POWER,3.25
1765579733828,CH1,POWER,3.25
1765579733832,CH1,POWER,3.25
1765579733836,CH1,POWER,3.25
1765579733841,CH1,POWER,3.25
1765579733846,CH1,POWER,3.25
1765579733850,CH1,POWER,3.25
1765579733857,CH1,POWER,3.25
1765579733863,CH1,POWER,3.25
1765579733869,CH1,POWER,3.25
1765579733875,CH1,POWER,3.25
1765579733879,CH1,POWER,3.25
1765579733883,CH1,POWER,3.25
1765579733888,CH1,POWER,3.25
1765579733893,CH1,POWER,3.25
1765579733900,CH1,POWER,3.25
1765579733904,CH1,POWER,3.25
1765579733931,CH1,POWER,3.25
1765579733937,CH1,POWER,3.25
1765579733941,CH1,POWER,3.25
1765579733945,CH1,POWER,3.25
1765579733951,CH1,POWER,3.25
1765579733957,CH1,POWER,3.25
1765579733961,CH1,POWER,3.25
1765579733967,CH1,POWER,3.25
1765579733971,CH1,POWER,3.25
1765579733977,CH1,POWER,3.25
1765579733981,CH1,POWER,3.25
1765579733985,CH1,POWER,3.25
1765579733991,CH1,POWER,3.25
1765579733995,CH1,POWER,3.25
1765579734001,CH1,POWER,3.25
1765579734005,CH1,POWER,3.25
1765579734010,CH1,POWER,3.25
1765579734017,CH1,POWER,3.25
1765579734022,CH1,POWER,3.25
1765579734027,CH1,POWER,3.25
1765579734031,CH1,POWER,3.25
1765579734037,CH1,POWER,3.25
1765579734041,CH1,POWER,3.25
1765579734045,CH1,POWER,3.25
1765579734052,CH1,POWER,3.25
1765579734057,CH1,POWER,3.25
1765579734061,CH1,POWER,3.25
1765579734067,CH1,POWER,3.25
1765579734071,CH1,POWER,3.25
1765579734075,CH1,POWER,3.25
1765579734080,CH1,POWER,3.25
1765579734084,CH1,POWER,3.25
1765579734091,CH1,POWER,3.25
1765579734099,CH1,POWER,3.25
1765579734105,CH1,POWER,3.25
1765579734111,CH1,POWER,3.25
1765579734115,CH1,POWER,3.25
1765579734121,CH1,POWER,3.25
1765579734126,CH1,POWER,3.25
1765579734130,CH1,POWER,3.25
1765579734137,CH1,POWER,3.25
1765579734141,CH1,POWER,3.25
1765579734149,CH1,POWER,3.25
1765579734153,CH1,POWER,3.25
1765579734158,CH1,POWER,3.25
1765579734164,CH1,POWER,3.25
1765579734171,CH1,POWER,3.25
1765579734175,CH1,POWER,3.25
1765579734181,CH1,POWER,3.25
1765579734185,CH1,POWER,3.25
1765579734191,CH1,POWER,3.25
1765579734197,CH1,POWER,3.25
1765579734201,CH1,POWER,3.25
1765579734205,CH1,POWER,3.25
1765579734211,CH1,POWER,3.25
1765579734217,CH1,POWER,3.25
1765579734221,CH1,POWER,3.25
1765579734225,CH1,POWER,3.25
1765579734231,CH1,POWER,3.25
1765579734239,CH1,POWER,3.25
1765579734244,CH1,POWER,3.25
1765579734250,CH1,POWER,3.25
1765579734254,CH1,POWER,3.25
1765579734258,CH1,POWER,3.25
1765579734262,CH1,POWER,3.25
1765579734268,CH1,POWER,3.25
1765579734272,CH1,POWER,3.25
1765579734278,CH1,POWER,3.25
1765579734283,CH1,POWER,3.25
1765579734290,CH1,POWER,3.25
1765579734293,CH1,POWER,3.25
1765579734295,CH1,POWER,3.25
1765579734322,CH1,POWER,3.25
1765579734327,CH1,POWER,3.25
1765579734332,CH1,POWER,3.25
1765579734336,CH1,POWER,3.25
1765579734340,CH1,POWER,3.25
1765579734344,CH1,POWER,3.25
1765579734349,CH1,POWER,3.25
1765579734353,CH1,POWER,3.25
1765579734357,CH1,POWER,3.25
1765579734363,CH1,POWER,3.25
1765579734367,CH1,POWER,3.25
1765579734373,CH1,POWER,3.25
1765579734381,CH1,POWER,3.25
1765579734386,CH1,POWER,3.25
1765579734390,CH1,POWER,3.25
1765579734395,CH1,POWER,3.25
1765579734401,CH1,POWER,3.25
1765579734406,CH1,POWER,3.25
1765579734410,CH1,POWER,3.25
1765579734414,CH1,POWER,3.25
1765579734421,CH1,POWER,3.25
1765579734427,CH1,POWER,3.25
1765579734433,CH1,POWER,3.25
1765579734437,CH1,POWER,3.25
1765579734443,CH1,POWER,3.25
1765579734449,CH1,POWER,3.25
1765579734453,CH1,POWER,3.25
1765579734457,CH1,POWER,3.25
1765579734463,CH1,POWER,3.25
1765579734469,CH1,POWER,3.25
1765579734473,CH1,POWER,3.25
1765579734477,CH1,POWER,3.25
1765579734483,CH1,POWER,3.25
1765579734488,CH1,POWER,3.25
1765579734492,CH1,POWER,3.25
1765579734496,CH1,POWER,3.25
1765579734500,CH1,POWER,3.25
1765579734504,CH1,POWER,3.25
1765579734509,CH1,POWER,3.25
1765579734513,CH1,POWER,3.25
1765579734517,CH1,POWER,3.25
1765579734523,CH1,POWER,3.25
1765579734531,CH1,POWER,3.25
1765579734535,CH1,POWER,3.25
1765579734540,CH1,POWER,3.25
1765579734545,CH1,POWER,3.25
1765579734551,CH1,POWER,3.25
1765579734556,CH1,POWER,3.25
1765579734563,CH1,POWER,3.25
1765579734571,CH1,POWER,3.25
1765579734576,CH1,POWER,3.25
1765579734583,CH1,POWER,3.25
1765579734589,CH1,POWER,3.25
1765579734593,CH1,POWER,3.25
1765579734599,CH1,POWER,3.25
1765579734603,CH1,POWER,3.25
1765579734609,CH1,POWER,3.25
1765579734613,CH1,POWER,3.25
1765579734617,CH1,POWER,3.25
1765579734623,CH1,POWER,3.25
1765579734629,CH1,POWER,3.25
1765579734633,CH1,POWER,3.25
1765579734641,CH1,POWER,3.25
1765579734646,CH1,POWER,3.25
1765579734650,CH1,POWER,3.25
1765579734656,CH1,POWER,3.25
1765579734663,CH1,POWER,3.25
1765579734669,CH1,POWER,3.25
1765579734673,CH1,POWER,3.25
1765579734677,CH1,POWER,3.25
1765579734683,CH1,POWER,3.25
1765579734691,CH1,POWER,3.25
1765579734693,CH1,POWER,3.25
1765579734696,CH1,POWER,3.25
1765579734722,CH1,POWER,3.25
1765579734726,CH1,POWER,3.25
1765579734731,CH1,POWER,3.25
1765579734735,CH1,POWER,3.25
1765579734743,CH1,POWER,3.25
1765579734747,CH1,POWER,3.25
1765579734752,CH1,POWER,3.25
1765579734758,CH1,POWER,3.25
1765579734765,CH1,POWER,3.25
1765579734771,CH1,POWER,3.25
1765579734775,CH1,POWER,3.25
1765579734781,CH1,POWER,3.25
1765579734785,CH1,POWER,3.25
1765579734789,CH1,POWER,3.25
1765579734795,CH1,POWER,3.25
1765579734799,CH1,POWER,3.25
1765579734804,CH1,POWER,3.25
1765579734811,CH1,POWER,3.25
1765579734815,CH1,POWER,3.25
1765579734821,CH1,POWER,3.25
1765579734825,CH1,POWER,3.25
1765579734829,CH1,POWER,3.25
1765579734835,CH1,POWER,3.25
1765579734839,CH1,POWER,3.25
1765579734845,CH1,POWER,3.25
1765579734849,CH1,POWER,3.25
1765579734855,CH1,POWER,3.25
1765579734861,CH1,POWER,3.25
1765579734865,CH1,POWER,3.25
1765579734869,CH1,POWER,3.25
1765579734874,CH1,POWER,3.25
1765579734878,CH1,POWER,3.25
1765579734885,CH1,POWER,3.25
1765579734891,CH1,POWER,3.25
1765579734895,CH1,POWER,3.25
1765579734899,CH1,POWER,3.25
1765579734905,CH1,POWER,3.25
1765579734911,CH1,POWER,3.25
1765579734915,CH1,POWER,3.25
1765579734921,CH1,POWER,3.25
1765579734925,CH1,POWER,3.25
1765579734931,CH1,POWER,3.25
1765579734935,CH1,POWER,3.25
1765579734939,CH1,POWER,3.25
1765579734945,CH1,POWER,3.25
1765579734951,CH1,POWER,3.25
1765579734955,CH1,POWER,3.25
1765579734959,CH1,POWER,3.25
1765579734964,CH1,POWER,3.25
1765579734968,CH1,POWER,3.25
1765579734975,CH1,POWER,3.25
1765579734983,CH1,POWER,3.25
1765579734988,CH1,POWER,3.25
1765579734996,CH1,POWER,3.25
1765579735003,CH1,POWER,3.25
1765579735008,CH1,POWER,3.25
1765579735015,CH1,POWER,3.25
1765579735019,CH1,POWER,3.25
1765579735024,CH1,POWER,3.25
1765579735028,CH1,POWER,3.25
1765579735034,CH1,POWER,3.25
1765579735039,CH1,POWER,3.25
1765579735045,CH1,POWER,3.25
1765579735053,CH1,POWER,3.25
1765579735058,CH1,POWER,3.25
1765579735065,CH1,POWER,3.25
1765579735069,CH1,POWER,3.25
1765579735074,CH1,POWER,3.25
1765579735078,CH1,POWER,3.25
1765579735084,CH1,POWER,3.25
1765579735089,CH1,POWER,3.25
1765579735116,CH1,POWER,3.25
1765579735121,CH1,POWER,3.25
1765579735126,CH1,POWER,3.25
1765579735130,CH1,POWER,3.25
1765579735137,CH1,POWER,3.25
1765579735143,CH1,POWER,3.25
1765579735147,CH1,POWER,3.25
1765579735155,CH1,POWER,3.25
1765579735160,CH1,POWER,3.25
1765579735167,CH1,POWER,3.25
1765579735173,CH1,POWER,3.25
1765579735177,CH1,POWER,3.25
1765579735181,CH1,POWER,3.25
1765579735187,CH1,POWER,3.25
1765579735193,CH1,POWER,3.25
1765579735197,CH1,POWER,3.25
1765579735203,CH1,POWER,3.25
1765579735207,CH1,POWER,3.25
1765579735211,CH1,POWER,3.25
1765579735217,CH1,POWER,3.25
1765579735223,CH1,POWER,3.25
1765579735227,CH1,POWER,3.25
1765579735233,CH1,POWER,3.25
1765579735237,CH1,POWER,3.25
1765579735241,CH1,POWER,3.25
1765579735247,CH1,POWER,3.25
1765579735251,CH1,POWER,3.25
1765579735257,CH1,POWER,3.25
1765579735263,CH1,POWER,3.25
1765579735267,CH1,POWER,3.25
1765579735271,CH1,POWER,3.25
1765579735277,CH1,POWER,3.25
1765579735281,CH1,POWER,3.25
1765579735286,CH1,POWER,3.25
1765579735293,CH1,POWER,3.25
1765579735297,CH1,POWER,3.25
1765579735303,CH1,POWER,3.25
1765579735307,CH1,POWER,3.25
1765579735313,CH1,POWER,3.25
1765579735317,CH1,POWER,3.25
1765579735321,CH1,POWER,3.25
1765579735327,CH1,POWER,3.25
1765579735331,CH1,POWER,3.25
1765579735337,CH1,POWER,3.25
1765579735345,CH1,POWER,3.25
1765579735352,CH1,POWER,3.25
1765579735356,CH1,POWER,3.25
1765579735360,CH1,POWER,3.25
1765579735364,CH1,POWER,3.25
1765579735368,CH1,POWER,3.25
1765579735373,CH1,POWER,3.25
1765579735377,CH1,POWER,3.25
1765579735381,CH1,POWER,3.25
1765579735387,CH1,POWER,3.25
1765579735393,CH1,POWER,3.25
1765579735397,CH1,POWER,3.25
1765579735403,CH1,POWER,3.25
1765579735407,CH1,POWER,3.25
1765579735411,CH1,POWER,3.25
1765579735416,CH1,POWER,3.25
1765579735420,CH1,POWER,3.25
1765579735424,CH1,POWER,3.25
1765579735428,CH1,POWER,3.25
1765579735435,CH1,POWER,3.25
1765579735439,CH1,POWER,3.25
1765579735444,CH1,POWER,3.25
1765579735448,CH1,POWER,3.25
1765579735453,CH1,POWER,3.25
1765579735457,CH1,POWER,3.25
1765579735461,CH1,POWER,3.25
1765579735467,CH1,POWER,3.25
1765579735473,CH1,POWER,3.25
1765579735477,CH1,POWER,3.25
1765579735479,CH1,POWER,3.25
1765579735482,CH1,POWER,3.25
1765579735509,CH1,POWER,3.25
1765579735515,CH1,POWER,3.25
1765579735519,CH1,POWER,3.25
1765579735523,CH1,POWER,3.25
1765579735528,CH1,POWER,3.25
1765579735532,CH1,POWER,3.25
1765579735536,CH1,POWER,3.25
1765579735540,CH1,POWER,3.25
1765579735547,CH1,POWER,3.25
1765579735551,CH1,POWER,3.25
1765579735556,CH1,POWER,3.25
1765579735560,CH1,POWER,3.25
1765579735567,CH1,POWER,3.25
1765579735571,CH1,POWER,3.25
1765579735577,CH1,POWER,3.25
1765579735581,CH1,POWER,3.25
1765579735587,CH1,POWER,3.25
1765579735592,CH1,POWER,3.25
1765579735596,CH1,POWER,3.25
1765579735600,CH1,POWER,3.25
1765579735606,CH1,POWER,3.25
1765579735611,CH1,POWER,3.25
1765579735617,CH1,POWER,3.25
1765579735622,CH1,POWER,3.25
1765579735628,CH1,POWER,3.25
1765579735633,CH1,POWER,3.25
1765579735638,CH1,POWER,3.25
1765579735643,CH1,POWER,3.25
1765579735649,CH1,POWER,3.25
1765579735653,CH1,POWER,3.25
1765579735659,CH1,POWER,3.25
1765579735663,CH1,POWER,3.25
1765579735669,CH1,POWER,3.25
1765579735675,CH1,POWER,3.25
1765579735679,CH1,POWER,3.25
1765579735683,CH1,POWER,3.25
1765579735689,CH1,POWER,3.25
1765579735695,CH1,POWER,3.25
1765579735699,CH1,POWER,3.25
1765579735703,CH1,POWER,3.25
1765579735709,CH1,POWER,3.25
1765579735715,CH1,POWER,3.25
1765579735719,CH1,POWER,3.25
1765579735723,CH1,POWER,3.25
1765579735728,CH1,POWER,3.25
1765579735732,CH1,POWER,3.25
1765579735739,CH1,POWER,3.25
1765579735743,CH1,POWER,3.25
1765579735748,CH1,POWER,3.25
1765579735752,CH1,POWER,3.25
1765579735756,CH1,POWER,3.25
1765579735761,CH1,POWER,3.25
1765579735767,CH1,POWER,3.25
1765579735773,CH1,POWER,3.25
1765579735778,CH1,POWER,3.25
1765579735782,CH1,POWER,3.25
1765579735786,CH1,POWER,3.25
1765579735790,CH1,POWER,3.25
1765579735795,CH1,POWER,3.25
1765579735799,CH1,POWER,3.25
1765579735803,CH1,POWER,3.25
1765579735808,CH1,POWER,3.25
1765579735813,CH1,POWER,3.25
1765579735819,CH1,POWER,3.25
1765579735823,CH1,POWER,3.25
1765579735828,CH1,POWER,3.25
1765579735832,CH1,POWER,3.25
1765579735838,CH1,POWER,3.25
1765579735842,CH1,POWER,3.25
1765579735846,CH1,POWER,3.25
1765579735850,CH1,POWER,3.25
1765579735855,CH1,POWER,3.25
1765579735859,CH1,POWER,3.25
1765579735863,CH1,POWER,3.25
1765579735869,CH1,POWER,3.25
1765579735875,CH1,POWER,3.25
1765579735877,CH1,POWER,3.65
1765579735880,CH1,POWER,3.65
1765579735882,CH1,POWER,3.65
1765579735908,CH1,POWER,3.65
1765579735913,CH1,POWER,3.65
1765579735919,CH1,POWER,3.65
1765579735923,CH1,POWER,3.65
1765579735929,CH1,POWER,3.65
1765579735933,CH1,POWER,3.65
1765579735939,CH1,POWER,3.65
1765579735943,CH1,POWER,3.65
1765579735949,CH1,POWER,3.65
1765579735955,CH1,POWER,3.65
1765579735961,CH1,POWER,3.65
1765579735965,CH1,POWER,3.65
1765579735970,CH1,POWER,3.65
1765579735974,CH1,POWER,3.65
1765579735980,CH1,POWER,3.65
1765579735987,CH1,POWER,3.65
1765579735991,CH1,POWER,3.65
1765579735995,CH1,POWER,3.65
1765579736001,CH1,POWER,3.65
1765579736007,CH1,POWER,3.65
1765579736011,CH1,POWER,3.65
1765579736015,CH1,POWER,3.65
1765579736021,CH1,POWER,3.65
1765579736025,CH1,POWER,3.65
1765579736031,CH1,POWER,3.65
1765579736037,CH1,POWER,3.65
1765579736041,CH1,POWER,3.65
1765579736045,CH1,POWER,3.65
1765579736051,CH1,POWER,3.65
1765579736059,CH1,POWER,3.65
1765579736064,CH1,POWER,3.65
1765579736070,CH1,POWER,3.65
1765579736074,CH1,POWER,3.65
1765579736078,CH1,POWER,3.65
1765579736082,CH1,POWER,3.65
1765579736087,CH1,POWER,3.65
1765579736091,CH1,POWER,3.65
1765579736095,CH1,POWER,3.65
1765579736101,CH1,POWER,3.65
1765579736107,CH1,POWER,3.65
1765579736111,CH1,POWER,3.65
1765579736117,CH1,POWER,3.65
1765579736121,CH1,POWER,3.65
1765579736125,CH1,POWER,3.65
1765579736131,CH1,POWER,3.65
1765579736135,CH1,POWER,3.65
1765579736141,CH1,POWER,3.65
1765579736145,CH1,POWER,3.65
1765579736151,CH1,POWER,3.65
1765579736157,CH1,POWER,3.65
1765579736161,CH1,POWER,3.65
1765579736165,CH1,POWER,3.65
1765579736171,CH1,POWER,3.65
1765579736175,CH1,POWER,3.65
1765579736181,CH1,POWER,3.65
1765579736185,CH1,POWER,3.65
1765579736191,CH1,POWER,3.65
1765579736195,CH1,POWER,3.65
1765579736201,CH1,POWER,3.65
1765579736205,CH1,POWER,3.65
1765579736211,CH1,POWER,3.65
1765579736215,CH1,POWER,3.65
1765579736221,CH1,POWER,3.65
1765579736225,CH1,POWER,3.65
1765579736231,CH1,POWER,3.65
1765579736235,CH1,POWER,3.65
1765579736241,CH1,POWER,3.65
1765579736249,CH1,POWER,3.65
1765579736254,CH1,POWER,3.65
1765579736258,CH1,POWER,3.65
1765579736263,CH1,POWER,3.65
1765579736269,CH1,POWER,3.65
1765579736273,CH1,POWER,3.65
1765579736278,CH1,POWER,3.65
1765579736282,CH1,POWER,3.65
1765579736286,CH1,POWER,3.65
1765579736313,CH1,POWER,3.65
1765579736319,CH1,POWER,3.65
1765579736323,CH1,POWER,3.65
1765579736327,CH1,POWER,3.65
1765579736333,CH1,POWER,3.65
1765579736339,CH1,POWER,3.65
1765579736343,CH1,POWER,3.65
1765579736347,CH1,POWER,3.65
1765579736353,CH1,POWER,3.65
1765579736357,CH1,POWER,3.65
1765579736362,CH1,POWER,3.65
1765579736366,CH1,POWER,3.65
1765579736370,CH1,POWER,3.65
1765579736374,CH1,POWER,3.65
1765579736379,CH1,POWER,3.65
1765579736383,CH1,POWER,3.65
1765579736387,CH1,POWER,3.65
1765579736393,CH1,POWER,3.65
1765579736397,CH1,POWER,3.65
1765579736402,CH1,POWER,3.65
1765579736406,CH1,POWER,3.65
1765579736410,CH1,POWER,3.65
1765579736415,CH1,POWER,3.65
1765579736421,CH1,POWER,3.65
1765579736426,CH1,POWER,3.65
1765579736433,CH1,POWER,3.65
1765579736437,CH1,POWER,3.65
1765579736442,CH1,POWER,3.65
1765579736446,CH1,POWER,3.65
1765579736450,CH1,POWER,3.65
1765579736455,CH1,POWER,3.65
1765579736461,CH1,POWER,3.65
1765579736466,CH1,POWER,3.65
1765579736473,CH1,POWER,3.65
1765579736477,CH1,POWER,3.65
1765579736482,CH1,POWER,3.65
1765579736487,CH1,POWER,3.65
1765579736493,CH1,POWER,3.65
1765579736499,CH1,POWER,3.65
1765579736503,CH1,POWER,3.65
1765579736509,CH1,POWER,3.65
1765579736513,CH1,POWER,3.65
1765579736517,CH1,POWER,3.65
1765579736523,CH1,POWER,3.65
1765579736527,CH1,POWER,3.65
1765579736533,CH1,POWER,3.65
1765579736537,CH1,POWER,3.65
1765579736543,CH1,POWER,3.65
1765579736547,CH1,POWER,3.65
1765579736553,CH1,POWER,3.65
1765579736557,CH1,POWER,3.65
1765579736563,CH1,POWER,3.65
1765579736567,CH1,POWER,3.65
1765579736573,CH1,POWER,3.65
1765579736579,CH1,POWER,3.65
1765579736583,CH1,POWER,3.65
1765579736587,CH1,POWER,3.65
1765579736593,CH1,POWER,3.65
1765579736601,CH1,POWER,3.65
1765579736607,CH1,POWER,3.65
1765579736612,CH1,POWER,3.65
1765579736619,CH1,POWER,3.65
1765579736623,CH1,POWER,3.65
1765579736627,CH1,POWER,3.65
1765579736633,CH1,POWER,3.65
1765579736639,CH1,POWER,3.65
1765579736643,CH1,POWER,3.65
1765579736647,CH1,POWER,3.65
1765579736653,CH1,POWER,3.65
1765579736659,CH1,POWER,3.65
1765579736663,CH1,POWER,3.65
1765579736669,CH1,POWER,3.65
1765579736673,CH1,POWER,3.65
1765579736677,CH1,POWER,3.65
1765579736682,CH1,POWER,3.25
1765579736685,CH1,POWER,3.25
1765579736687,CH1,POWER,3.25
1765579736714,CH1,POWER,3.25
1765579736719,CH1,POWER,3.25
1765579736724,CH1,POWER,3.25
1765579736728,CH1,POWER,3.25
1765579736732,CH1,POWER,3.25
1765579736737,CH1,POWER,3.25
1765579736743,CH1,POWER,3.25
1765579736748,CH1,POWER,3.25
1765579736755,CH1,POWER,3.25
1765579736763,CH1,POWER,3.25
1765579736768,CH1,POWER,3.25
1765579736775,CH1,POWER,3.25
1765579736781,CH1,POWER,3.25
1765579736785,CH1,POWER,3.25
1765579736791,CH1,POWER,3.25
1765579736795,CH1,POWER,3.25
1765579736799,CH1,POWER,3.25
1765579736805,CH1,POWER,3.25
1765579736809,CH1,POWER,3.25
1765579736815,CH1,POWER,3.25
1765579736819,CH1,POWER,3.25
1765579736825,CH1,POWER,3.25
1765579736831,CH1,POWER,3.25
1765579736835,CH1,POWER,3.25
1765579736841,CH1,POWER,3.25
1765579736845,CH1,POWER,3.25
1765579736849,CH1,POWER,3.25
1765579736855,CH1,POWER,3.25
1765579736859,CH1,POWER,3.25
1765579736864,CH1,POWER,3.25
1765579736868,CH1,POWER,3.25
1765579736872,CH1,POWER,3.25
1765579736876,CH1,POWER,3.25
1765579736880,CH1,POWER,3.25
1765579736885,CH1,POWER,3.25
1765579736889,CH1,POWER,3.25
1765579736895,CH1,POWER,3.25
1765579736901,CH1,POWER,3.25
1765579736905,CH1,POWER,3.25
1765579736911,CH1,POWER,3.25
1765579736915,CH1,POWER,3.25
1765579736921,CH1,POWER,3.25
1765579736925,CH1,POWER,3.25
1765579736931,CH1,POWER,3.25
1765579736935,CH1,POWER,3.25
1765579736943,CH1,POWER,3.25
1765579736948,CH1,POWER,3.25
1765579736955,CH1,POWER,3.25
1765579736959,CH1,POWER,3.25
1765579736964,CH1,POWER,3.25
1765579736968,CH1,POWER,3.25
1765579736975,CH1,POWER,3.25
1765579736979,CH1,POWER,3.25
1765579736985,CH1,POWER,3.25
1765579736991,CH1,POWER,3.25
1765579736995,CH1,POWER,3.25
1765579737001,CH1,POWER,3.25
1765579737005,CH1,POWER,3.25
1765579737011,CH1,POWER,3.25
1765579737015,CH1,POWER,3.25
1765579737019,CH1,POWER,3.25
1765579737024,CH1,POWER,3.25
1765579737028,CH1,POWER,3.25
1765579737032,CH1,POWER,3.25
1765579737037,CH1,POWER,3.25
1765579737043,CH1,POWER,3.25
1765579737048,CH1,POWER,3.25
1765579737055,CH1,POWER,3.25
1765579737059,CH1,POWER,3.25
1765579737064,CH1,POWER,3.25
1765579737068,CH1,POWER,3.25
1765579737072,CH1,POWER,3.25
1765579737078,CH1,POWER,3.25
1765579737105,CH1,POWER,3.25
1765579737110,CH1,POWER,3.25
1765579737117,CH1,POWER,3.25
1765579737122,CH1,POWER,3.25
1765579737127,CH1,POWER,3.25
1765579737131,CH1,POWER,3.25
1765579737137,CH1,POWER,3.25
1765579737145,CH1,POWER,3.25
1765579737151,CH1,POWER,3.25
1765579737157,CH1,POWER,3.25
1765579737161,CH1,POWER,3.25
1765579737167,CH1,POWER,3.25
1765579737171,CH1,POWER,3.25
1765579737177,CH1,POWER,3.25
1765579737181,CH1,POWER,3.25
1765579737186,CH1,POWER,3.25
1765579737190,CH1,POWER,3.25
1765579737197,CH1,POWER,3.25
1765579737201,CH1,POWER,3.25
1765579737206,CH1,POWER,3.25
1765579737213,CH1,POWER,3.25
1765579737217,CH1,POWER,3.25
1765579737225,CH1,POWER,3.25
1765579737229,CH1,POWER,3.25
1765579737235,CH1,POWER,3.25
1765579737240,CH1,POWER,3.25
1765579737247,CH1,POWER,3.25
1765579737252,CH1,POWER,3.25
1765579737257,CH1,POWER,3.25
1765579737261,CH1,POWER,3.25
1765579737267,CH1,POWER,3.25
1765579737275,CH1,POWER,3.25
1765579737281,CH1,POWER,3.25
1765579737286,CH1,POWER,3.25
1765579737293,CH1,POWER,3.25
1765579737297,CH1,POWER,3.25
1765579737303,CH1,POWER,3.25
1765579737307,CH1,POWER,3.25
1765579737311,CH1,POWER,3.25
1765579737316,CH1,POWER,3.25
1765579737320,CH1,POWER,3.25
1765579737327,CH1,POWER,3.25
1765579737331,CH1,POWER,3.25
1765579737336,CH1,POWER,3.25
1765579737340,CH1,POWER,3.25
1765579737344,CH1,POWER,3.25
1765579737348,CH1,POWER,3.25
1765579737354,CH1,POWER,3.25
1765579737358,CH1,POWER,3.25
1765579737364,CH1,POWER,3.25
1765579737369,CH1,POWER,3.25
1765579737374,CH1,POWER,3.25
1765579737378,CH1,POWER,3.25
1765579737385,CH1,POWER,3.25
1765579737390,CH1,POWER,3.25
1765579737397,CH1,POWER,3.25
1765579737401,CH1,POWER,3.25
1765579737406,CH1,POWER,3.25
1765579737410,CH1,POWER,3.25
1765579737414,CH1,POWER,3.25
1765579737419,CH1,POWER,3.25
1765579737427,CH1,POWER,3.25
1765579737433,CH1,POWER,3.25
1765579737437,CH1,POWER,3.25
1765579737443,CH1,POWER,3.25
1765579737447,CH1,POWER,3.25
1765579737453,CH1,POWER,3.25
1765579737457,CH1,POWER,3.25
1765579737461,CH1,POWER,3.25
1765579737465,CH1,POWER,3.25
1765579737467,CH1,POWER,3.25
1765579737470,CH1,POWER,3.25
1765579737496,CH1,POWER,3.25
1765579737501,CH1,POWER,3.25
1765579737506,CH1,POWER,3.25
1765579737512,CH1,POWER,3.25
1765579737519,CH1,POWER,3.25
1765579737527,CH1,POWER,3.25
1765579737533,CH1,POWER,3.25
1765579737538,CH1,POWER,3.25
1765579737542,CH1,POWER,3.25
1765579737549,CH1,POWER,3.25
1765579737553,CH1,POWER,3.25
1765579737558,CH1,POWER,3.25
1765579737562,CH1,POWER,3.25
1765579737569,CH1,POWER,3.25
1765579737575,CH1,POWER,3.25
1765579737579,CH1,POWER,3.25
1765579737583,CH1,POWER,3.25
1765579737589,CH1,POWER,3.25
1765579737593,CH1,POWER,3.25
1765579737598,CH1,POWER,3.25
1765579737602,CH1,POWER,3.25
1765579737608,CH1,POWER,3.25
1765579737613,CH1,POWER,3.25
1765579737619,CH1,POWER,3.25
1765579737627,CH1,POWER,3.25
1765579737632,CH1,POWER,3.25
1765579737639,CH1,POWER,3.25
1765579737643,CH1,POWER,3.25
1765579737648,CH1,POWER,3.25
1765579737652,CH1,POWER,3.25
1765579737656,CH1,POWER,3.25
1765579737662,CH1,POWER,3.25
1765579737666,CH1,POWER,3.25
1765579737670,CH1,POWER,3.25
1765579737677,CH1,POWER,3.25
1765579737681,CH1,POWER,3.25
1765579737686,CH1,POWER,3.25
1765579737690,CH1,POWER,3.25
1765579737695,CH1,POWER,3.25
1765579737699,CH1,POWER,3.25
1765579737707,CH1,POWER,3.25
1765579737712,CH1,POWER,3.25
1765579737719,CH1,POWER,3.25
1765579737724,CH1,POWER,3.25
1765579737729,CH1,POWER,3.25
1765579737733,CH1,POWER,3.25
1765579737739,CH1,POWER,3.25
1765579737745,CH1,POWER,3.25
1765579737749,CH1,POWER,3.25
1765579737757,CH1,POWER,3.25
1765579737763,CH1,POWER,3.25
1765579737769,CH1,POWER,3.25
1765579737773,CH1,POWER,3.25
1765579737779,CH1,POWER,3.25
1765579737783,CH1,POWER,3.25
1765579737789,CH1,POWER,3.25
1765579737797,CH1,POWER,3.25
1765579737802,CH1,POWER,3.25
1765579737808,CH1,POWER,3.25
1765579737812,CH1,POWER,3.25
1765579737819,CH1,POWER,3.25
1765579737825,CH1,POWER,3.25
1765579737829,CH1,POWER,3.25
1765579737837,CH1,POWER,3.25
1765579737842,CH1,POWER,3.25
1765579737848,CH1,POWER,3.25
1765579737852,CH1,POWER,3.25
1765579737857,CH1,POWER,3.25
1765579737860,CH1,POWER,3.60
1765579737862,CH1,POWER,3.60
1765579737888,CH1,POWER,3.60
1765579737894,CH1,POWER,3.60
1765579737901,CH1,POWER,3.60
1765579737907,CH1,POWER,3.60
1765579737911,CH1,POWER,3.60
1765579737915,CH1,POWER,3.60
1765579737920,CH1,POWER,3.60
1765579737925,CH1,POWER,3.60
1765579737931,CH1,POWER,3.60
1765579737937,CH1,POWER,3.60
1765579737941,CH1,POWER,3.60
1765579737947,CH1,POWER,3.60
1765579737951,CH1,POWER,3.60
1765579737955,CH1,POWER,3.60
1765579737960,CH1,POWER,3.60
1765579737965,CH1,POWER,3.60
1765579737970,CH1,POWER,3.60
1765579737974,CH1,POWER,3.60
1765579737980,CH1,POWER,3.60
1765579737985,CH1,POWER,3.60
1765579737990,CH1,POWER,3.60
1765579737994,CH1,POWER,3.60
1765579738001,CH1,POWER,3.60
1765579738009,CH1,POWER,3.60
1765579738014,CH1,POWER,3.60
1765579738018,CH1,POWER,3.60
1765579738023,CH1,POWER,3.60
1765579738029,CH1,POWER,3.60
1765579738034,CH1,POWER,3.60
1765579738041,CH1,POWER,3.60
1765579738049,CH1,POWER,3.60
1765579738054,CH1,POWER,3.60
1765579738058,CH1,POWER,3.60
1765579738063,CH1,POWER,3.60
1765579738069,CH1,POWER,3.60
1765579738074,CH1,POWER,3.60
1765579738081,CH1,POWER,3.60
1765579738089,CH1,POWER,3.60
1765579738094,CH1,POWER,3.60
1765579738098,CH1,POWER,3.60
1765579738103,CH1,POWER,3.60
1765579738109,CH1,POWER,3.60
1765579738114,CH1,POWER,3.60
1765579738121,CH1,POWER,3.60
1765579738129,CH1,POWER,3.60
1765579738134,CH1,POWER,3.60
1765579738141,CH1,POWER,3.60
1765579738147,CH1,POWER,3.60
1765579738151,CH1,POWER,3.60
1765579738155,CH1,POWER,3.60
1765579738161,CH1,POWER,3.60
1765579738166,CH1,POWER,3.60
1765579738171,CH1,POWER,3.60
1765579738175,CH1,POWER,3.60
1765579738181,CH1,POWER,3.60
1765579738187,CH1,POWER,3.60
1765579738191,CH1,POWER,3.60
1765579738196,CH1,POWER,3.60
1765579738201,CH1,POWER,3.60
1765579738207,CH1,POWER,3.60
1765579738211,CH1,POWER,3.60
1765579738215,CH1,POWER,3.60
1765579738220,CH1,POWER,3.60
1765579738224,CH1,POWER,3.60
1765579738230,CH1,POWER,3.60
1765579738234,CH1,POWER,3.60
1765579738238,CH1,POWER,3.60
1765579738242,CH1,POWER,3.60
1765579738246,CH1,POWER,3.60
1765579738251,CH1,POWER,3.60
1765579738255,CH1,POWER,3.60
1765579738283,CH1,POWER,3.25
1765579738289,CH1,POWER,3.25
1765579738293,CH1,POWER,3.25
1765579738299,CH1,POWER,3.25
1765579738303,CH1,POWER,3.25
1765579738311,CH1,POWER,3.25
1765579738316,CH1,POWER,3.25
1765579738320,CH1,POWER,3.25
1765579738324,CH1,POWER,3.25
1765579738329,CH1,POWER,3.25
1765579738333,CH1,POWER,3.25
1765579738337,CH1,POWER,3.25
1765579738343,CH1,POWER,3.25
1765579738347,CH1,POWER,3.25
1765579738353,CH1,POWER,3.25
1765579738357,CH1,POWER,3.25
1765579738362,CH1,POWER,3.25
1765579738366,CH1,POWER,3.25
1765579738373,CH1,POWER,3.25
1765579738377,CH1,POWER,3.25
1765579738383,CH1,POWER,3.25
1765579738389,CH1,POWER,3.25
1765579738393,CH1,POWER,3.25
1765579738397,CH1,POWER,3.25
1765579738402,CH1,POWER,3.25
1765579738409,CH1,POWER,3.25
1765579738413,CH1,POWER,3.25
1765579738417,CH1,POWER,3.25
1765579738423,CH1,POWER,3.25
1765579738429,CH1,POWER,3.25
1765579738433,CH1,POWER,3.25
1765579738438,CH1,POWER,3.25
1765579738443,CH1,POWER,3.25
1765579738449,CH1,POWER,3.25
1765579738453,CH1,POWER,3.25
1765579738461,CH1,POWER,3.25
1765579738466,CH1,POWER,3.25
1765579738473,CH1,POWER,3.25
1765579738481,CH1,POWER,3.25
1765579738486,CH1,POWER,3.25
1765579738492,CH1,POWER,3.25
1765579738497,CH1,POWER,3.25
1765579738503,CH1,POWER,3.25
1765579738509,CH1,POWER,3.25
1765579738513,CH1,POWER,3.25
1765579738517,CH1,POWER,3.25
1765579738522,CH1,POWER,3.25
1765579738529,CH1,POWER,3.25
1765579738533,CH1,POWER,3.25
1765579738537,CH1,POWER,3.25
1765579738542,CH1,POWER,3.25
1765579738546,CH1,POWER,3.25
1765579738550,CH1,POWER,3.25
1765579738555,CH1,POWER,3.25
1765579738563,CH1,POWER,3.25
1765579738569,CH1,POWER,3.25
1765579738573,CH1,POWER,3.25
1765579738581,CH1,POWER,3.25
1765579738586,CH1,POWER,3.25
1765579738590,CH1,POWER,3.25
1765579738595,CH1,POWER,3.25
1765579738600,CH1,POWER,3.25
1765579738605,CH1,POWER,3.25
1765579738610,CH1,POWER,3.25
1765579738616,CH1,POWER,3.25
1765579738623,CH1,POWER,3.25
1765579738628,CH1,POWER,3.25
1765579738633,CH1,POWER,3.25
1765579738638,CH1,POWER,3.25
1765579738642,CH1,POWER,3.25
1765579738644,CH1,POWER,3.25
1765579738646,CH1,POWER,3.25
1765579738673,CH1,POWER,3.25
1765579738678,CH1,POWER,3.25
1765579738685,CH1,POWER,3.25
1765579738691,CH1,POWER,3.25
1765579738695,CH1,POWER,3.25
1765579738703,CH1,POWER,3.25
1765579738708,CH1,POWER,3.25
1765579738715,CH1,POWER,3.25
1765579738721,CH1,POWER,3.25
1765579738725,CH1,POWER,3.25
1765579738731,CH1,POWER,3.25
1765579738735,CH1,POWER,3.25
1765579738739,CH1,POWER,3.25
1765579738745,CH1,POWER,3.25
1765579738751,CH1,POWER,3.25
1765579738755,CH1,POWER,3.25
1765579738759,CH1,POWER,3.25
1765579738765,CH1,POWER,3.25
1765579738771,CH1,POWER,3.25
1765579738775,CH1,POWER,3.25
1765579738780,CH1,POWER,3.25
1765579738785,CH1,POWER,3.25
1765579738789,CH1,POWER,3.25
1765579738794,CH1,POWER,3.25
1765579738798,CH1,POWER,3.25
1765579738802,CH1,POWER,3.25
1765579738806,CH1,POWER,3.25
1765579738810,CH1,POWER,3.25
1765579738815,CH1,POWER,3.25
1765579738820,CH1,POWER,3.25
1765579738825,CH1,POWER,3.25
1765579738831,CH1,POWER,3.25
1765579738835,CH1,POWER,3.25
1765579738843,CH1,POWER,3.25
1765579738848,CH1,POWER,3.25
1765579738855,CH1,POWER,3.25
1765579738859,CH1,POWER,3.25
1765579738864,CH1,POWER,3.25
1765579738868,CH1,POWER,3.25
1765579738872,CH1,POWER,3.25
1765579738878,CH1,POWER,3.25
1765579738882,CH1,POWER,3.25
1765579738888,CH1,POWER,3.25
1765579738895,CH1,POWER,3.25
1765579738901,CH1,POWER,3.25
1765579738905,CH1,POWER,3.25
1765579738913,CH1,POWER,3.25
1765579738918,CH1,POWER,3.25
1765579738922,CH1,POWER,3.25
1765579738926,CH1,POWER,3.25
1765579738930,CH1,POWER,3.25
1765579738935,CH1,POWER,3.25
1765579738939,CH1,POWER,3.25
1765579738945,CH1,POWER,3.25
1765579738950,CH1,POWER,3.25
1765579738955,CH1,POWER,3.25
1765579738963,CH1,POWER,3.25
1765579738967,CH1,POWER,3.25
1765579738973,CH1,POWER,3.25
1765579738978,CH1,POWER,3.25
1765579738985,CH1,POWER,3.25
1765579738990,CH1,POWER,3.25
1765579738995,CH1,POWER,3.25
1765579739000,CH1,POWER,3.25
1765579739005,CH1,POWER,3.25
1765579739011,CH1,POWER,3.25
1765579739015,CH1,POWER,3.25
1765579739021,CH1,POWER,3.25
1765579739025,CH1,POWER,3.25
1765579739030,CH1,POWER,3.25
1765579739035,CH1,POWER,3.25
1765579739037,CH1,POWER,3.25
1765579739039,CH1,POWER,3.25
1765579739067,CH1,POWER,3.25
1765579739075,CH1,POWER,3.25
1765579739080,CH1,POWER,3.25
1765579739086,CH1,POWER,3.25
1765579739091,CH1,POWER,3.25
1765579739097,CH1,POWER,3.25
1765579739102,CH1,POWER,3.25
1765579739107,CH1,POWER,3.25
1765579739115,CH1,POWER,3.25
1765579739119,CH1,POWER,3.25
1765579739124,CH1,POWER,3.25
1765579739128,CH1,POWER,3.25
1765579739135,CH1,POWER,3.25
1765579739140,CH1,POWER,3.25
1765579739146,CH1,POWER,3.25
1765579739151,CH1,POWER,3.25
1765579739157,CH1,POWER,3.25
1765579739161,CH1,POWER,3.25
1765579739167,CH1,POWER,3.25
1765579739175,CH1,POWER,3.25
1765579739180,CH1,POWER,3.25
1765579739187,CH1,POWER,3.25
1765579739192,CH1,POWER,3.25
1765579739197,CH1,POWER,3.25
1765579739202,CH1,POWER,3.25
1765579739207,CH1,POWER,3.25
1765579739211,CH1,POWER,3.25
1765579739216,CH1,POWER,3.25
1765579739220,CH1,POWER,3.25
1765579739227,CH1,POWER,3.25
1765579739231,CH1,POWER,3.25
1765579739237,CH1,POWER,3.25
1765579739245,CH1,POWER,3.25
1765579739250,CH1,POWER,3.25
1765579739257,CH1,POWER,3.25
1765579739263,CH1,POWER,3.25
1765579739267,CH1,POWER,3.25
1765579739275,CH1,POWER,3.25
1765579739280,CH1,POWER,3.25
1765579739287,CH1,POWER,3.25
1765579739295,CH1,POWER,3.25
1765579739300,CH1,POWER,3.25
1765579739304,CH1,POWER,3.25
1765579739310,CH1,POWER,3.25
1765579739314,CH1,POWER,3.25
1765579739319,CH1,POWER,3.25
1765579739327,CH1,POWER,3.25
1765579739335,CH1,POWER,3.25
1765579739340,CH1,POWER,3.25
1765579739346,CH1,POWER,3.25
1765579739351,CH1,POWER,3.25
1765579739357,CH1,POWER,3.25
1765579739363,CH1,POWER,3.25
1765579739367,CH1,POWER,3.25
1765579739371,CH1,POWER,3.25
1765579739376,CH1,POWER,3.25
1765579739380,CH1,POWER,3.25
1765579739387,CH1,POWER,3.25
1765579739393,CH1,POWER,3.25
1765579739397,CH1,POWER,3.25
1765579739405,CH1,POWER,3.25
1765579739410,CH1,POWER,3.25
1765579739417,CH1,POWER,3.25
1765579739419,CH1,POWER,3.70
1765579739422,CH1,POWER,3.70
1765579739449,CH1,POWER,3.70
1765579739455,CH1,POWER,3.70
1765579739459,CH1,POWER,3.70
1765579739467,CH1,POWER,3.70
1765579739472,CH1,POWER,3.70
1765579739479,CH1,POWER,3.70
1765579739485,CH1,POWER,3.70
1765579739489,CH1,POWER,3.70
1765579739497,CH1,POWER,3.70
1765579739502,CH1,POWER,3.70
1765579739509,CH1,POWER,3.70
1765579739517,CH1,POWER,3.70
1765579739522,CH1,POWER,3.70
1765579739526,CH1,POWER,3.70
1765579739530,CH1,POWER,3.70
1765579739534,CH1,POWER,3.70
1765579739539,CH1,POWER,3.70
1765579739543,CH1,POWER,3.70
1765579739548,CH1,POWER,3.70
1765579739552,CH1,POWER,3.70
1765579739559,CH1,POWER,3.70
1765579739564,CH1,POWER,3.70
1765579739569,CH1,POWER,3.70
1765579739575,CH1,POWER,3.70
1765579739579,CH1,POWER,3.70
1765579739584,CH1,POWER,3.70
1765579739589,CH1,POWER,3.70
1765579739597,CH1,POWER,3.70
1765579739602,CH1,POWER,3.70
1765579739608,CH1,POWER,3.70
1765579739614,CH1,POWER,3.70
1765579739619,CH1,POWER,3.70
1765579739627,CH1,POWER,3.70
1765579739632,CH1,POWER,3.70
1765579739636,CH1,POWER,3.70
1765579739641,CH1,POWER,3.70
1765579739649,CH1,POWER,3.70
1765579739654,CH1,POWER,3.70
1765579739659,CH1,POWER,3.70
1765579739664,CH1,POWER,3.70
1765579739669,CH1,POWER,3.70
1765579739674,CH1,POWER,3.70
1765579739679,CH1,POWER,3.70
1765579739683,CH1,POWER,3.70
1765579739689,CH1,POWER,3.70
1765579739697,CH1,POWER,3.70
1765579739703,CH1,POWER,3.70
1765579739708,CH1,POWER,3.70
1765579739712,CH1,POWER,3.70
1765579739719,CH1,POWER,3.70
1765579739725,CH1,POWER,3.70
1765579739729,CH1,POWER,3.70
1765579739733,CH1,POWER,3.70
1765579739738,CH1,POWER,3.70
1765579739743,CH1,POWER,3.70
1765579739749,CH1,POWER,3.70
1765579739753,CH1,POWER,3.70
1765579739758,CH1,POWER,3.70
1765579739762,CH1,POWER,3.70
1765579739766,CH1,POWER,3.70
1765579739771,CH1,POWER,3.70
1765579739777,CH1,POWER,3.70
1765579739782,CH1,POWER,3.70
1765579739789,CH1,POWER,3.70
1765579739795,CH1,POWER,3.70
1765579739799,CH1,POWER,3.70
1765579739807,CH1,POWER,3.70
1765579739809,CH1,POWER,2.85
1765579739812,CH1,POWER,2.85
1765579739838,CH1,POWER,2.85
1765579739844,CH1,POWER,2.85
1765579739851,CH1,POWER,2.85
1765579739859,CH1,POWER,2.85
1765579739864,CH1,POWER,2.85
1765579739868,CH1,POWER,2.85
1765579739873,CH1,POWER,2.85
1765579739879,CH1,POWER,2.85
1765579739883,CH1,POWER,2.85
1765579739891,CH1,POWER,2.85
1765579739895,CH1,POWER,2.85
1765579739901,CH1,POWER,2.85
1765579739905,CH1,POWER,2.85
1765579739911,CH1,POWER,2.85
1765579739916,CH1,POWER,2.85
1765579739921,CH1,POWER,2.85
1765579739926,CH1,POWER,2.85
1765579739931,CH1,POWER,2.85
1765579739935,CH1,POWER,2.85
1765579739941,CH1,POWER,2.85
1765579739945,CH1,POWER,2.85
1765579739951,CH1,POWER,2.85
1765579739955,CH1,POWER,2.85
1765579739961,CH1,POWER,2.85
1765579739966,CH1,POWER,2.85
1765579739971,CH1,POWER,2.85
1765579739976,CH1,POWER,2.85
1765579739981,CH1,POWER,2.85
1765579739986,CH1,POWER,2.85
1765579739991,CH1,POWER,2.85
1765579739995,CH1,POWER,2.85
1765579740001,CH1,POWER,2.85
1765579740005,CH1,POWER,2.85
1765579740011,CH1,POWER,2.85
1765579740015,CH1,POWER,2.85
1765579740020,CH1,POWER,2.85
1765579740024,CH1,POWER,2.85
1765579740031,CH1,POWER,2.85
1765579740036,CH1,POWER,2.85
1765579740041,CH1,POWER,2.85
1765579740046,CH1,POWER,2.85
1765579740051,CH1,POWER,2.85
1765579740056,CH1,POWER,2.85
1765579740061,CH1,POWER,2.85
1765579740065,CH1,POWER,2.85
1765579740070,CH1,POWER,2.85
1765579740074,CH1,POWER,2.85
1765579740081,CH1,POWER,2.85
1765579740086,CH1,POWER,2.85
1765579740091,CH1,POWER,2.85
1765579740095,CH1,POWER,2.85
1765579740101,CH1,POWER,2.85
1765579740106,CH1,POWER,2.85
1765579740111,CH1,POWER,2.85
1765579740119,CH1,POWER,2.85
1765579740125,CH1,POWER,2.85
1765579740131,CH1,POWER,2.85
1765579740136,CH1,POWER,2.85
1765579740141,CH1,POWER,2.85
1765579740145,CH1,POWER,2.85
1765579740150,CH1,POWER,2.85
1765579740155,CH1,POWER,2.85
1765579740160,CH1,POWER,2.85
1765579740165,CH1,POWER,2.85
1765579740170,CH1,POWER,2.85
1765579740174,CH1,POWER,2.85
1765579740181,CH1,POWER,2.85
1765579740186,CH1,POWER,2.85
1765579740191,CH1,POWER,2.85
1765579740196,CH1,POWER,2.85
1765579740201,CH1,POWER,2.85
1765579740206,CH1,POWER,2.85
1765579740209,CH1,POWER,2.95
1765579740212,CH1,POWER,2.95
1765579740214,CH1,POWER,2.95
1765579740242,CH1,POWER,2.95
1765579740247,CH1,POWER,2.95
1765579740252,CH1,POWER,2.95
1765579740256,CH1,POWER,2.95
1765579740263,CH1,POWER,2.95
1765579740268,CH1,POWER,2.95
1765579740273,CH1,POWER,2.95
1765579740278,CH1,POWER,2.95
1765579740283,CH1,POWER,2.95
1765579740289,CH1,POWER,2.95
1765579740293,CH1,POWER,2.95
1765579740301,CH1,POWER,2.95
1765579740306,CH1,POWER,2.95
1765579740313,CH1,POWER,2.95
1765579740318,CH1,POWER,2.95
1765579740323,CH1,POWER,2.95
1765579740327,CH1,POWER,2.95
1765579740333,CH1,POWER,2.95
1765579740338,CH1,POWER,2.95
1765579740343,CH1,POWER,2.95
1765579740348,CH1,POWER,2.95
1765579740353,CH1,POWER,2.95
1765579740359,CH1,POWER,2.95
1765579740363,CH1,POWER,2.95
1765579740367,CH1,POWER,2.95
1765579740373,CH1,POWER,2.95
1765579740378,CH1,POWER,2.95
1765579740383,CH1,POWER,2.95
1765579740388,CH1,POWER,2.95
1765579740393,CH1,POWER,2.95
1765579740398,CH1,POWER,2.95
1765579740403,CH1,POWER,2.95
1765579740409,CH1,POWER,2.95
1765579740413,CH1,POWER,2.95
1765579740418,CH1,POWER,2.95
1765579740423,CH1,POWER,2.95
1765579740428,CH1,POWER,2.95
1765579740433,CH1,POWER,2.95
1765579740437,CH1,POWER,2.95
1765579740443,CH1,POWER,2.95
1765579740448,CH1,POWER,2.95
1765579740453,CH1,POWER,2.95
1765579740458,CH1,POWER,2.95
1765579740463,CH1,POWER,2.95
1765579740467,CH1,POWER,2.95
1765579740473,CH1,POWER,2.95
1765579740477,CH1,POWER,2.95
1765579740483,CH1,POWER,2.95
1765579740488,CH1,POWER,2.95
1765579740493,CH1,POWER,2.95
1765579740498,CH1,POWER,2.95
1765579740503,CH1,POWER,2.95
1765579740507,CH1,POWER,2.95
1765579740513,CH1,POWER,2.95
1765579740518,CH1,POWER,2.95
1765579740523,CH1,POWER,2.95
1765579740527,CH1,POWER,2.95
1765579740533,CH1,POWER,2.95
1765579740538,CH1,POWER,2.95
1765579740543,CH1,POWER,2.95
1765579740548,CH1,POWER,2.95
1765579740553,CH1,POWER,2.95
1765579740558,CH1,POWER,2.95
1765579740563,CH1,POWER,2.95
1765579740571,CH1,POWER,2.95
1765579740576,CH1,POWER,2.95
1765579740583,CH1,POWER,2.95
1765579740591,CH1,POWER,2.95
1765579740596,CH1,POWER,2.95
1765579740600,CH1,POWER,2.95
1765579740606,CH1,POWER,2.95
1765579740634,CH1,POWER,3.25
1765579740639,CH1,POWER,3.25
1765579740644,CH1,POWER,3.25
1765579740648,CH1,POWER,3.25
1765579740655,CH1,POWER,3.25
1765579740660,CH1,POWER,3.25
1765579740665,CH1,POWER,3.25
1765579740670,CH1,POWER,3.25
1765579740675,CH1,POWER,3.25
1765579740679,CH1,POWER,3.25
1765579740684,CH1,POWER,3.25
1765579740688,CH1,POWER,3.25
1765579740692,CH1,POWER,3.25
1765579740696,CH1,POWER,3.25
1765579740703,CH1,POWER,3.25
1765579740709,CH1,POWER,3.25
1765579740714,CH1,POWER,3.25
1765579740718,CH1,POWER,3.25
1765579740725,CH1,POWER,3.25
1765579740730,CH1,POWER,3.25
1765579740735,CH1,POWER,3.25
1765579740743,CH1,POWER,3.25
1765579740747,CH1,POWER,3.25
1765579740752,CH1,POWER,3.25
1765579740757,CH1,POWER,3.25
1765579740765,CH1,POWER,3.25
1765579740770,CH1,POWER,3.25
1765579740775,CH1,POWER,3.25
1765579740781,CH1,POWER,3.25
1765579740785,CH1,POWER,3.25
1765579740790,CH1,POWER,3.25
1765579740795,CH1,POWER,3.25
1765579740800,CH1,POWER,3.25
1765579740805,CH1,POWER,3.25
1765579740810,CH1,POWER,3.25
1765579740815,CH1,POWER,3.25
1765579740819,CH1,POWER,3.25
1765579740825,CH1,POWER,3.25
1765579740829,CH1,POWER,3.25
1765579740835,CH1,POWER,3.25
1765579740843,CH1,POWER,3.25
1765579740847,CH1,POWER,3.25
1765579740852,CH1,POWER,3.25
1765579740856,CH1,POWER,3.25
1765579740863,CH1,POWER,3.25
1765579740868,CH1,POWER,3.25
1765579740875,CH1,POWER,3.25
1765579740880,CH1,POWER,3.25
1765579740885,CH1,POWER,3.25
1765579740889,CH1,POWER,3.25
1765579740894,CH1,POWER,3.25
1765579740899,CH1,POWER,3.25
1765579740904,CH1,POWER,3.25
1765579740908,CH1,POWER,3.25
1765579740915,CH1,POWER,3.25
1765579740920,CH1,POWER,3.25
1765579740925,CH1,POWER,3.25
1765579740929,CH1,POWER,3.25
1765579740935,CH1,POWER,3.25
1765579740940,CH1,POWER,3.25
1765579740945,CH1,POWER,3.25
1765579740949,CH1,POWER,3.25
1765579740954,CH1,POWER,3.25
1765579740959,CH1,POWER,3.25
1765579740965,CH1,POWER,3.25
1765579740970,CH1,POWER,3.25
1765579740975,CH1,POWER,3.25
1765579740983,CH1,POWER,3.25
1765579740988,CH1,POWER,3.25
1765579740992,CH1,POWER,3.25
1765579740997,CH1,POWER,3.25
1765579741002,CH1,POWER,3.25
1765579741005,CH1,POWER,3.25
1765579741007,CH1,POWER,3.25
1765579741033,CH1,POWER,3.25
1765579741038,CH1,POWER,3.25
1765579741045,CH1,POWER,3.25
1765579741050,CH1,POWER,3.25
1765579741057,CH1,POWER,3.25
1765579741065,CH1,POWER,3.25
1765579741070,CH1,POWER,3.25
1765579741077,CH1,POWER,3.25
1765579741082,CH1,POWER,3.25
1765579741087,CH1,POWER,3.25
1765579741092,CH1,POWER,3.25
1765579741097,CH1,POWER,3.25
1765579741101,CH1,POWER,3.25
1765579741107,CH1,POWER,3.25
1765579741111,CH1,POWER,3.25
1765579741117,CH1,POWER,3.25
1765579741122,CH1,POWER,3.25
1765579741127,CH1,POWER,3.25
1765579741132,CH1,POWER,3.25
1765579741137,CH1,POWER,3.25
1765579741142,CH1,POWER,3.25
1765579741147,CH1,POWER,3.25
1765579741155,CH1,POWER,3.25
1765579741160,CH1,POWER,3.25
1765579741167,CH1,POWER,3.25
1765579741171,CH1,POWER,3.25
1765579741176,CH1,POWER,3.25
1765579741180,CH1,POWER,3.25
1765579741187,CH1,POWER,3.25
1765579741192,CH1,POWER,3.25
1765579741197,CH1,POWER,3.25
1765579741201,CH1,POWER,3.25
1765579741206,CH1,POWER,3.25
1765579741211,CH1,POWER,3.25
1765579741217,CH1,POWER,3.25
1765579741222,CH1,POWER,3.25
1765579741227,CH1,POWER,3.25
1765579741231,CH1,POWER,3.25
1765579741237,CH1,POWER,3.25
1765579741241,CH1,POWER,3.25
1765579741247,CH1,POWER,3.25
1765579741251,CH1,POWER,3.25
1765579741257,CH1,POWER,3.25
1765579741261,CH1,POWER,3.25
1765579741267,CH1,POWER,3.25
1765579741271,CH1,POWER,3.25
1765579741277,CH1,POWER,3.25
1765579741285,CH1,POWER,3.25
1765579741290,CH1,POWER,3.25
1765579741297,CH1,POWER,3.25
1765579741302,CH1,POWER,3.25
1765579741307,CH1,POWER,3.25
1765579741315,CH1,POWER,3.25
1765579741320,CH1,POWER,3.25
1765579741327,CH1,POWER,3.25
1765579741335,CH1,POWER,3.25
1765579741340,CH1,POWER,3.25
1765579741347,CH1,POWER,3.25
1765579741352,CH1,POWER,3.25
1765579741357,CH1,POWER,3.25
1765579741362,CH1,POWER,3.25
1765579741367,CH1,POWER,3.25
1765579741372,CH1,POWER,3.25
1765579741377,CH1,POWER,3.25
1765579741381,CH1,POWER,3.25
1765579741386,CH1,POWER,3.25
1765579741390,CH1,POWER,3.25
1765579741394,CH1,POWER,3.25
1765579741397,CH1,POWER,3.25
1765579741399,CH1,POWER,3.25
1765579741426,CH1,POWER,3.25
1765579741431,CH1,POWER,3.25
1765579741436,CH1,POWER,3.25
1765579741440,CH1,POWER,3.25
1765579741446,CH1,POWER,3.25
1765579741451,CH1,POWER,3.25
1765579741457,CH1,POWER,3.25
1765579741462,CH1,POWER,3.25
1765579741466,CH1,POWER,3.25
1765579741471,CH1,POWER,3.25
1765579741479,CH1,POWER,3.25
1765579741487,CH1,POWER,3.25
1765579741492,CH1,POWER,3.25
1765579741496,CH1,POWER,3.25
1765579741501,CH1,POWER,3.25
1765579741507,CH1,POWER,3.25
1765579741512,CH1,POWER,3.25
1765579741516,CH1,POWER,3.25
1765579741522,CH1,POWER,3.25
1765579741528,CH1,POWER,3.25
1765579741533,CH1,POWER,3.25
1765579741539,CH1,POWER,3.25
1765579741544,CH1,POWER,3.25
1765579741549,CH1,POWER,3.25
1765579741553,CH1,POWER,3.25
1765579741559,CH1,POWER,3.25
1765579741563,CH1,POWER,3.25
1765579741569,CH1,POWER,3.25
1765579741573,CH1,POWER,3.25
1765579741579,CH1,POWER,3.25
1765579741584,CH1,POWER,3.25
1765579741589,CH1,POWER,3.25
1765579741597,CH1,POWER,3.25
1765579741601,CH1,POWER,3.25
1765579741606,CH1,POWER,3.25
1765579741610,CH1,POWER,3.25
1765579741614,CH1,POWER,3.25
1765579741619,CH1,POWER,3.25
1765579741623,CH1,POWER,3.25
1765579741629,CH1,POWER,3.25
1765579741633,CH1,POWER,3.25
1765579741639,CH1,POWER,3.25
1765579741644,CH1,POWER,3.25
1765579741649,CH1,POWER,3.25
1765579741653,CH1,POWER,3.25
1765579741659,CH1,POWER,3.25
1765579741663,CH1,POWER,3.25
1765579741668,CH1,POWER,3.25
1765579741672,CH1,POWER,3.25
1765579741679,CH1,POWER,3.25
1765579741684,CH1,POWER,3.25
1765579741689,CH1,POWER,3.25
1765579741694,CH1,POWER,3.25
1765579741699,CH1,POWER,3.25
1765579741704,CH1,POWER,3.25
1765579741709,CH1,POWER,3.25
1765579741714,CH1,POWER,3.25
1765579741719,CH1,POWER,3.25
1765579741727,CH1,POWER,3.25
1765579741733,CH1,POWER,3.25
1765579741738,CH1,POWER,3.25
1765579741742,CH1,POWER,3.25
1765579741749,CH1,POWER,3.25
1765579741757,CH1,POWER,3.25
1765579741762,CH1,POWER,3.25
1765579741768,CH1,POWER,3.25
1765579741773,CH1,POWER,3.25
1765579741779,CH1,POWER,3.25
1765579741784,CH1,POWER,3.25
1765579741789,CH1,POWER,3.25
1765579741792,CH1,POWER,3.25
1765579741820,CH1,POWER,3.25
1765579741825,CH1,POWER,3.25
1765579741830,CH1,POWER,3.25
1765579741836,CH1,POWER,3.25
1765579741841,CH1,POWER,3.25
1765579741846,CH1,POWER,3.25
1765579741851,CH1,POWER,3.25
1765579741856,CH1,POWER,3.25
1765579741861,CH1,POWER,3.25
1765579741869,CH1,POWER,3.25
1765579741874,CH1,POWER,3.25
1765579741881,CH1,POWER,3.25
1765579741889,CH1,POWER,3.25
1765579741894,CH1,POWER,3.25
1765579741900,CH1,POWER,3.25
1765579741905,CH1,POWER,3.25
1765579741911,CH1,POWER,3.25
1765579741916,CH1,POWER,3.25
1765579741921,CH1,POWER,3.25
1765579741929,CH1,POWER,3.25
1765579741933,CH1,POWER,3.25
1765579741938,CH1,POWER,3.25
1765579741943,CH1,POWER,3.25
1765579741948,CH1,POWER,3.25
1765579741952,CH1,POWER,3.25
1765579741958,CH1,POWER,3.25
1765579741962,CH1,POWER,3.25
1765579741969,CH1,POWER,3.25
1765579741975,CH1,POWER,3.25
1765579741980,CH1,POWER,3.25
1765579741985,CH1,POWER,3.25
1765579741990,CH1,POWER,3.25
1765579741994,CH1,POWER,3.25
1765579742000,CH1,POWER,3.25
1765579742005,CH1,POWER,3.25
1765579742011,CH1,POWER,3.25
1765579742019,CH1,POWER,3.25
1765579742024,CH1,POWER,3.25
1765579742031,CH1,POWER,3.25
1765579742039,CH1,POWER,3.25
1765579742044,CH1,POWER,3.25
1765579742051,CH1,POWER,3.25
1765579742056,CH1,POWER,3.25
1765579742061,CH1,POWER,3.25
1765579742066,CH1,POWER,3.25
1765579742071,CH1,POWER,3.25
1765579742079,CH1,POWER,3.25
1765579742084,CH1,POWER,3.25
1765579742090,CH1,POWER,3.25
1765579742095,CH1,POWER,3.25
1765579742100,CH1,POWER,3.25
1765579742105,CH1,POWER,3.25
1765579742110,CH1,POWER,3.25
1765579742115,CH1,POWER,3.25
1765579742121,CH1,POWER,3.25
1765579742129,CH1,POWER,3.25
1765579742134,CH1,POWER,3.25
1765579742141,CH1,POWER,3.25
1765579742146,CH1,POWER,3.25
1765579742151,CH1,POWER,3.25
1765579742156,CH1,POWER,3.25
1765579742161,CH1,POWER,3.25
1765579742165,CH1,POWER,3.25
1765579742171,CH1,POWER,3.25
1765579742173,CH1,POWER,3.65
1765579742200,CH1,POWER,3.65
1765579742205,CH1,POWER,3.65
1765579742210,CH1,POWER,3.65
1765579742215,CH1,POWER,3.65
1765579742220,CH1,POWER,3.65
1765579742225,CH1,POWER,3.65
1765579742233,CH1,POWER,3.65
1765579742238,CH1,POWER,3.65
1765579742243,CH1,POWER,3.65
1765579742248,CH1,POWER,3.65
1765579742253,CH1,POWER,3.65
1765579742261,CH1,POWER,3.65
1765579742266,CH1,POWER,3.65
1765579742273,CH1,POWER,3.65
1765579742278,CH1,POWER,3.65
1765579742283,CH1,POWER,3.65
1765579742288,CH1,POWER,3.65
1765579742293,CH1,POWER,3.65
1765579742298,CH1,POWER,3.65
1765579742303,CH1,POWER,3.65
1765579742311,CH1,POWER,3.65
1765579742317,CH1,POWER,3.65
1765579742322,CH1,POWER,3.65
1765579742327,CH1,POWER,3.65
1765579742333,CH1,POWER,3.65
1765579742341,CH1,POWER,3.65
1765579742347,CH1,POWER,3.65
1765579742352,CH1,POWER,3.65
1765579742357,CH1,POWER,3.65
1765579742362,CH1,POWER,3.65
1765579742368,CH1,POWER,3.65
1765579742373,CH1,POWER,3.65
1765579742377,CH1,POWER,3.65
1765579742383,CH1,POWER,3.65
1765579742391,CH1,POWER,3.65
1765579742395,CH1,POWER,3.65
1765579742400,CH1,POWER,3.65
1765579742406,CH1,POWER,3.65
1765579742413,CH1,POWER,3.65
1765579742418,CH1,POWER,3.65
1765579742423,CH1,POWER,3.65
1765579742431,CH1,POWER,3.65
1765579742437,CH1,POWER,3.65
1765579742442,CH1,POWER,3.65
1765579742448,CH1,POWER,3.65
1765579742453,CH1,POWER,3.65
1765579742458,CH1,POWER,3.65
1765579742463,CH1,POWER,3.65
1765579742468,CH1,POWER,3.65
1765579742473,CH1,POWER,3.65
1765579742477,CH1,POWER,3.65
1765579742481,CH1,POWER,3.65
1765579742486,CH1,POWER,3.65
1765579742490,CH1,POWER,3.65
1765579742496,CH1,POWER,3.65
1765579742503,CH1,POWER,3.65
1765579742508,CH1,POWER,3.65
1765579742513,CH1,POWER,3.65
1765579742517,CH1,POWER,3.65
1765579742522,CH1,POWER,3.65
1765579742526,CH1,POWER,3.65
1765579742530,CH1,POWER,3.65
1765579742536,CH1,POWER,3.65
1765579742540,CH1,POWER,3.65
1765579742546,CH1,POWER,3.65
1765579742552,CH1,POWER,3.65
1765579742554,CH1,POWER,3.65
1765579742557,CH1,POWER,3.65
1765579742584,CH1,POWER,3.65
1765579742589,CH1,POWER,3.65
1765579742594,CH1,POWER,3.65
1765579742598,CH1,POWER,3.65
1765579742605,CH1,POWER,3.65
1765579742610,CH1,POWER,3.65
1765579742615,CH1,POWER,3.65
1765579742620,CH1,POWER,3.65
1765579742624,CH1,POWER,3.65
1765579742629,CH1,POWER,3.65
1765579742634,CH1,POWER,3.65
1765579742638,CH1,POWER,3.65
1765579742645,CH1,POWER,3.65
1765579742649,CH1,POWER,3.65
1765579742654,CH1,POWER,3.65
1765579742659,CH1,POWER,3.65
1765579742665,CH1,POWER,3.65
1765579742669,CH1,POWER,3.65
1765579742674,CH1,POWER,3.65
1765579742679,CH1,POWER,3.65
1765579742684,CH1,POWER,3.65
1765579742688,CH1,POWER,3.65
1765579742695,CH1,POWER,3.65
1765579742699,CH1,POWER,3.65
1765579742704,CH1,POWER,3.65
1765579742710,CH1,POWER,3.65
1765579742715,CH1,POWER,3.65
1765579742720,CH1,POWER,3.65
1765579742725,CH1,POWER,3.65
1765579742730,CH1,POWER,3.65
1765579742735,CH1,POWER,3.65
1765579742739,CH1,POWER,3.65
1765579742744,CH1,POWER,3.65
1765579742749,CH1,POWER,3.65
1765579742754,CH1,POWER,3.65
1765579742759,CH1,POWER,3.65
1765579742764,CH1,POWER,3.65
1765579742769,CH1,POWER,3.65
1765579742775,CH1,POWER,3.65
1765579742779,CH1,POWER,3.65
1765579742784,CH1,POWER,3.65
1765579742789,CH1,POWER,3.65
1765579742795,CH1,POWER,3.65
1765579742800,CH1,POWER,3.65
1765579742805,CH1,POWER,3.65
1765579742809,CH1,POWER,3.65
1765579742814,CH1,POWER,3.65
1765579742819,CH1,POWER,3.65
1765579742825,CH1,POWER,3.65
1765579742829,CH1,POWER,3.65
1765579742834,CH1,POWER,3.65
1765579742839,CH1,POWER,3.65
1765579742845,CH1,POWER,3.65
1765579742849,CH1,POWER,3.65
1765579742855,CH1,POWER,3.65
1765579742859,CH1,POWER,3.65
1765579742864,CH1,POWER,3.65
1765579742869,CH1,POWER,3.65
1765579742875,CH1,POWER,3.65
1765579742880,CH1,POWER,3.65
1765579742885,CH1,POWER,3.65
1765579742889,CH1,POWER,3.65
1765579742894,CH1,POWER,3.65
1765579742898,CH1,POWER,3.65
1765579742902,CH1,POWER,3.65
1765579742906,CH1,POWER,3.65
1765579742912,CH1,POWER,3.65
1765579742917,CH1,POWER,3.65
1765579742923,CH1,POWER,3.65
1765579742929,CH1,POWER,3.65
1765579742934,CH1,POWER,3.65
1765579742940,CH1,POWER,3.65
1765579742944,CH1,POWER,3.25
1765579742946,CH1,POWER,3.25
1765579742949,CH1,POWER,3.25
1765579742977,CH1,POWER,3.25
1765579742982,CH1,POWER,3.25
1765579742987,CH1,POWER,3.25
1765579742991,CH1,POWER,3.25
1765579742997,CH1,POWER,3.25
1765579743002,CH1,POWER,3.25
1765579743007,CH1,POWER,3.25
1765579743012,CH1,POWER,3.25
1765579743017,CH1,POWER,3.25
1765579743022,CH1,POWER,3.25
1765579743027,CH1,POWER,3.25
1765579743032,CH1,POWER,3.25
1765579743037,CH1,POWER,3.25
1765579743041,CH1,POWER,3.25
1765579743046,CH1,POWER,3.25
1765579743051,CH1,POWER,3.25
1765579743057,CH1,POWER,3.25
1765579743062,CH1,POWER,3.25
1765579743067,CH1,POWER,3.25
1765579743072,CH1,POWER,3.25
1765579743077,CH1,POWER,3.25
1765579743082,CH1,POWER,3.25
1765579743087,CH1,POWER,3.25
1765579743092,CH1,POWER,3.25
1765579743097,CH1,POWER,3.25
1765579743105,CH1,POWER,3.25
1765579743111,CH1,POWER,3.25
1765579743116,CH1,POWER,3.25
1765579743122,CH1,POWER,3.25
1765579743127,CH1,POWER,3.25
1765579743131,CH1,POWER,3.25
1765579743136,CH1,POWER,3.25
1765579743140,CH1,POWER,3.25
1765579743146,CH1,POWER,3.25
1765579743150,CH1,POWER,3.25
1765579743155,CH1,POWER,3.25
1765579743160,CH1,POWER,3.25
1765579743166,CH1,POWER,3.25
1765579743170,CH1,POWER,3.25
1765579743177,CH1,POWER,3.25
1765579743181,CH1,POWER,3.25
1765579743186,CH1,POWER,3.25
1765579743190,CH1,POWER,3.25
1765579743195,CH1,POWER,3.25
1765579743200,CH1,POWER,3.25
1765579743206,CH1,POWER,3.25
1765579743211,CH1,POWER,3.25
1765579743217,CH1,POWER,3.25
1765579743222,CH1,POWER,3.25
1765579743227,CH1,POWER,3.25
1765579743235,CH1,POWER,3.25
1765579743240,CH1,POWER,3.25
1765579743247,CH1,POWER,3.25
1765579743255,CH1,POWER,3.25
1765579743260,CH1,POWER,3.25
1765579743267,CH1,POWER,3.25
1765579743272,CH1,POWER,3.25
1765579743277,CH1,POWER,3.25
1765579743282,CH1,POWER,3.25
1765579743287,CH1,POWER,3.25
1765579743295,CH1,POWER,3.25
1765579743300,CH1,POWER,3.25
1765579743307,CH1,POWER,3.25
1765579743312,CH1,POWER,3.25
1765579743317,CH1,POWER,3.25
1765579743322,CH1,POWER,3.25
1765579743327,CH1,POWER,3.25
1765579743332,CH1,POWER,3.25
1765579743336,CH1,POWER,3.25
1765579743341,CH1,POWER,3.25
1765579743347,CH1,POWER,3.25
1765579743349,CH1,POWER,3.25
1765579743376,CH1,POWER,3.25
1765579743381,CH1,POWER,3.25
1765579743386,CH1,POWER,3.25
1765579743390,CH1,POWER,3.25
1765579743397,CH1,POWER,3.25
1765579743401,CH1,POWER,3.25
1765579743406,CH1,POWER,3.25
1765579743411,CH1,POWER,3.25
1765579743416,CH1,POWER,3.25
1765579743421,CH1,POWER,3.25
1765579743427,CH1,POWER,3.25
1765579743432,CH1,POWER,3.25
1765579743436,CH1,POWER,3.25
1765579743441,CH1,POWER,3.25
1765579743446,CH1,POWER,3.25
1765579743451,CH1,POWER,3.25
1765579743457,CH1,POWER,3.25
1765579743462,CH1,POWER,3.25
1765579743466,CH1,POWER,3.25
1765579743472,CH1,POWER,3.25
1765579743479,CH1,POWER,3.25
1765579743483,CH1,POWER,3.25
1765579743488,CH1,POWER,3.25
1765579743493,CH1,POWER,3.25
1765579743498,CH1,POWER,3.25
1765579743502,CH1,POWER,3.25
1765579743509,CH1,POWER,3.25
1765579743514,CH1,POWER,3.25
1765579743519,CH1,POWER,3.25
1765579743523,CH1,POWER,3.25
1765579743528,CH1,POWER,3.25
1765579743533,CH1,POWER,3.25
1765579743539,CH1,POWER,3.25
1765579743544,CH1,POWER,3.25
1765579743549,CH1,POWER,3.25
1765579743557,CH1,POWER,3.25
1765579743562,CH1,POWER,3.25
1765579743569,CH1,POWER,3.25
1765579743574,CH1,POWER,3.25
1765579743579,CH1,POWER,3.25
1765579743584,CH1,POWER,3.25
1765579743589,CH1,POWER,3.25
1765579743594,CH1,POWER,3.25
1765579743598,CH1,POWER,3.25
1765579743603,CH1,POWER,3.25
1765579743608,CH1,POWER,3.25
1765579743613,CH1,POWER,3.25
1765579743619,CH1,POWER,3.25
1765579743624,CH1,POWER,3.25
1765579743628,CH1,POWER,3.25
1765579743633,CH1,POWER,3.25
1765579743638,CH1,POWER,3.25
1765579743644,CH1,POWER,3.25
1765579743649,CH1,POWER,3.25
1765579743657,CH1,POWER,3.25
1765579743662,CH1,POWER,3.25
1765579743669,CH1,POWER,3.25
1765579743674,CH1,POWER,3.25
1765579743679,CH1,POWER,3.25
1765579743684,CH1,POWER,3.25
1765579743689,CH1,POWER,3.25
1765579743694,CH1,POWER,3.25
1765579743698,CH1,POWER,3.25
1765579743703,CH1,POWER,3.25
1765579743708,CH1,POWER,3.25
1765579743713,CH1,POWER,3.25
1765579743718,CH1,POWER,3.25
1765579743722,CH1,POWER,3.25
1765579743729,CH1,POWER,3.25
1765579743734,CH1,POWER,3.25
1765579743738,CH1,POWER,3.40
1765579743740,CH1,POWER,3.40
1765579743742,CH1,POWER,3.40
1765579743770,CH1,POWER,3.40
1765579743775,CH1,POWER,3.40
1765579743779,CH1,POWER,3.40
1765579743784,CH1,POWER,3.40
1765579743790,CH1,POWER,3.40
1765579743795,CH1,POWER,3.40
1765579743800,CH1,POWER,3.40
1765579743804,CH1,POWER,3.40
1765579743811,CH1,POWER,3.40
1765579743819,CH1,POWER,3.40
1765579743824,CH1,POWER,3.40
1765579743830,CH1,POWER,3.40
1765579743835,CH1,POWER,3.40
1765579743841,CH1,POWER,3.40
1765579743846,CH1,POWER,3.40
1765579743851,CH1,POWER,3.40
1765579743859,CH1,POWER,3.40
1765579743864,CH1,POWER,3.40
1765579743871,CH1,POWER,3.40
1765579743876,CH1,POWER,3.40
1765579743881,CH1,POWER,3.40
1765579743889,CH1,POWER,3.40
1765579743894,CH1,POWER,3.40
1765579743901,CH1,POWER,3.40
1765579743905,CH1,POWER,3.40
1765579743909,CH1,POWER,3.40
1765579743913,CH1,POWER,3.40
1765579743917,CH1,POWER,3.40
1765579743922,CH1,POWER,3.40
1765579743926,CH1,POWER,3.40
1765579743930,CH1,POWER,3.40
1765579743935,CH1,POWER,3.40
1765579743940,CH1,POWER,3.40
1765579743945,CH1,POWER,3.40
1765579743950,CH1,POWER,3.40
1765579743955,CH1,POWER,3.40
1765579743960,CH1,POWER,3.40
1765579743965,CH1,POWER,3.40
1765579743969,CH1,POWER,3.40
1765579743974,CH1,POWER,3.40
1765579743980,CH1,POWER,3.40
1765579743984,CH1,POWER,3.40
1765579743991,CH1,POWER,3.40
1765579743996,CH1,POWER,3.40
1765579744000,CH1,POWER,3.40
1765579744005,CH1,POWER,3.40
1765579744010,CH1,POWER,3.40
1765579744014,CH1,POWER,3.40
1765579744021,CH1,POWER,3.40
1765579744026,CH1,POWER,3.40
1765579744031,CH1,POWER,3.40
1765579744038,CH1,POWER,3.40
1765579744043,CH1,POWER,3.40
1765579744048,CH1,POWER,3.40
1765579744052,CH1,POWER,3.40
1765579744058,CH1,POWER,3.40
1765579744063,CH1,POWER,3.40
1765579744067,CH1,POWER,3.40
1765579744072,CH1,POWER,3.40
1765579744078,CH1,POWER,3.40
1765579744083,CH1,POWER,3.40
1765579744087,CH1,POWER,3.40
1765579744092,CH1,POWER,3.40
1765579744098,CH1,POWER,3.40
1765579744103,CH1,POWER,3.40
1765579744108,CH1,POWER,3.40
1765579744113,CH1,POWER,3.40
1765579744118,CH1,POWER,3.40
1765579744124,CH1,POWER,3.40
1765579744129,CH1,POWER,3.40
1765579744131,CH1,POWER,3.40
1765579744134,CH1,POWER,3.40
1765579744160,CH1,POWER,3.40
1765579744165,CH1,POWER,3.40
1765579744170,CH1,POWER,3.40
1765579744176,CH1,POWER,3.40
1765579744183,CH1,POWER,3.40
1765579744188,CH1,POWER,3.40
1765579744193,CH1,POWER,3.40
1765579744201,CH1,POWER,3.40
1765579744206,CH1,POWER,3.40
1765579744213,CH1,POWER,3.40
1765579744218,CH1,POWER,3.40
1765579744222,CH1,POWER,3.40
1765579744226,CH1,POWER,3.40
1765579744232,CH1,POWER,3.40
1765579744236,CH1,POWER,3.40
1765579744242,CH1,POWER,3.40
1765579744247,CH1,POWER,3.40
1765579744253,CH1,POWER,3.40
1765579744258,CH1,POWER,3.40
1765579744262,CH1,POWER,3.40
1765579744267,CH1,POWER,3.40
1765579744273,CH1,POWER,3.40
1765579744278,CH1,POWER,3.40
1765579744282,CH1,POWER,3.40
1765579744287,CH1,POWER,3.40
1765579744292,CH1,POWER,3.40
1765579744297,CH1,POWER,3.40
1765579744301,CH1,POWER,3.40
1765579744306,CH1,POWER,3.40
1765579744313,CH1,POWER,3.40
1765579744318,CH1,POWER,3.40
1765579744322,CH1,POWER,3.40
1765579744327,CH1,POWER,3.40
1765579744332,CH1,POWER,3.40
1765579744338,CH1,POWER,3.40
1765579744343,CH1,POWER,3.40
1765579744348,CH1,POWER,3.40
1765579744353,CH1,POWER,3.40
1765579744358,CH1,POWER,3.40
1765579744363,CH1,POWER,3.40
1765579744368,CH1,POWER,3.40
1765579744372,CH1,POWER,3.40
1765579744377,CH1,POWER,3.40
1765579744382,CH1,POWER,3.40
1765579744388,CH1,POWER,3.40
1765579744393,CH1,POWER,3.40
1765579744398,CH1,POWER,3.40
1765579744403,CH1,POWER,3.40
1765579744408,CH1,POWER,3.40
1765579744412,CH1,POWER,3.40
1765579744417,CH1,POWER,3.40
1765579744422,CH1,POWER,3.40
1765579744428,CH1,POWER,3.40
1765579744433,CH1,POWER,3.40
1765579744438,CH1,POWER,3.40
1765579744443,CH1,POWER,3.40
1765579744448,CH1,POWER,3.40
1765579744452,CH1,POWER,3.40
1765579744457,CH1,POWER,3.40
1765579744462,CH1,POWER,3.40
1765579744468,CH1,POWER,3.40
1765579744473,CH1,POWER,3.40
1765579744478,CH1,POWER,3.40
1765579744482,CH1,POWER,3.40
1765579744486,CH1,POWER,3.40
1765579744492,CH1,POWER,3.40
1765579744497,CH1,POWER,3.40
1765579744503,CH1,POWER,3.40
1765579744508,CH1,POWER,3.40
1765579744513,CH1,POWER,3.40
1765579744518,CH1,POWER,3.40
1765579744523,CH1,POWER,3.40
1765579744526,CH1,POWER,3.25
1765579744554,CH1,POWER,3.25
1765579744559,CH1,POWER,3.25
1765579744563,CH1,POWER,3.25
1765579744568,CH1,POWER,3.25
1765579744575,CH1,POWER,3.25
1765579744583,CH1,POWER,3.25
1765579744588,CH1,POWER,3.25
1765579744594,CH1,POWER,3.25
1765579744600,CH1,POWER,3.25
1765579744605,CH1,POWER,3.25
1765579744613,CH1,POWER,3.25
1765579744618,CH1,POWER,3.25
1765579744624,CH1,POWER,3.25
1765579744629,CH1,POWER,3.25
1765579744634,CH1,POWER,3.25
1765579744638,CH1,POWER,3.25
1765579744645,CH1,POWER,3.25
1765579744653,CH1,POWER,3.25
1765579744658,CH1,POWER,3.25
1765579744665,CH1,POWER,3.25
1765579744670,CH1,POWER,3.25
1765579744675,CH1,POWER,3.25
1765579744680,CH1,POWER,3.25
1765579744685,CH1,POWER,3.25
1765579744690,CH1,POWER,3.25
1765579744694,CH1,POWER,3.25
1765579744699,CH1,POWER,3.25
1765579744704,CH1,POWER,3.25
1765579744708,CH1,POWER,3.25
1765579744714,CH1,POWER,3.25
1765579744720,CH1,POWER,3.25
1765579744724,CH1,POWER,3.25
1765579744728,CH1,POWER,3.25
1765579744734,CH1,POWER,3.25
1765579744738,CH1,POWER,3.25
1765579744744,CH1,POWER,3.25
1765579744749,CH1,POWER,3.25
1765579744753,CH1,POWER,3.25
1765579744758,CH1,POWER,3.25
1765579744763,CH1,POWER,3.25
1765579744767,CH1,POWER,3.25
1765579744771,CH1,POWER,3.25
1765579744775,CH1,POWER,3.25
1765579744783,CH1,POWER,3.25
1765579744788,CH1,POWER,3.25
1765579744794,CH1,POWER,3.25
1765579744799,CH1,POWER,3.25
1765579744804,CH1,POWER,3.25
1765579744809,CH1,POWER,3.25
1765579744814,CH1,POWER,3.25
1765579744818,CH1,POWER,3.25
1765579744824,CH1,POWER,3.25
1765579744830,CH1,POWER,3.25
1765579744834,CH1,POWER,3.25
1765579744839,CH1,POWER,3.25
1765579744845,CH1,POWER,3.25
1765579744853,CH1,POWER,3.25
1765579744858,CH1,POWER,3.25
1765579744865,CH1,POWER,3.25
1765579744872,CH1,POWER,3.25
1765579744876,CH1,POWER,3.25
1765579744883,CH1,POWER,3.25
1765579744888,CH1,POWER,3.25
1765579744894,CH1,POWER,3.25
1765579744899,CH1,POWER,3.25
1765579744904,CH1,POWER,3.25
1765579744908,CH1,POWER,3.25
1765579744913,CH1,POWER,3.25
1765579744916,CH1,POWER,3.25
1765579744918,CH1,POWER,3.25
1765579744947,CH1,POWER,3.25
1765579744952,CH1,POWER,3.25
1765579744956,CH1,POWER,3.25
1765579744961,CH1,POWER,3.25
1765579744966,CH1,POWER,3.25
1765579744970,CH1,POWER,3.25
1765579744975,CH1,POWER,3.25
1765579744980,CH1,POWER,3.25
1765579744987,CH1,POWER,3.25
1765579744992,CH1,POWER,3.25
1765579744996,CH1,POWER,3.25
1765579745002,CH1,POWER,3.25
1765579745007,CH1,POWER,3.25
1765579745012,CH1,POWER,3.25
1765579745016,CH1,POWER,3.25
1765579745021,CH1,POWER,3.25
1765579745026,CH1,POWER,3.25
1765579745030,CH1,POWER,3.25
1765579745037,CH1,POWER,3.25
1765579745042,CH1,POWER,3.25
1765579745047,CH1,POWER,3.25
1765579745052,CH1,POWER,3.25
1765579745056,CH1,POWER,3.25
1765579745061,CH1,POWER,3.25
1765579745065,CH1,POWER,3.25
1765579745072,CH1,POWER,3.25
1765579745076,CH1,POWER,3.25
1765579745082,CH1,POWER,3.25
1765579745087,CH1,POWER,3.25
1765579745092,CH1,POWER,3.25
1765579745097,CH1,POWER,3.25
1765579745102,CH1,POWER,3.25
1765579745106,CH1,POWER,3.25
1765579745111,CH1,POWER,3.25
1765579745116,CH1,POWER,3.25
1765579745120,CH1,POWER,3.25
1765579745126,CH1,POWER,3.25
1765579745131,CH1,POWER,3.25
1765579745136,CH1,POWER,3.25
1765579745140,CH1,POWER,3.25
1765579745146,CH1,POWER,3.25
1765579745152,CH1,POWER,3.25
1765579745157,CH1,POWER,3.25
1765579745162,CH1,POWER,3.25
1765579745166,CH1,POWER,3.25
1765579745170,CH1,POWER,3.25
1765579745176,CH1,POWER,3.25
1765579745181,CH1,POWER,3.25
1765579745186,CH1,POWER,3.25
1765579745191,CH1,POWER,3.25
1765579745196,CH1,POWER,3.25
1765579745200,CH1,POWER,3.25
1765579745207,CH1,POWER,3.25
1765579745212,CH1,POWER,3.25
1765579745216,CH1,POWER,3.25
1765579745220,CH1,POWER,3.25
1765579745226,CH1,POWER,3.25
1765579745230,CH1,POWER,3.25
1765579745237,CH1,POWER,3.25
1765579745242,CH1,POWER,3.25
1765579745246,CH1,POWER,3.25
1765579745251,CH1,POWER,3.25
1765579745256,CH1,POWER,3.25
1765579745260,CH1,POWER,3.25
1765579745266,CH1,POWER,3.25
1765579745271,CH1,POWER,3.25
1765579745276,CH1,POWER,3.25
1765579745282,CH1,POWER,3.25
1765579745286,CH1,POWER,3.25
1765579745290,CH1,POWER,3.25
1765579745297,CH1,POWER,3.25
1765579745302,CH1,POWER,3.25
1765579745306,CH1,POWER,3.25
1765579745308,CH1,POWER,3.25
1765579745311,CH1,POWER,3.25
1765579745339,CH1,POWER,3.25
1765579745344,CH1,POWER,3.25
1765579745349,CH1,POWER,3.25
1765579745354,CH1,POWER,3.25
1765579745358,CH1,POWER,3.25
1765579745363,CH1,POWER,3.25
1765579745367,CH1,POWER,3.25
1765579745372,CH1,POWER,3.25
1765579745379,CH1,POWER,3.25
1765579745384,CH1,POWER,3.25
1765579745388,CH1,POWER,3.25
1765579745393,CH1,POWER,3.25
1765579745399,CH1,POWER,3.25
1765579745404,CH1,POWER,3.25
1765579745409,CH1,POWER,3.25
1765579745414,CH1,POWER,3.25
1765579745418,CH1,POWER,3.25
1765579745423,CH1,POWER,3.25
1765579745428,CH1,POWER,3.25
1765579745433,CH1,POWER,3.25
1765579745438,CH1,POWER,3.25
1765579745442,CH1,POWER,3.25
1765579745449,CH1,POWER,3.25
1765579745454,CH1,POWER,3.25
1765579745458,CH1,POWER,3.25
1765579745462,CH1,POWER,3.25
1765579745468,CH1,POWER,3.25
1765579745472,CH1,POWER,3.25
1765579745479,CH1,POWER,3.25
1765579745484,CH1,POWER,3.25
1765579745488,CH1,POWER,3.25
1765579745493,CH1,POWER,3.25
1765579745499,CH1,POWER,3.25
1765579745504,CH1,POWER,3.25
1765579745509,CH1,POWER,3.25
1765579745514,CH1,POWER,3.25
1765579745518,CH1,POWER,3.25
1765579745527,CH1,POWER,3.25
1765579745532,CH1,POWER,3.25
1765579745539,CH1,POWER,3.25
1765579745544,CH1,POWER,3.25
1765579745549,CH1,POWER,3.25
1765579745554,CH1,POWER,3.25
1765579745558,CH1,POWER,3.25
1765579745567,CH1,POWER,3.25
1765579745572,CH1,POWER,3.25
1765579745579,CH1,POWER,3.25
1765579745584,CH1,POWER,3.25
1765579745589,CH1,POWER,3.25
1765579745594,CH1,POWER,3.25
1765579745598,CH1,POWER,3.25
1765579745607,CH1,POWER,3.25
1765579745612,CH1,POWER,3.25
1765579745619,CH1,POWER,3.25
1765579745624,CH1,POWER,3.25
1765579745629,CH1,POWER,3.25
1765579745634,CH1,POWER,3.25
1765579745638,CH1,POWER,3.25
1765579745642,CH1,POWER,3.25
1765579745648,CH1,POWER,3.25
1765579745652,CH1,POWER,3.25
1765579745659,CH1,POWER,3.25
1765579745664,CH1,POWER,3.25
1765579745669,CH1,POWER,3.25
1765579745674,CH1,POWER,3.25
1765579745678,CH1,POWER,3.25
1765579745686,CH1,POWER,3.25
1765579745690,CH1,POWER,3.25
1765579745695,CH1,POWER,3.25
1765579745698,CH1,POWER,3.25
1765579745700,CH1,POWER,3.25
1765579745703,CH1,POWER,3.25
1765579745731,CH1,POWER,3.25
1765579745736,CH1,POWER,3.25
1765579745740,CH1,POWER,3.25
1765579745745,CH1,POWER,3.25
1765579745750,CH1,POWER,3.25
1765579745754,CH1,POWER,3.25
1765579745761,CH1,POWER,3.25
1765579745766,CH1,POWER,3.25
1765579745770,CH1,POWER,3.25
1765579745774,CH1,POWER,3.25
1765579745781,CH1,POWER,3.25
1765579745786,CH1,POWER,3.25
1765579745791,CH1,POWER,3.25
1765579745796,CH1,POWER,3.25
1765579745800,CH1,POWER,3.25
1765579745809,CH1,POWER,3.25
1765579745813,CH1,POWER,3.25
1765579745820,CH1,POWER,3.25
1765579745824,CH1,POWER,3.25
1765579745830,CH1,POWER,3.25
1765579745834,CH1,POWER,3.25
1765579745841,CH1,POWER,3.25
1765579745846,CH1,POWER,3.25
1765579745851,CH1,POWER,3.25
1765579745856,CH1,POWER,3.25
1765579745860,CH1,POWER,3.25
1765579745869,CH1,POWER,3.25
1765579745874,CH1,POWER,3.25
1765579745881,CH1,POWER,3.25
1765579745886,CH1,POWER,3.25
1765579745891,CH1,POWER,3.25
1765579745896,CH1,POWER,3.25
1765579745900,CH1,POWER,3.25
1765579745909,CH1,POWER,3.25
1765579745913,CH1,POWER,3.25
1765579745920,CH1,POWER,3.25
1765579745924,CH1,POWER,3.25
1765579745930,CH1,POWER,3.25
1765579745934,CH1,POWER,3.25
1765579745940,CH1,POWER,3.25
1765579745946,CH1,POWER,3.25
1765579745950,CH1,POWER,3.25
1765579745954,CH1,POWER,3.25
1765579745961,CH1,POWER,3.25
1765579745966,CH1,POWER,3.25
1765579745971,CH1,POWER,3.25
1765579745976,CH1,POWER,3.25
1765579745980,CH1,POWER,3.25
1765579745985,CH1,POWER,3.25
1765579745990,CH1,POWER,3.25
1765579745995,CH1,POWER,3.25
1765579745999,CH1,POWER,3.25
1765579746004,CH1,POWER,3.25
1765579746010,CH1,POWER,3.25
1765579746014,CH1,POWER,3.25
1765579746020,CH1,POWER,3.25
1765579746024,CH1,POWER,3.25
1765579746030,CH1,POWER,3.25
1765579746034,CH1,POWER,3.25
1765579746040,CH1,POWER,3.25
1765579746049,CH1,POWER,3.25
1765579746054,CH1,POWER,3.25
1765579746060,CH1,POWER,3.25
1765579746064,CH1,POWER,3.25
1765579746069,CH1,POWER,3.25
1765579746074,CH1,POWER,3.25
1765579746080,CH1,POWER,3.25
1765579746084,CH1,POWER,3.25
1765579746090,CH1,POWER,3.25
1765579746094,CH1,POWER,3.25
1765579746122,CH1,POWER,3.25
1765579746127,CH1,POWER,3.25
1765579746131,CH1,POWER,3.25
1765579746135,CH1,POWER,3.25
1765579746140,CH1,POWER,3.25
1765579746144,CH1,POWER,3.25
1765579746153,CH1,POWER,3.25
1765579746158,CH1,POWER,3.25
1765579746162,CH1,POWER,3.25
1765579746168,CH1,POWER,3.25
1765579746172,CH1,POWER,3.25
1765579746176,CH1,POWER,3.25
1765579746183,CH1,POWER,3.25
1765579746188,CH1,POWER,3.25
1765579746192,CH1,POWER,3.25
1765579746196,CH1,POWER,3.25
1765579746203,CH1,POWER,3.25
1765579746208,CH1,POWER,3.25
1765579746212,CH1,POWER,3.25
1765579746216,CH1,POWER,3.25
1765579746221,CH1,POWER,3.25
1765579746228,CH1,POWER,3.25
1765579746232,CH1,POWER,3.25
1765579746241,CH1,POWER,3.25
1765579746245,CH1,POWER,3.25
1765579746252,CH1,POWER,3.25
1765579746256,CH1,POWER,3.25
1765579746263,CH1,POWER,3.25
1765579746268,CH1,POWER,3.25
1765579746273,CH1,POWER,3.25
1765579746278,CH1,POWER,3.25
1765579746282,CH1,POWER,3.25
1765579746286,CH1,POWER,3.25
1765579746292,CH1,POWER,3.25
1765579746300,CH1,POWER,3.25
1765579746306,CH1,POWER,3.25
1765579746312,CH1,POWER,3.25
1765579746317,CH1,POWER,3.25
1765579746321,CH1,POWER,3.25
1765579746325,CH1,POWER,3.25
1765579746332,CH1,POWER,3.25
1765579746336,CH1,POWER,3.25
1765579746342,CH1,POWER,3.25
1765579746348,CH1,POWER,3.25
1765579746352,CH1,POWER,3.25
1765579746357,CH1,POWER,3.25
1765579746361,CH1,POWER,3.25
1765579746365,CH1,POWER,3.25
1765579746373,CH1,POWER,3.25
1765579746378,CH1,POWER,3.25
1765579746382,CH1,POWER,3.25
1765579746387,CH1,POWER,3.25
1765579746391,CH1,POWER,3.25
1765579746396,CH1,POWER,3.25
1765579746402,CH1,POWER,3.25
1765579746408,CH1,POWER,3.25
1765579746412,CH1,POWER,3.25
1765579746416,CH1,POWER,3.25
1765579746422,CH1,POWER,3.25
1765579746428,CH1,POWER,3.25
1765579746432,CH1,POWER,3.25
1765579746437,CH1,POWER,3.25
1765579746441,CH1,POWER,3.25
1765579746448,CH1,POWER,3.25
1765579746452,CH1,POWER,3.25
1765579746457,CH1,POWER,3.25
1765579746461,CH1,POWER,3.25
1765579746468,CH1,POWER,3.25
1765579746472,CH1,POWER,3.25
1765579746478,CH1,POWER,3.25
1765579746482,CH1,POWER,3.25
1765579746485,CH1,POWER,3.25
1765579746511,CH1,POWER,3.25
1765579746516,CH1,POWER,3.25
1765579746522,CH1,POWER,3.25
1765579746526,CH1,POWER,3.25
1765579746534,CH1,POWER,3.25
1765579746539,CH1,POWER,3.25
1765579746543,CH1,POWER,3.25
1765579746547,CH1,POWER,3.25
1765579746555,CH1,POWER,3.25
1765579746563,CH1,POWER,3.25
1765579746567,CH1,POWER,3.25
1765579746574,CH1,POWER,3.25
1765579746580,CH1,POWER,3.25
1765579746584,CH1,POWER,3.25
1765579746588,CH1,POWER,3.25
1765579746594,CH1,POWER,3.25
1765579746602,CH1,POWER,3.25
1765579746607,CH1,POWER,3.25
1765579746613,CH1,POWER,3.25
1765579746617,CH1,POWER,3.25
1765579746621,CH1,POWER,3.25
1765579746628,CH1,POWER,3.25
1765579746634,CH1,POWER,3.25
1765579746640,CH1,POWER,3.25
1765579746644,CH1,POWER,3.25
1765579746653,CH1,POWER,3.25
1765579746657,CH1,POWER,3.25
1765579746661,CH1,POWER,3.25
1765579746665,CH1,POWER,3.25
1765579746672,CH1,POWER,3.25
1765579746676,CH1,POWER,3.25
1765579746683,CH1,POWER,3.25
1765579746687,CH1,POWER,3.25
1765579746692,CH1,POWER,3.25
1765579746696,CH1,POWER,3.25
1765579746705,CH1,POWER,3.25
1765579746710,CH1,POWER,3.25
1765579746714,CH1,POWER,3.25
1765579746720,CH1,POWER,3.25
1765579746725,CH1,POWER,3.25
1765579746730,CH1,POWER,3.25
1765579746734,CH1,POWER,3.25
1765579746738,CH1,POWER,3.25
1765579746744,CH1,POWER,3.25
1765579746748,CH1,POWER,3.25
1765579746753,CH1,POWER,3.25
1765579746760,CH1,POWER,3.25
1765579746765,CH1,POWER,3.25
1765579746770,CH1,POWER,3.25
1765579746774,CH1,POWER,3.25
1765579746782,CH1,POWER,3.25
1765579746788,CH1,POWER,3.25
1765579746794,CH1,POWER,3.25
1765579746800,CH1,POWER,3.25
1765579746804,CH1,POWER,3.25
1765579746810,CH1,POWER,3.25
1765579746814,CH1,POWER,3.25
1765579746818,CH1,POWER,3.25
1765579746824,CH1,POWER,3.25
1765579746830,CH1,POWER,3.25
1765579746834,CH1,POWER,3.25
1765579746838,CH1,POWER,3.25
1765579746844,CH1,POWER,3.25
1765579746850,CH1,POWER,3.25
1765579746854,CH1,POWER,3.25
1765579746858,CH1,POWER,3.25
1765579746864,CH1,POWER,3.25
1765579746869,CH1,POWER,3.25
1765579746873,CH1,POWER,3.25
1765579746876,CH1,POWER,3.35
1765579746879,CH1,POWER,3.35
1765579746907,CH1,POWER,3.35
1765579746912,CH1,POWER,3.35
1765579746916,CH1,POWER,3.35
1765579746920,CH1,POWER,3.35
1765579746927,CH1,POWER,3.35
1765579746932,CH1,POWER,3.35
1765579746937,CH1,POWER,3.35
1765579746942,CH1,POWER,3.35
1765579746946,CH1,POWER,3.35
1765579746950,CH1,POWER,3.35
1765579746956,CH1,POWER,3.35
1765579746962,CH1,POWER,3.35
1765579746967,CH1,POWER,3.35
1765579746972,CH1,POWER,3.35
1765579746976,CH1,POWER,3.35
1765579746980,CH1,POWER,3.35
1765579746985,CH1,POWER,3.35
1765579746992,CH1,POWER,3.35
1765579746997,CH1,POWER,3.35
1765579747002,CH1,POWER,3.35
1765579747007,CH1,POWER,3.35
1765579747012,CH1,POWER,3.35
1765579747016,CH1,POWER,3.35
1765579747020,CH1,POWER,3.35
1765579747027,CH1,POWER,3.35
1765579747032,CH1,POWER,3.35
1765579747036,CH1,POWER,3.35
1765579747042,CH1,POWER,3.35
1765579747046,CH1,POWER,3.35
1765579747050,CH1,POWER,3.35
1765579747057,CH1,POWER,3.35
1765579747062,CH1,POWER,3.35
1765579747066,CH1,POWER,3.35
1765579747072,CH1,POWER,3.35
1765579747077,CH1,POWER,3.35
1765579747082,CH1,POWER,3.35
1765579747086,CH1,POWER,3.35
1765579747092,CH1,POWER,3.35
1765579747096,CH1,POWER,3.35
1765579747104,CH1,POWER,3.35
1765579747108,CH1,POWER,3.35
1765579747114,CH1,POWER,3.35
1765579747119,CH1,POWER,3.35
1765579747123,CH1,POWER,3.35
1765579747128,CH1,POWER,3.35
1765579747133,CH1,POWER,3.35
1765579747137,CH1,POWER,3.35
1765579747142,CH1,POWER,3.35
1765579747146,CH1,POWER,3.35
1765579747150,CH1,POWER,3.35
1765579747155,CH1,POWER,3.35
1765579747162,CH1,POWER,3.35
1765579747166,CH1,POWER,3.35
1765579747172,CH1,POWER,3.35
1765579747176,CH1,POWER,3.35
1765579747180,CH1,POWER,3.35
1765579747186,CH1,POWER,3.35
1765579747190,CH1,POWER,3.35
1765579747196,CH1,POWER,3.35
1765579747200,CH1,POWER,3.35
1765579747206,CH1,POWER,3.35
1765579747211,CH1,POWER,3.35
1765579747215,CH1,POWER,3.35
1765579747219,CH1,POWER,3.35
1765579747223,CH1,POWER,3.35
1765579747228,CH1,POWER,3.35
1765579747236,CH1,POWER,3.35
1765579747244,CH1,POWER,3.35
1765579747249,CH1,POWER,3.35
1765579747255,CH1,POWER,3.35
1765579747260,CH1,POWER,3.35
1765579747264,CH1,POWER,3.55
1765579747267,CH1,POWER,3.55
1765579747269,CH1,POWER,3.55
1765579747295,CH1,POWER,3.55
1765579747300,CH1,POWER,3.55
1765579747305,CH1,POWER,3.55
1765579747309,CH1,POWER,3.55
1765579747316,CH1,POWER,3.55
1765579747321,CH1,POWER,3.55
1765579747328,CH1,POWER,3.55
1765579747334,CH1,POWER,3.55
1765579747338,CH1,POWER,3.55
1765579747344,CH1,POWER,3.55
1765579747348,CH1,POWER,3.55
1765579747352,CH1,POWER,3.55
1765579747358,CH1,POWER,3.55
1765579747364,CH1,POWER,3.55
1765579747368,CH1,POWER,3.55
1765579747372,CH1,POWER,3.55
1765579747378,CH1,POWER,3.55
1765579747384,CH1,POWER,3.55
1765579747388,CH1,POWER,3.55
1765579747394,CH1,POWER,3.55
1765579747398,CH1,POWER,3.55
1765579747402,CH1,POWER,3.55
1765579747407,CH1,POWER,3.55
1765579747412,CH1,POWER,3.55
1765579747418,CH1,POWER,3.55
1765579747424,CH1,POWER,3.55
1765579747428,CH1,POWER,3.55
1765579747434,CH1,POWER,3.55
1765579747438,CH1,POWER,3.55
1765579747442,CH1,POWER,3.55
1765579747448,CH1,POWER,3.55
1765579747452,CH1,POWER,3.55
1765579747457,CH1,POWER,3.55
1765579747462,CH1,POWER,3.55
1765579747468,CH1,POWER,3.55
1765579747472,CH1,POWER,3.55
1765579747477,CH1,POWER,3.55
1765579747484,CH1,POWER,3.55
1765579747488,CH1,POWER,3.55
1765579747494,CH1,POWER,3.55
1765579747498,CH1,POWER,3.55
1765579747502,CH1,POWER,3.55
1765579747508,CH1,POWER,3.55
1765579747512,CH1,POWER,3.55
1765579747518,CH1,POWER,3.55
1765579747524,CH1,POWER,3.55
1765579747528,CH1,POWER,3.55
1765579747534,CH1,POWER,3.55
1765579747538,CH1,POWER,3.55
1765579747546,CH1,POWER,3.55
1765579747551,CH1,POWER,3.55
1765579747557,CH1,POWER,3.55
1765579747562,CH1,POWER,3.55
1765579747568,CH1,POWER,3.55
1765579747574,CH1,POWER,3.55
1765579747578,CH1,POWER,3.55
1765579747584,CH1,POWER,3.55
1765579747588,CH1,POWER,3.55
1765579747592,CH1,POWER,3.55
1765579747598,CH1,POWER,3.55
1765579747604,CH1,POWER,3.55
1765579747608,CH1,POWER,3.55
1765579747612,CH1,POWER,3.55
1765579747618,CH1,POWER,3.55
1765579747622,CH1,POWER,3.55
1765579747628,CH1,POWER,3.55
1765579747632,CH1,POWER,3.55
1765579747638,CH1,POWER,3.55
1765579747644,CH1,POWER,3.55
1765579747648,CH1,POWER,3.55
1765579747652,CH1,POWER,3.55
1765579747658,CH1,POWER,3.55
1765579747661,CH1,POWER,3.25
1765579747687,CH1,POWER,3.25
1765579747691,CH1,POWER,3.25
1765579747698,CH1,POWER,3.25
1765579747703,CH1,POWER,3.25
1765579747709,CH1,POWER,3.25
1765579747716,CH1,POWER,3.25
1765579747720,CH1,POWER,3.25
1765579747724,CH1,POWER,3.25
1765579747729,CH1,POWER,3.25
1765579747733,CH1,POWER,3.25
1765579747739,CH1,POWER,3.25
1765579747743,CH1,POWER,3.25
1765579747747,CH1,POWER,3.25
1765579747751,CH1,POWER,3.25
1765579747756,CH1,POWER,3.25
1765579747760,CH1,POWER,3.25
1765579747768,CH1,POWER,3.25
1765579747772,CH1,POWER,3.25
1765579747780,CH1,POWER,3.25
1765579747786,CH1,POWER,3.25
1765579747790,CH1,POWER,3.25
1765579747796,CH1,POWER,3.25
1765579747800,CH1,POWER,3.25
1765579747806,CH1,POWER,3.25
1765579747810,CH1,POWER,3.25
1765579747814,CH1,POWER,3.25
1765579747820,CH1,POWER,3.25
1765579747824,CH1,POWER,3.25
1765579747830,CH1,POWER,3.25
1765579747836,CH1,POWER,3.25
1765579747840,CH1,POWER,3.25
1765579747844,CH1,POWER,3.25
1765579747850,CH1,POWER,3.25
1765579747854,CH1,POWER,3.25
1765579747860,CH1,POWER,3.25
1765579747864,CH1,POWER,3.25
1765579747869,CH1,POWER,3.25
1765579747876,CH1,POWER,3.25
1765579747880,CH1,POWER,3.25
1765579747884,CH1,POWER,3.25
1765579747889,CH1,POWER,3.25
1765579747894,CH1,POWER,3.25
1765579747899,CH1,POWER,3.25
1765579747906,CH1,POWER,3.25
1765579747910,CH1,POWER,3.25
1765579747916,CH1,POWER,3.25
1765579747920,CH1,POWER,3.25
1765579747924,CH1,POWER,3.25
1765579747930,CH1,POWER,3.25
1765579747934,CH1,POWER,3.25
1765579747940,CH1,POWER,3.25
1765579747946,CH1,POWER,3.25
1765579747950,CH1,POWER,3.25
1765579747956,CH1,POWER,3.25
1765579747960,CH1,POWER,3.25
1765579747964,CH1,POWER,3.25
1765579747970,CH1,POWER,3.25
1765579747978,CH1,POWER,3.25
1765579747983,CH1,POWER,3.25
1765579747989,CH1,POWER,3.25
1765579747994,CH1,POWER,3.25
1765579748000,CH1,POWER,3.25
1765579748004,CH1,POWER,3.25
1765579748009,CH1,POWER,3.25
1765579748014,CH1,POWER,3.25
1765579748019,CH1,POWER,3.25
1765579748024,CH1,POWER,3.25
1765579748030,CH1,POWER,3.25
1765579748036,CH1,POWER,3.25
1765579748040,CH1,POWER,3.25
1765579748044,CH1,POWER,3.25
1765579748072,CH1,POWER,3.25
1765579748078,CH1,POWER,3.25
1765579748082,CH1,POWER,3.25
1765579748086,CH1,POWER,3.25
1765579748092,CH1,POWER,3.25
1765579748098,CH1,POWER,3.25
1765579748102,CH1,POWER,3.25
1765579748108,CH1,POWER,3.25
1765579748112,CH1,POWER,3.25
1765579748116,CH1,POWER,3.25
1765579748122,CH1,POWER,3.25
1765579748128,CH1,POWER,3.25
1765579748132,CH1,POWER,3.25
1765579748136,CH1,POWER,3.25
1765579748141,CH1,POWER,3.25
1765579748146,CH1,POWER,3.25
1765579748152,CH1,POWER,3.25
1765579748158,CH1,POWER,3.25
1765579748162,CH1,POWER,3.25
1765579748166,CH1,POWER,3.25
1765579748172,CH1,POWER,3.25
1765579748176,CH1,POWER,3.25
1765579748182,CH1,POWER,3.25
1765579748186,CH1,POWER,3.25
1765579748192,CH1,POWER,3.25
1765579748196,CH1,POWER,3.25
1765579748202,CH1,POWER,3.25
1765579748206,CH1,POWER,3.25
1765579748212,CH1,POWER,3.25
1765579748216,CH1,POWER,3.25
1765579748222,CH1,POWER,3.25
1765579748226,CH1,POWER,3.25
1765579748232,CH1,POWER,3.25
1765579748238,CH1,POWER,3.25
1765579748242,CH1,POWER,3.25
1765579748248,CH1,POWER,3.25
1765579748252,CH1,POWER,3.25
1765579748256,CH1,POWER,3.25
1765579748261,CH1,POWER,3.25
1765579748268,CH1,POWER,3.25
1765579748272,CH1,POWER,3.25
1765579748278,CH1,POWER,3.25
1765579748282,CH1,POWER,3.25
1765579748288,CH1,POWER,3.25
1765579748292,CH1,POWER,3.25
1765579748298,CH1,POWER,3.25
1765579748302,CH1,POWER,3.25
1765579748308,CH1,POWER,3.25
1765579748312,CH1,POWER,3.25
1765579748316,CH1,POWER,3.25
1765579748322,CH1,POWER,3.25
1765579748328,CH1,POWER,3.25
1765579748332,CH1,POWER,3.25
1765579748338,CH1,POWER,3.25
1765579748342,CH1,POWER,3.25
1765579748348,CH1,POWER,3.25
1765579748352,CH1,POWER,3.25
1765579748356,CH1,POWER,3.25
1765579748361,CH1,POWER,3.25
1765579748366,CH1,POWER,3.25
1765579748372,CH1,POWER,3.25
1765579748378,CH1,POWER,3.25
1765579748382,CH1,POWER,3.25
1765579748386,CH1,POWER,3.25
1765579748392,CH1,POWER,3.25
1765579748398,CH1,POWER,3.25
1765579748402,CH1,POWER,3.25
1765579748408,CH1,POWER,3.25
1765579748412,CH1,POWER,3.25
1765579748418,CH1,POWER,3.25
1765579748422,CH1,POWER,3.25
1765579748426,CH1,POWER,3.25
1765579748432,CH1,POWER,3.25
1765579748434,CH1,POWER,3.25
1765579748437,CH1,POWER,3.25
1765579748464,CH1,POWER,3.25
1765579748470,CH1,POWER,3.25
1765579748474,CH1,POWER,3.25
1765579748480,CH1,POWER,3.25
1765579748484,CH1,POWER,3.25
1765579748488,CH1,POWER,3.25
1765579748494,CH1,POWER,3.25
1765579748502,CH1,POWER,3.25
1765579748506,CH1,POWER,3.25
1765579748512,CH1,POWER,3.25
1765579748517,CH1,POWER,3.25
1765579748521,CH1,POWER,3.25
1765579748525,CH1,POWER,3.25
1765579748530,CH1,POWER,3.25
1765579748534,CH1,POWER,3.25
1765579748538,CH1,POWER,3.25
1765579748544,CH1,POWER,3.25
1765579748550,CH1,POWER,3.25
1765579748554,CH1,POWER,3.25
1765579748558,CH1,POWER,3.25
1765579748564,CH1,POWER,3.25
1765579748570,CH1,POWER,3.25
1765579748574,CH1,POWER,3.25
1765579748582,CH1,POWER,3.25
1765579748586,CH1,POWER,3.25
1765579748594,CH1,POWER,3.25
1765579748598,CH1,POWER,3.25
1765579748603,CH1,POWER,3.25
1765579748608,CH1,POWER,3.25
1765579748613,CH1,POWER,3.25
1765579748618,CH1,POWER,3.25
1765579748624,CH1,POWER,3.25
1765579748630,CH1,POWER,3.25
1765579748634,CH1,POWER,3.25
1765579748638,CH1,POWER,3.25
1765579748644,CH1,POWER,3.25
1765579748650,CH1,POWER,3.25
1765579748654,CH1,POWER,3.25
1765579748660,CH1,POWER,3.25
1765579748664,CH1,POWER,3.25
1765579748668,CH1,POWER,3.25
1765579748674,CH1,POWER,3.25
1765579748680,CH1,POWER,3.25
1765579748684,CH1,POWER,3.25
1765579748688,CH1,POWER,3.25
1765579748694,CH1,POWER,3.25
1765579748700,CH1,POWER,3.25
1765579748704,CH1,POWER,3.25
1765579748708,CH1,POWER,3.25
1765579748714,CH1,POWER,3.25
1765579748720,CH1,POWER,3.25
1765579748724,CH1,POWER,3.25
1765579748730,CH1,POWER,3.25
1765579748734,CH1,POWER,3.25
1765579748740,CH1,POWER,3.25
1765579748744,CH1,POWER,3.25
1765579748748,CH1,POWER,3.25
1765579748754,CH1,POWER,3.25
1765579748758,CH1,POWER,3.25
1765579748764,CH1,POWER,3.25
1765579748770,CH1,POWER,3.25
1765579748774,CH1,POWER,3.25
1765579748780,CH1,POWER,3.25
1765579748784,CH1,POWER,3.25
1765579748790,CH1,POWER,3.25
1765579748794,CH1,POWER,3.25
1765579748798,CH1,POWER,3.25
1765579748803,CH1,POWER,3.25
1765579748807,CH1,POWER,3.25
1765579748811,CH1,POWER,3.25
1765579748816,CH1,POWER,3.25
1765579748822,CH1,POWER,3.25
1765579748825,CH1,POWER,3.60
1765579748827,CH1,POWER,3.60
1765579748853,CH1,POWER,3.60
1765579748859,CH1,POWER,3.60
1765579748866,CH1,POWER,3.60
1765579748870,CH1,POWER,3.60
1765579748875,CH1,POWER,3.60
1765579748879,CH1,POWER,3.60
1765579748886,CH1,POWER,3.60
1765579748892,CH1,POWER,3.60
1765579748896,CH1,POWER,3.60
1765579748902,CH1,POWER,3.60
1765579748906,CH1,POWER,3.60
1765579748910,CH1,POWER,3.60
1765579748916,CH1,POWER,3.60
1765579748922,CH1,POWER,3.60
1765579748926,CH1,POWER,3.60
1765579748932,CH1,POWER,3.60
1765579748936,CH1,POWER,3.60
1765579748940,CH1,POWER,3.60
1765579748946,CH1,POWER,3.60
1765579748950,CH1,POWER,3.60
1765579748956,CH1,POWER,3.60
1765579748960,CH1,POWER,3.60
1765579748966,CH1,POWER,3.60
1765579748970,CH1,POWER,3.60
1765579748976,CH1,POWER,3.60
1765579748982,CH1,POWER,3.60
1765579748986,CH1,POWER,3.60
1765579748990,CH1,POWER,3.60
1765579748996,CH1,POWER,3.60
1765579749002,CH1,POWER,3.60
1765579749006,CH1,POWER,3.60
1765579749012,CH1,POWER,3.60
1765579749016,CH1,POWER,3.60
1765579749020,CH1,POWER,3.60
1765579749026,CH1,POWER,3.60
1765579749032,CH1,POWER,3.60
1765579749036,CH1,POWER,3.60
1765579749040,CH1,POWER,3.60
1765579749046,CH1,POWER,3.60
1765579749052,CH1,POWER,3.60
1765579749056,CH1,POWER,3.60
1765579749062,CH1,POWER,3.60
1765579749066,CH1,POWER,3.60
1765579749070,CH1,POWER,3.60
1765579749076,CH1,POWER,3.60
1765579749080,CH1,POWER,3.60
1765579749086,CH1,POWER,3.60
1765579749092,CH1,POWER,3.60
1765579749096,CH1,POWER,3.60
1765579749102,CH1,POWER,3.60
1765579749106,CH1,POWER,3.60
1765579749110,CH1,POWER,3.60
1765579749116,CH1,POWER,3.60
1765579749122,CH1,POWER,3.60
1765579749126,CH1,POWER,3.60
1765579749132,CH1,POWER,3.60
1765579749136,CH1,POWER,3.60
1765579749142,CH1,POWER,3.60
1765579749146,CH1,POWER,3.60
1765579749152,CH1,POWER,3.60
1765579749156,CH1,POWER,3.60
1765579749162,CH1,POWER,3.60
1765579749166,CH1,POWER,3.60
1765579749170,CH1,POWER,3.60
1765579749176,CH1,POWER,3.60
1765579749184,CH1,POWER,3.60
1765579749189,CH1,POWER,3.60
1765579749193,CH1,POWER,3.60
1765579749198,CH1,POWER,3.60
1765579749203,CH1,POWER,3.60
1765579749207,CH1,POWER,3.60
1765579749214,CH1,POWER,3.60
1765579749220,CH1,POWER,3.25
1765579749247,CH1,POWER,3.25
1765579749252,CH1,POWER,3.25
1765579749257,CH1,POWER,3.25
1765579749261,CH1,POWER,3.25
1765579749265,CH1,POWER,3.25
1765579749271,CH1,POWER,3.25
1765579749275,CH1,POWER,3.25
1765579749280,CH1,POWER,3.25
1765579749285,CH1,POWER,3.25
1765579749289,CH1,POWER,3.25
1765579749295,CH1,POWER,3.25
1765579749299,CH1,POWER,3.25
1765579749304,CH1,POWER,3.25
1765579749308,CH1,POWER,3.25
1765579749312,CH1,POWER,3.25
1765579749318,CH1,POWER,3.25
1765579749322,CH1,POWER,3.25
1765579749327,CH1,POWER,3.25
1765579749331,CH1,POWER,3.25
1765579749335,CH1,POWER,3.25
1765579749340,CH1,POWER,3.25
1765579749346,CH1,POWER,3.25
1765579749351,CH1,POWER,3.25
1765579749357,CH1,POWER,3.25
1765579749362,CH1,POWER,3.25
1765579749367,CH1,POWER,3.25
1765579749371,CH1,POWER,3.25
1765579749375,CH1,POWER,3.25
1765579749379,CH1,POWER,3.25
1765579749384,CH1,POWER,3.25
1765579749388,CH1,POWER,3.25
1765579749392,CH1,POWER,3.25
1765579749398,CH1,POWER,3.25
1765579749402,CH1,POWER,3.25
1765579749407,CH1,POWER,3.25
1765579749411,CH1,POWER,3.25
1765579749418,CH1,POWER,3.25
1765579749424,CH1,POWER,3.25
1765579749428,CH1,POWER,3.25
1765579749434,CH1,POWER,3.25
1765579749438,CH1,POWER,3.25
1765579749444,CH1,POWER,3.25
1765579749448,CH1,POWER,3.25
1765579749452,CH1,POWER,3.25
1765579749458,CH1,POWER,3.25
1765579749462,CH1,POWER,3.25
1765579749468,CH1,POWER,3.25
1765579749472,CH1,POWER,3.25
1765579749478,CH1,POWER,3.25
1765579749484,CH1,POWER,3.25
1765579749488,CH1,POWER,3.25
1765579749492,CH1,POWER,3.25
1765579749497,CH1,POWER,3.25
1765579749501,CH1,POWER,3.25
1765579749508,CH1,POWER,3.25
1765579749514,CH1,POWER,3.25
1765579749518,CH1,POWER,3.25
1765579749522,CH1,POWER,3.25
1765579749528,CH1,POWER,3.25
1765579749534,CH1,POWER,3.25
1765579749538,CH1,POWER,3.25
1765579749544,CH1,POWER,3.25
1765579749548,CH1,POWER,3.25
1765579749552,CH1,POWER,3.25
1765579749558,CH1,POWER,3.25
1765579749564,CH1,POWER,3.25
1765579749568,CH1,POWER,3.25
1765579749572,CH1,POWER,3.25
1765579749577,CH1,POWER,3.25
1765579749582,CH1,POWER,3.25
1765579749588,CH1,POWER,3.25
1765579749592,CH1,POWER,3.25
1765579749597,CH1,POWER,3.25
1765579749601,CH1,POWER,3.25
1765579749605,CH1,POWER,3.25
1765579749609,CH1,POWER,3.25
1765579749614,CH1,POWER,3.25
1765579749617,CH1,POWER,3.25
1765579749619,CH1,POWER,3.25
1765579749622,CH1,POWER,3.25
1765579749650,CH1,POWER,3.25
1765579749656,CH1,POWER,3.25
1765579749660,CH1,POWER,3.25
1765579749664,CH1,POWER,3.25
1765579749669,CH1,POWER,3.25
1765579749673,CH1,POWER,3.25
1765579749677,CH1,POWER,3.25
1765579749682,CH1,POWER,3.25
1765579749688,CH1,POWER,3.25
1765579749692,CH1,POWER,3.25
1765579749698,CH1,POWER,3.25
1765579749703,CH1,POWER,3.25
1765579749707,CH1,POWER,3.25
1765579749712,CH1,POWER,3.25
1765579749718,CH1,POWER,3.25
1765579749723,CH1,POWER,3.25
1765579749730,CH1,POWER,3.25
1765579749738,CH1,POWER,3.25
1765579749742,CH1,POWER,3.25
1765579749747,CH1,POWER,3.25
1765579749752,CH1,POWER,3.25
1765579749758,CH1,POWER,3.25
1765579749764,CH1,POWER,3.25
1765579749769,CH1,POWER,3.25
1765579749773,CH1,POWER,3.25
1765579749780,CH1,POWER,3.25
1765579749784,CH1,POWER,3.25
1765579749789,CH1,POWER,3.25
1765579749793,CH1,POWER,3.25
1765579749800,CH1,POWER,3.25
1765579749804,CH1,POWER,3.25
1765579749810,CH1,POWER,3.25
1765579749816,CH1,POWER,3.25
1765579749820,CH1,POWER,3.25
1765579749826,CH1,POWER,3.25
1765579749830,CH1,POWER,3.25
1765579749834,CH1,POWER,3.25
1765579749840,CH1,POWER,3.25
1765579749844,CH1,POWER,3.25
1765579749849,CH1,POWER,3.25
1765579749853,CH1,POWER,3.25
1765579749859,CH1,POWER,3.25
1765579749863,CH1,POWER,3.25
1765579749867,CH1,POWER,3.25
1765579749871,CH1,POWER,3.25
1765579749876,CH1,POWER,3.25
1765579749880,CH1,POWER,3.25
1765579749885,CH1,POWER,3.25
1765579749890,CH1,POWER,3.25
1765579749896,CH1,POWER,3.25
1765579749900,CH1,POWER,3.25
1765579749908,CH1,POWER,3.25
1765579749913,CH1,POWER,3.25
1765579749920,CH1,POWER,3.25
1765579749924,CH1,POWER,3.25
1765579749929,CH1,POWER,3.25
1765579749933,CH1,POWER,3.25
1765579749940,CH1,POWER,3.25
1765579749944,CH1,POWER,3.25
1765579749950,CH1,POWER,3.25
1765579749958,CH1,POWER,3.25
1765579749963,CH1,POWER,3.25
1765579749969,CH1,POWER,3.25
1765579749973,CH1,POWER,3.25
1765579749977,CH1,POWER,3.25
1765579749983,CH1,POWER,3.25
1765579749987,CH1,POWER,3.25
1765579749992,CH1,POWER,3.25
1765579749998,CH1,POWER,3.25
1765579750002,CH1,POWER,3.25
1765579750007,CH1,POWER,3.25
1765579750011,CH1,POWER,3.25
1765579750016,CH1,POWER,3.25
1765579750020,CH1,POWER,3.25
1765579750023,CH1,POWER,3.25
1765579750049,CH1,POWER,3.25
1765579750054,CH1,POWER,3.25
1765579750059,CH1,POWER,3.25
1765579750063,CH1,POWER,3.25
1765579750068,CH1,POWER,3.25
1765579750072,CH1,POWER,3.25
1765579750078,CH1,POWER,3.25
1765579750082,CH1,POWER,3.25
1765579750086,CH1,POWER,3.25
1765579750091,CH1,POWER,3.25
1765579750098,CH1,POWER,3.25
1765579750102,CH1,POWER,3.25
1765579750110,CH1,POWER,3.25
1765579750115,CH1,POWER,3.25
1765579750119,CH1,POWER,3.25
1765579750123,CH1,POWER,3.25
1765579750129,CH1,POWER,3.25
1765579750134,CH1,POWER,3.25
1765579750139,CH1,POWER,3.25
1765579750145,CH1,POWER,3.25
1765579750152,CH1,POWER,3.25
1765579750157,CH1,POWER,3.25
1765579750162,CH1,POWER,3.25
1765579750168,CH1,POWER,3.25
1765579750172,CH1,POWER,3.25
1765579750180,CH1,POWER,3.25
1765579750186,CH1,POWER,3.25
1765579750191,CH1,POWER,3.25
1765579750195,CH1,POWER,3.25
1765579750202,CH1,POWER,3.25
1765579750206,CH1,POWER,3.25
1765579750211,CH1,POWER,3.25
1765579750215,CH1,POWER,3.25
1765579750222,CH1,POWER,3.25
1765579750226,CH1,POWER,3.25
1765579750231,CH1,POWER,3.25
1765579750235,CH1,POWER,3.25
1765579750241,CH1,POWER,3.25
1765579750248,CH1,POWER,3.25
1765579750252,CH1,POWER,3.25
1765579750256,CH1,POWER,3.25
1765579750261,CH1,POWER,3.25
1765579750265,CH1,POWER,3.25
1765579750269,CH1,POWER,3.25
1765579750274,CH1,POWER,3.25
1765579750280,CH1,POWER,3.25
1765579750285,CH1,POWER,3.25
1765579750292,CH1,POWER,3.25
1765579750300,CH1,POWER,3.25
1765579750305,CH1,POWER,3.25
1765579750309,CH1,POWER,3.25
1765579750314,CH1,POWER,3.25
1765579750320,CH1,POWER,3.25
1765579750325,CH1,POWER,3.25
1765579750332,CH1,POWER,3.25
1765579750338,CH1,POWER,3.25
1765579750342,CH1,POWER,3.25
1765579750346,CH1,POWER,3.25
1765579750352,CH1,POWER,3.25
1765579750358,CH1,POWER,3.25
1765579750362,CH1,POWER,3.25
1765579750367,CH1,POWER,3.25
1765579750372,CH1,POWER,3.25
1765579750376,CH1,POWER,3.25
1765579750381,CH1,POWER,3.25
1765579750385,CH1,POWER,3.25
1765579750389,CH1,POWER,3.25
1765579750394,CH1,POWER,3.25
1765579750400,CH1,POWER,3.25
1765579750405,CH1,POWER,3.25
1765579750411,CH1,POWER,3.25
1765579750415,CH1,POWER,3.25
1765579750421,CH1,POWER,3.25
1765579750424,CH1,POWER,3.25
1765579750426,CH1,POWER,3.25
1765579750453,CH1,POWER,3.25
1765579750458,CH1,POWER,3.25
1765579750463,CH1,POWER,3.25
1765579750467,CH1,POWER,3.25
1765579750474,CH1,POWER,3.25
1765579750480,CH1,POWER,3.25
1765579750484,CH1,POWER,3.25
1765579750490,CH1,POWER,3.25
1765579750494,CH1,POWER,3.25
1765579750498,CH1,POWER,3.25
1765579750504,CH1,POWER,3.25
1765579750510,CH1,POWER,3.25
1765579750514,CH1,POWER,3.25
1765579750520,CH1,POWER,3.25
1765579750524,CH1,POWER,3.25
1765579750529,CH1,POWER,3.25
1765579750534,CH1,POWER,3.25
1765579750540,CH1,POWER,3.25
1765579750544,CH1,POWER,3.25
1765579750552,CH1,POWER,3.25
1765579750557,CH1,POWER,3.25
1765579750564,CH1,POWER,3.25
1765579750569,CH1,POWER,3.25
1765579750574,CH1,POWER,3.25
1765579750582,CH1,POWER,3.25
1765579750587,CH1,POWER,3.25
1765579750594,CH1,POWER,3.25
1765579750598,CH1,POWER,3.25
1765579750603,CH1,POWER,3.25
1765579750607,CH1,POWER,3.25
1765579750613,CH1,POWER,3.25
1765579750620,CH1,POWER,3.25
1765579750624,CH1,POWER,3.25
1765579750629,CH1,POWER,3.25
1765579750634,CH1,POWER,3.25
1765579750640,CH1,POWER,3.25
1765579750644,CH1,POWER,3.25
1765579750650,CH1,POWER,3.25
1765579750654,CH1,POWER,3.25
1765579750658,CH1,POWER,3.25
1765579750664,CH1,POWER,3.25
1765579750668,CH1,POWER,3.25
1765579750673,CH1,POWER,3.25
1765579750677,CH1,POWER,3.25
1765579750681,CH1,POWER,3.25
1765579750686,CH1,POWER,3.25
1765579750692,CH1,POWER,3.25
1765579750697,CH1,POWER,3.25
1765579750704,CH1,POWER,3.25
1765579750710,CH1,POWER,3.25
1765579750714,CH1,POWER,3.25
1765579750722,CH1,POWER,3.25
1765579750728,CH1,POWER,3.25
1765579750733,CH1,POWER,3.25
1765579750737,CH1,POWER,3.25
1765579750744,CH1,POWER,3.25
1765579750748,CH1,POWER,3.25
1765579750753,CH1,POWER,3.25
1765579750757,CH1,POWER,3.25
1765579750764,CH1,POWER,3.25
1765579750770,CH1,POWER,3.25
1765579750774,CH1,POWER,3.25
1765579750780,CH1,POWER,3.25
1765579750784,CH1,POWER,3.25
1765579750792,CH1,POWER,3.25
1765579750797,CH1,POWER,3.25
1765579750801,CH1,POWER,3.25
1765579750806,CH1,POWER,3.25
1765579750812,CH1,POWER,3.25
1765579750817,CH1,POWER,3.25
1765579750843,CH1,POWER,2.75
1765579750848,CH1,POWER,2.75
1765579750853,CH1,POWER,2.75
1765579750857,CH1,POWER,2.75
1765579750862,CH1,POWER,2.75
1765579750866,CH1,POWER,2.75
1765579750874,CH1,POWER,2.75
1765579750879,CH1,POWER,2.75
1765579750886,CH1,POWER,2.75
1765579750894,CH1,POWER,2.75
1765579750899,CH1,POWER,2.75
1765579750903,CH1,POWER,2.75
1765579750908,CH1,POWER,2.75
1765579750913,CH1,POWER,2.75
1765579750918,CH1,POWER,2.75
1765579750923,CH1,POWER,2.75
1765579750927,CH1,POWER,2.75
1765579750934,CH1,POWER,2.75
1765579750938,CH1,POWER,2.75
1765579750944,CH1,POWER,2.75
1765579750949,CH1,POWER,2.75
1765579750953,CH1,POWER,2.75
1765579750958,CH1,POWER,2.75
1765579750964,CH1,POWER,2.75
1765579750969,CH1,POWER,2.75
1765579750973,CH1,POWER,2.75
1765579750979,CH1,POWER,2.75
1765579750986,CH1,POWER,2.75
1765579750991,CH1,POWER,2.75
1765579750996,CH1,POWER,2.75
1765579751001,CH1,POWER,2.75
1765579751006,CH1,POWER,2.75
1765579751012,CH1,POWER,2.75
1765579751016,CH1,POWER,2.75
1765579751022,CH1,POWER,2.75
1765579751026,CH1,POWER,2.75
1765579751031,CH1,POWER,2.75
1765579751036,CH1,POWER,2.75
1765579751040,CH1,POWER,2.75
1765579751045,CH1,POWER,2.75
1765579751052,CH1,POWER,2.75
1765579751056,CH1,POWER,2.75
1765579751061,CH1,POWER,2.75
1765579751066,CH1,POWER,2.75
1765579751072,CH1,POWER,2.75
1765579751076,CH1,POWER,2.75
1765579751082,CH1,POWER,2.75
1765579751086,CH1,POWER,2.75
1765579751091,CH1,POWER,2.75
1765579751096,CH1,POWER,2.75
1765579751104,CH1,POWER,2.75
1765579751109,CH1,POWER,2.75
1765579751116,CH1,POWER,2.75
1765579751122,CH1,POWER,2.75
1765579751126,CH1,POWER,2.75
1765579751132,CH1,POWER,2.75
1765579751136,CH1,POWER,2.75
1765579751144,CH1,POWER,2.75
1765579751149,CH1,POWER,2.75
1765579751153,CH1,POWER,2.75
1765579751158,CH1,POWER,2.75
1765579751164,CH1,POWER,2.75
1765579751169,CH1,POWER,2.75
1765579751176,CH1,POWER,2.75
1765579751182,CH1,POWER,2.75
1765579751186,CH1,POWER,2.75
1765579751192,CH1,POWER,2.75
1765579751196,CH1,POWER,2.75
1765579751201,CH1,POWER,2.75
1765579751206,CH1,POWER,2.75
1765579751210,CH1,POWER,2.95
1765579751238,CH1,POWER,2.95
1765579751244,CH1,POWER,2.95
1765579751248,CH1,POWER,2.95
1765579751253,CH1,POWER,2.95
1765579751258,CH1,POWER,2.95
1765579751263,CH1,POWER,2.95
1765579751268,CH1,POWER,2.95
1765579751274,CH1,POWER,2.95
1765579751278,CH1,POWER,2.95
1765579751284,CH1,POWER,2.95
1765579751288,CH1,POWER,2.95
1765579751293,CH1,POWER,2.95
1765579751298,CH1,POWER,2.95
1765579751302,CH1,POWER,2.95
1765579751307,CH1,POWER,2.95
1765579751311,CH1,POWER,2.95
1765579751318,CH1,POWER,2.95
1765579751322,CH1,POWER,2.95
1765579751327,CH1,POWER,2.95
1765579751334,CH1,POWER,2.95
1765579751338,CH1,POWER,2.95
1765579751346,CH1,POWER,2.95
1765579751351,CH1,POWER,2.95
1765579751358,CH1,POWER,2.95
1765579751364,CH1,POWER,2.95
1765579751368,CH1,POWER,2.95
1765579751374,CH1,POWER,2.95
1765579751378,CH1,POWER,2.95
1765579751383,CH1,POWER,2.95
1765579751388,CH1,POWER,2.95
1765579751394,CH1,POWER,2.95
1765579751398,CH1,POWER,2.95
1765579751403,CH1,POWER,2.95
1765579751408,CH1,POWER,2.95
1765579751413,CH1,POWER,2.95
1765579751418,CH1,POWER,2.95
1765579751424,CH1,POWER,2.95
1765579751428,CH1,POWER,2.95
1765579751434,CH1,POWER,2.95
1765579751438,CH1,POWER,2.95
1765579751443,CH1,POWER,2.95
1765579751448,CH1,POWER,2.95
1765579751453,CH1,POWER,2.95
1765579751458,CH1,POWER,2.95
1765579751462,CH1,POWER,2.95
1765579751468,CH1,POWER,2.95
1765579751473,CH1,POWER,2.95
1765579751478,CH1,POWER,2.95
1765579751483,CH1,POWER,2.95
1765579751488,CH1,POWER,2.95
1765579751494,CH1,POWER,2.95
1765579751498,CH1,POWER,2.95
1765579751503,CH1,POWER,2.95
1765579751508,CH1,POWER,2.95
1765579751513,CH1,POWER,2.95
1765579751518,CH1,POWER,2.95
1765579751523,CH1,POWER,2.95
1765579751528,CH1,POWER,2.95
1765579751533,CH1,POWER,2.95
1765579751538,CH1,POWER,2.95
1765579751543,CH1,POWER,2.95
1765579751548,CH1,POWER,2.95
1765579751554,CH1,POWER,2.95
1765579751558,CH1,POWER,2.95
1765579751564,CH1,POWER,2.95
1765579751568,CH1,POWER,2.95
1765579751573,CH1,POWER,2.95
1765579751578,CH1,POWER,2.95
1765579751584,CH1,POWER,2.95
1765579751588,CH1,POWER,2.95
1765579751594,CH1,POWER,2.95
1765579751598,CH1,POWER,2.95
1765579751602,CH1,POWER,2.95
1765579751629,CH1,POWER,2.95
1765579751634,CH1,POWER,2.95
1765579751639,CH1,POWER,2.95
1765579751646,CH1,POWER,2.95
1765579751650,CH1,POWER,2.95
1765579751655,CH1,POWER,2.95
1765579751660,CH1,POWER,2.95
1765579751665,CH1,POWER,2.95
1765579751670,CH1,POWER,2.95
1765579751674,CH1,POWER,2.95
1765579751679,CH1,POWER,2.95
1765579751684,CH1,POWER,2.95
1765579751690,CH1,POWER,2.95
1765579751695,CH1,POWER,2.95
1765579751700,CH1,POWER,2.95
1765579751704,CH1,POWER,2.95
1765579751710,CH1,POWER,2.95
1765579751715,CH1,POWER,2.95
1765579751720,CH1,POWER,2.95
1765579751725,CH1,POWER,2.95
1765579751730,CH1,POWER,2.95
1765579751736,CH1,POWER,2.95
1765579751740,CH1,POWER,2.95
1765579751745,CH1,POWER,2.95
1765579751750,CH1,POWER,2.95
1765579751755,CH1,POWER,2.95
1765579751760,CH1,POWER,2.95
1765579751768,CH1,POWER,2.95
1765579751773,CH1,POWER,2.95
1765579751780,CH1,POWER,2.95
1765579751785,CH1,POWER,2.95
1765579751790,CH1,POWER,2.95
1765579751795,CH1,POWER,2.95
1765579751800,CH1,POWER,2.95
1765579751808,CH1,POWER,2.95
1765579751813,CH1,POWER,2.95
1765579751819,CH1,POWER,2.95
1765579751824,CH1,POWER,2.95
1765579751830,CH1,POWER,2.95
1765579751835,CH1,POWER,2.95
1765579751840,CH1,POWER,2.95
1765579751848,CH1,POWER,2.95
1765579751854,CH1,POWER,2.95
1765579751859,CH1,POWER,2.95
1765579751863,CH1,POWER,2.95
1765579751870,CH1,POWER,2.95
1765579751874,CH1,POWER,2.95
1765579751879,CH1,POWER,2.95
1765579751883,CH1,POWER,2.95
1765579751890,CH1,POWER,2.95
1765579751895,CH1,POWER,2.95
1765579751900,CH1,POWER,2.95
1765579751905,CH1,POWER,2.95
1765579751910,CH1,POWER,2.95
1765579751918,CH1,POWER,2.95
1765579751923,CH1,POWER,2.95
1765579751929,CH1,POWER,2.95
1765579751934,CH1,POWER,2.95
1765579751940,CH1,POWER,2.95
1765579751945,CH1,POWER,2.95
1765579751950,CH1,POWER,2.95
1765579751958,CH1,POWER,2.95
1765579751962,CH1,POWER,2.95
1765579751967,CH1,POWER,2.95
1765579751972,CH1,POWER,2.95
1765579751977,CH1,POWER,2.95
1765579751981,CH1,POWER,2.95
1765579751988,CH1,POWER,2.95
1765579751992,CH1,POWER,2.90
1765579751994,CH1,POWER,2.90
1765579752022,CH1,POWER,2.90
1765579752027,CH1,POWER,2.90
1765579752032,CH1,POWER,2.90
1765579752037,CH1,POWER,2.90
1765579752042,CH1,POWER,2.90
1765579752047,CH1,POWER,2.90
1765579752052,CH1,POWER,2.90
1765579752057,CH1,POWER,2.90
1765579752062,CH1,POWER,2.90
1765579752068,CH1,POWER,2.90
1765579752072,CH1,POWER,2.90
1765579752078,CH1,POWER,2.90
1765579752082,CH1,POWER,2.90
1765579752087,CH1,POWER,2.90
1765579752092,CH1,POWER,2.90
1765579752097,CH1,POWER,2.90
1765579752102,CH1,POWER,2.90
1765579752106,CH1,POWER,2.90
1765579752111,CH1,POWER,2.90
1765579752115,CH1,POWER,2.90
1765579752122,CH1,POWER,2.90
1765579752130,CH1,POWER,2.90
1765579752135,CH1,POWER,2.90
1765579752139,CH1,POWER,2.90
1765579752144,CH1,POWER,2.90
1765579752150,CH1,POWER,2.90
1765579752155,CH1,POWER,2.90
1765579752162,CH1,POWER,2.90
1765579752167,CH1,POWER,2.90
1765579752172,CH1,POWER,2.90
1765579752177,CH1,POWER,2.90
1765579752182,CH1,POWER,2.90
1765579752190,CH1,POWER,2.90
1765579752194,CH1,POWER,2.90
1765579752199,CH1,POWER,2.90
1765579752203,CH1,POWER,2.90
1765579752209,CH1,POWER,2.90
1765579752214,CH1,POWER,2.90
1765579752220,CH1,POWER,2.90
1765579752225,CH1,POWER,2.90
1765579752229,CH1,POWER,2.90
1765579752234,CH1,POWER,2.90
1765579752240,CH1,POWER,2.90
1765579752246,CH1,POWER,2.90
1765579752251,CH1,POWER,2.90
1765579752255,CH1,POWER,2.90
1765579752262,CH1,POWER,2.90
1765579752266,CH1,POWER,2.90
1765579752271,CH1,POWER,2.90
1765579752275,CH1,POWER,2.90
1765579752282,CH1,POWER,2.90
1765579752287,CH1,POWER,2.90
1765579752292,CH1,POWER,2.90
1765579752296,CH1,POWER,2.90
1765579752301,CH1,POWER,2.90
1765579752305,CH1,POWER,2.90
1765579752312,CH1,POWER,2.90
1765579752316,CH1,POWER,2.90
1765579752321,CH1,POWER,2.90
1765579752325,CH1,POWER,2.90
1765579752332,CH1,POWER,2.90
1765579752340,CH1,POWER,2.90
1765579752345,CH1,POWER,2.90
1765579752352,CH1,POWER,2.90
1765579752358,CH1,POWER,2.90
1765579752362,CH1,POWER,2.90
1765579752370,CH1,POWER,2.90
1765579752375,CH1,POWER,2.90
1765579752382,CH1,POWER,2.90
1765579752386,CH1,POWER,3.60
1765579752413,CH1,POWER,3.60
1765579752418,CH1,POWER,3.60
1765579752423,CH1,POWER,3.60
1765579752427,CH1,POWER,3.60
1765579752434,CH1,POWER,3.60
1765579752440,CH1,POWER,3.60
1765579752444,CH1,POWER,3.60
1765579752449,CH1,POWER,3.60
1765579752454,CH1,POWER,3.60
1765579752458,CH1,POWER,3.60
1765579752463,CH1,POWER,3.60
1765579752467,CH1,POWER,3.60
1765579752471,CH1,POWER,3.60
1765579752475,CH1,POWER,3.60
1765579752481,CH1,POWER,3.60
1765579752485,CH1,POWER,3.60
1765579752492,CH1,POWER,3.60
1765579752496,CH1,POWER,3.60
1765579752501,CH1,POWER,3.60
1765579752505,CH1,POWER,3.60
1765579752512,CH1,POWER,3.60
1765579752517,CH1,POWER,3.60
1765579752524,CH1,POWER,3.60
1765579752529,CH1,POWER,3.60
1765579752534,CH1,POWER,3.60
1765579752539,CH1,POWER,3.60
1765579752544,CH1,POWER,3.60
1765579752548,CH1,POWER,3.60
1765579752553,CH1,POWER,3.60
1765579752557,CH1,POWER,3.60
1765579752561,CH1,POWER,3.60
1765579752567,CH1,POWER,3.60
1765579752571,CH1,POWER,3.60
1765579752577,CH1,POWER,3.60
1765579752584,CH1,POWER,3.60
1765579752590,CH1,POWER,3.60
1765579752594,CH1,POWER,3.60
1765579752600,CH1,POWER,3.60
1765579752604,CH1,POWER,3.60
1765579752612,CH1,POWER,3.60
1765579752616,CH1,POWER,3.60
1765579752622,CH1,POWER,3.60
1765579752626,CH1,POWER,3.60
1765579752634,CH1,POWER,3.60
1765579752639,CH1,POWER,3.60
1765579752644,CH1,POWER,3.60
1765579752648,CH1,POWER,3.60
1765579752654,CH1,POWER,3.60
1765579752659,CH1,POWER,3.60
1765579752664,CH1,POWER,3.60
1765579752669,CH1,POWER,3.60
1765579752674,CH1,POWER,3.60
1765579752680,CH1,POWER,3.60
1765579752684,CH1,POWER,3.60
1765579752688,CH1,POWER,3.60
1765579752694,CH1,POWER,3.60
1765579752699,CH1,POWER,3.60
1765579752704,CH1,POWER,3.60
1765579752709,CH1,POWER,3.60
1765579752714,CH1,POWER,3.60
1765579752719,CH1,POWER,3.60
1765579752724,CH1,POWER,3.60
1765579752729,CH1,POWER,3.60
1765579752734,CH1,POWER,3.60
1765579752739,CH1,POWER,3.60
1765579752744,CH1,POWER,3.60
1765579752748,CH1,POWER,3.60
1765579752754,CH1,POWER,3.60
1765579752758,CH1,POWER,3.60
1765579752764,CH1,POWER,3.60
1765579752768,CH1,POWER,3.60
1765579752796,CH1,POWER,3.25
1765579752801,CH1,POWER,3.25
1765579752806,CH1,POWER,3.25
1765579752814,CH1,POWER,3.25
1765579752819,CH1,POWER,3.25
1765579752826,CH1,POWER,3.25
1765579752834,CH1,POWER,3.25
1765579752839,CH1,POWER,3.25
1765579752846,CH1,POWER,3.25
1765579752851,CH1,POWER,3.25
1765579752856,CH1,POWER,3.25
1765579752861,CH1,POWER,3.25
1765579752866,CH1,POWER,3.25
1765579752870,CH1,POWER,3.25
1765579752875,CH1,POWER,3.25
1765579752879,CH1,POWER,3.25
1765579752886,CH1,POWER,3.25
1765579752891,CH1,POWER,3.25
1765579752896,CH1,POWER,3.25
1765579752900,CH1,POWER,3.25
1765579752906,CH1,POWER,3.25
1765579752911,CH1,POWER,3.25
1765579752916,CH1,POWER,3.25
1765579752920,CH1,POWER,3.25
1765579752925,CH1,POWER,3.25
1765579752929,CH1,POWER,3.25
1765579752935,CH1,POWER,3.25
1765579752939,CH1,POWER,3.25
1765579752943,CH1,POWER,3.25
1765579752949,CH1,POWER,3.25
1765579752953,CH1,POWER,3.25
1765579752957,CH1,POWER,3.25
1765579752961,CH1,POWER,3.25
1765579752966,CH1,POWER,3.25
1765579752970,CH1,POWER,3.25
1765579752975,CH1,POWER,3.25
1765579752981,CH1,POWER,3.25
1765579752986,CH1,POWER,3.25
1765579752990,CH1,POWER,3.25
1765579752995,CH1,POWER,3.25
1765579752999,CH1,POWER,3.25
1765579753003,CH1,POWER,3.25
1765579753008,CH1,POWER,3.25
1765579753013,CH1,POWER,3.25
1765579753018,CH1,POWER,3.25
1765579753026,CH1,POWER,3.25
1765579753031,CH1,POWER,3.25
1765579753036,CH1,POWER,3.25
1765579753040,CH1,POWER,3.25
1765579753046,CH1,POWER,3.25
1765579753051,CH1,POWER,3.25
1765579753056,CH1,POWER,3.25
1765579753061,CH1,POWER,3.25
1765579753066,CH1,POWER,3.25
1765579753070,CH1,POWER,3.25
1765579753075,CH1,POWER,3.25
1765579753079,CH1,POWER,3.25
1765579753085,CH1,POWER,3.25
1765579753090,CH1,POWER,3.25
1765579753096,CH1,POWER,3.25
1765579753100,CH1,POWER,3.25
1765579753105,CH1,POWER,3.25
1765579753112,CH1,POWER,3.25
1765579753116,CH1,POWER,3.25
1765579753124,CH1,POWER,3.25
1765579753128,CH1,POWER,3.25
1765579753134,CH1,POWER,3.25
1765579753138,CH1,POWER,3.25
1765579753143,CH1,POWER,3.25
1765579753148,CH1,POWER,3.25
1765579753154,CH1,POWER,3.25
1765579753158,CH1,POWER,3.25
1765579753184,CH1,POWER,3.25
1765579753188,CH1,POWER,3.25
1765579753193,CH1,POWER,3.25
1765579753198,CH1,POWER,3.25
1765579753206,CH1,POWER,3.25
1765579753211,CH1,POWER,3.25
1765579753217,CH1,POWER,3.25
1765579753222,CH1,POWER,3.25
1765579753228,CH1,POWER,3.25
1765579753232,CH1,POWER,3.25
1765579753238,CH1,POWER,3.25
1765579753242,CH1,POWER,3.25
1765579753248,CH1,POWER,3.25
1765579753256,CH1,POWER,3.25
1765579753260,CH1,POWER,3.25
1765579753268,CH1,POWER,3.25
1765579753276,CH1,POWER,3.25
1765579753281,CH1,POWER,3.25
1765579753288,CH1,POWER,3.25
1765579753293,CH1,POWER,3.25
1765579753298,CH1,POWER,3.25
1765579753303,CH1,POWER,3.25
1765579753308,CH1,POWER,3.25
1765579753312,CH1,POWER,3.25
1765579753318,CH1,POWER,3.25
1765579753322,CH1,POWER,3.25
1765579753327,CH1,POWER,3.25
1765579753332,CH1,POWER,3.25
1765579753338,CH1,POWER,3.25
1765579753343,CH1,POWER,3.25
1765579753348,CH1,POWER,3.25
1765579753353,CH1,POWER,3.25
1765579753358,CH1,POWER,3.25
1765579753363,CH1,POWER,3.25
1765579753368,CH1,POWER,3.25
1765579753373,CH1,POWER,3.25
1765579753378,CH1,POWER,3.25
1765579753383,CH1,POWER,3.25
1765579753388,CH1,POWER,3.25
1765579753392,CH1,POWER,3.25
1765579753398,CH1,POWER,3.25
1765579753404,CH1,POWER,3.25
1765579753410,CH1,POWER,3.25
1765579753415,CH1,POWER,3.25
1765579753420,CH1,POWER,3.25
1765579753426,CH1,POWER,3.25
1765579753431,CH1,POWER,3.25
1765579753438,CH1,POWER,3.25
1765579753446,CH1,POWER,3.25
1765579753451,CH1,POWER,3.25
1765579753455,CH1,POWER,3.25
1765579753460,CH1,POWER,3.25
1765579753466,CH1,POWER,3.25
1765579753471,CH1,POWER,3.25
1765579753475,CH1,POWER,3.25
1765579753479,CH1,POWER,3.25
1765579753485,CH1,POWER,3.25
1765579753491,CH1,POWER,3.25
1765579753498,CH1,POWER,3.25
1765579753503,CH1,POWER,3.25
1765579753508,CH1,POWER,3.25
1765579753513,CH1,POWER,3.25
1765579753518,CH1,POWER,3.25
1765579753522,CH1,POWER,3.25
1765579753527,CH1,POWER,3.25
1765579753533,CH1,POWER,3.25
1765579753538,CH1,POWER,3.25
1765579753545,CH1,POWER,3.25
1765579753548,CH1,POWER,3.25
1765579753551,CH1,POWER,3.25
1765579753577,CH1,POWER,3.25
1765579753582,CH1,POWER,3.25
1765579753587,CH1,POWER,3.25
1765579753593,CH1,POWER,3.25
1765579753599,CH1,POWER,3.25
1765579753604,CH1,POWER,3.25
1765579753610,CH1,POWER,3.25
1765579753615,CH1,POWER,3.25
1765579753620,CH1,POWER,3.25
1765579753625,CH1,POWER,3.25
1765579753630,CH1,POWER,3.25
1765579753635,CH1,POWER,3.25
1765579753640,CH1,POWER,3.25
1765579753645,CH1,POWER,3.25
1765579753650,CH1,POWER,3.25
1765579753655,CH1,POWER,3.25
1765579753660,CH1,POWER,3.25
1765579753664,CH1,POWER,3.25
1765579753670,CH1,POWER,3.25
1765579753675,CH1,POWER,3.25
1765579753680,CH1,POWER,3.25
1765579753685,CH1,POWER,3.25
1765579753690,CH1,POWER,3.25
1765579753695,CH1,POWER,3.25
1765579753700,CH1,POWER,3.25
1765579753704,CH1,POWER,3.25
1765579753710,CH1,POWER,3.25
1765579753714,CH1,POWER,3.25
1765579753720,CH1,POWER,3.25
1765579753725,CH1,POWER,3.25
1765579753730,CH1,POWER,3.25
1765579753735,CH1,POWER,3.25
1765579753740,CH1,POWER,3.25
1765579753744,CH1,POWER,3.25
1765579753750,CH1,POWER,3.25
1765579753754,CH1,POWER,3.25
1765579753759,CH1,POWER,3.25
1765579753765,CH1,POWER,3.25
1765579753770,CH1,POWER,3.25
1765579753775,CH1,POWER,3.25
1765579753780,CH1,POWER,3.25
1765579753785,CH1,POWER,3.25
1765579753790,CH1,POWER,3.25
1765579753794,CH1,POWER,3.25
1765579753800,CH1,POWER,3.25
1765579753805,CH1,POWER,3.25
1765579753810,CH1,POWER,3.25
1765579753815,CH1,POWER,3.25
1765579753820,CH1,POWER,3.25
1765579753824,CH1,POWER,3.25
1765579753830,CH1,POWER,3.25
1765579753835,CH1,POWER,3.25
1765579753840,CH1,POWER,3.25
1765579753844,CH1,POWER,3.25
1765579753850,CH1,POWER,3.25
1765579753855,CH1,POWER,3.25
1765579753860,CH1,POWER,3.25
1765579753864,CH1,POWER,3.25
1765579753870,CH1,POWER,3.25
1765579753875,CH1,POWER,3.25
1765579753880,CH1,POWER,3.25
1765579753884,CH1,POWER,3.25
1765579753889,CH1,POWER,3.25
1765579753894,CH1,POWER,3.25
1765579753899,CH1,POWER,3.25
1765579753904,CH1,POWER,3.25
1765579753909,CH1,POWER,3.25
1765579753915,CH1,POWER,3.25
1765579753920,CH1,POWER,3.25
1765579753925,CH1,POWER,3.25
1765579753930,CH1,POWER,3.25
1765579753935,CH1,POWER,3.25
1765579753938,CH1,POWER,3.65
1765579753940,CH1,POWER,3.65
1765579753943,CH1,POWER,3.65
1765579753969,CH1,POWER,3.65
1765579753974,CH1,POWER,3.65
1765579753979,CH1,POWER,3.65
1765579753984,CH1,POWER,3.65
1765579753990,CH1,POWER,3.65
1765579753996,CH1,POWER,3.65
1765579754001,CH1,POWER,3.65
1765579754006,CH1,POWER,3.65
1765579754012,CH1,POWER,3.65
1765579754020,CH1,POWER,3.65
1765579754025,CH1,POWER,3.65
1765579754032,CH1,POWER,3.65
1765579754037,CH1,POWER,3.65
1765579754042,CH1,POWER,3.65
1765579754046,CH1,POWER,3.65
1765579754051,CH1,POWER,3.65
1765579754056,CH1,POWER,3.65
1765579754062,CH1,POWER,3.65
1765579754066,CH1,POWER,3.65
1765579754072,CH1,POWER,3.65
1765579754076,CH1,POWER,3.65
1765579754081,CH1,POWER,3.65
1765579754087,CH1,POWER,3.65
1765579754092,CH1,POWER,3.65
1765579754096,CH1,POWER,3.65
1765579754102,CH1,POWER,3.65
1765579754107,CH1,POWER,3.65
1765579754112,CH1,POWER,3.65
1765579754116,CH1,POWER,3.65
1765579754122,CH1,POWER,3.65
1765579754130,CH1,POWER,3.65
1765579754135,CH1,POWER,3.65
1765579754142,CH1,POWER,3.65
1765579754147,CH1,POWER,3.65
1765579754152,CH1,POWER,3.65
1765579754157,CH1,POWER,3.65
1765579754162,CH1,POWER,3.65
1765579754170,CH1,POWER,3.65
1765579754176,CH1,POWER,3.65
1765579754181,CH1,POWER,3.65
1765579754187,CH1,POWER,3.65
1765579754192,CH1,POWER,3.65
1765579754196,CH1,POWER,3.65
1765579754201,CH1,POWER,3.65
1765579754206,CH1,POWER,3.65
1765579754211,CH1,POWER,3.65
1765579754216,CH1,POWER,3.65
1765579754222,CH1,POWER,3.65
1765579754227,CH1,POWER,3.65
1765579754232,CH1,POWER,3.65
1765579754240,CH1,POWER,3.65
1765579754245,CH1,POWER,3.65
1765579754252,CH1,POWER,3.65
1765579754257,CH1,POWER,3.65
1765579754262,CH1,POWER,3.65
1765579754270,CH1,POWER,3.65
1765579754275,CH1,POWER,3.65
1765579754282,CH1,POWER,3.65
1765579754287,CH1,POWER,3.65
1765579754292,CH1,POWER,3.65
1765579754296,CH1,POWER,3.65
1765579754301,CH1,POWER,3.65
1765579754305,CH1,POWER,3.65
1765579754312,CH1,POWER,3.65
1765579754317,CH1,POWER,3.65
1765579754322,CH1,POWER,3.65
1765579754329,CH1,POWER,3.65
1765579754331,CH1,POWER,3.25
1765579754334,CH1,POWER,3.25
1765579754336,CH1,POWER,3.25
1765579754364,CH1,POWER,3.25
1765579754369,CH1,POWER,3.25
1765579754374,CH1,POWER,3.25
1765579754382,CH1,POWER,3.25
1765579754387,CH1,POWER,3.25
1765579754394,CH1,POWER,3.25
1765579754399,CH1,POWER,3.25
1765579754404,CH1,POWER,3.25
1765579754409,CH1,POWER,3.25
1765579754414,CH1,POWER,3.25
1765579754418,CH1,POWER,3.25
1765579754424,CH1,POWER,3.25
1765579754429,CH1,POWER,3.25
1765579754434,CH1,POWER,3.25
1765579754438,CH1,POWER,3.25
1765579754444,CH1,POWER,3.25
1765579754449,CH1,POWER,3.25
1765579754454,CH1,POWER,3.25
1765579754458,CH1,POWER,3.25
1765579754464,CH1,POWER,3.25
1765579754469,CH1,POWER,3.25
1765579754474,CH1,POWER,3.25
1765579754478,CH1,POWER,3.25
1765579754483,CH1,POWER,3.25
1765579754487,CH1,POWER,3.25
1765579754491,CH1,POWER,3.25
1765579754496,CH1,POWER,3.25
1765579754501,CH1,POWER,3.25
1765579754505,CH1,POWER,3.25
1765579754511,CH1,POWER,3.25
1765579754516,CH1,POWER,3.25
1765579754521,CH1,POWER,3.25
1765579754526,CH1,POWER,3.25
1765579754534,CH1,POWER,3.25
1765579754539,CH1,POWER,3.25
1765579754544,CH1,POWER,3.25
1765579754549,CH1,POWER,3.25
1765579754554,CH1,POWER,3.25
1765579754559,CH1,POWER,3.25
1765579754564,CH1,POWER,3.25
1765579754568,CH1,POWER,3.25
1765579754573,CH1,POWER,3.25
1765579754577,CH1,POWER,3.25
1765579754584,CH1,POWER,3.25
1765579754588,CH1,POWER,3.25
1765579754593,CH1,POWER,3.25
1765579754597,CH1,POWER,3.25
1765579754604,CH1,POWER,3.25
1765579754609,CH1,POWER,3.25
1765579754614,CH1,POWER,3.25
1765579754619,CH1,POWER,3.25
1765579754624,CH1,POWER,3.25
1765579754629,CH1,POWER,3.25
1765579754634,CH1,POWER,3.25
1765579754639,CH1,POWER,3.25
1765579754644,CH1,POWER,3.25
1765579754652,CH1,POWER,3.25
1765579754657,CH1,POWER,3.25
1765579754664,CH1,POWER,3.25
1765579754668,CH1,POWER,3.25
1765579754673,CH1,POWER,3.25
1765579754678,CH1,POWER,3.25
1765579754683,CH1,POWER,3.25
1765579754688,CH1,POWER,3.25
1765579754694,CH1,POWER,3.25
1765579754699,CH1,POWER,3.25
1765579754704,CH1,POWER,3.25
1765579754709,CH1,POWER,3.25
1765579754714,CH1,POWER,3.25
1765579754719,CH1,POWER,3.25
1765579754724,CH1,POWER,3.25
1765579754726,CH1,POWER,3.25
1765579754753,CH1,POWER,3.25
1765579754758,CH1,POWER,3.25
1765579754763,CH1,POWER,3.25
1765579754768,CH1,POWER,3.25
1765579754773,CH1,POWER,3.25
1765579754778,CH1,POWER,3.25
1765579754786,CH1,POWER,3.25
1765579754791,CH1,POWER,3.25
1765579754796,CH1,POWER,3.25
1765579754800,CH1,POWER,3.25
1765579754806,CH1,POWER,3.25
1765579754810,CH1,POWER,3.25
1765579754815,CH1,POWER,3.25
1765579754819,CH1,POWER,3.25
1765579754826,CH1,POWER,3.25
1765579754831,CH1,POWER,3.25
1765579754836,CH1,POWER,3.25
1765579754840,CH1,POWER,3.25
1765579754845,CH1,POWER,3.25
1765579754850,CH1,POWER,3.25
1765579754855,CH1,POWER,3.25
1765579754861,CH1,POWER,3.25
1765579754866,CH1,POWER,3.25
1765579754874,CH1,POWER,3.25
1765579754880,CH1,POWER,3.25
1765579754886,CH1,POWER,3.25
1765579754891,CH1,POWER,3.25
1765579754896,CH1,POWER,3.25
1765579754901,CH1,POWER,3.25
1765579754906,CH1,POWER,3.25
1765579754914,CH1,POWER,3.25
1765579754919,CH1,POWER,3.25
1765579754926,CH1,POWER,3.25
1765579754931,CH1,POWER,3.25
1765579754936,CH1,POWER,3.25
1765579754941,CH1,POWER,3.25
1765579754946,CH1,POWER,3.25
1765579754950,CH1,POWER,3.25
1765579754955,CH1,POWER,3.25
1765579754961,CH1,POWER,3.25
1765579754966,CH1,POWER,3.25
1765579754971,CH1,POWER,3.25
1765579754976,CH1,POWER,3.25
1765579754981,CH1,POWER,3.25
1765579754986,CH1,POWER,3.25
1765579754991,CH1,POWER,3.25
1765579754996,CH1,POWER,3.25
1765579755004,CH1,POWER,3.25
1765579755009,CH1,POWER,3.25
1765579755016,CH1,POWER,3.25
1765579755020,CH1,POWER,3.25
1765579755025,CH1,POWER,3.25
1765579755031,CH1,POWER,3.25
1765579755036,CH1,POWER,3.25
1765579755041,CH1,POWER,3.25
1765579755046,CH1,POWER,3.25
1765579755050,CH1,POWER,3.25
1765579755055,CH1,POWER,3.25
1765579755061,CH1,POWER,3.25
1765579755066,CH1,POWER,3.25
1765579755071,CH1,POWER,3.25
1765579755076,CH1,POWER,3.25
1765579755081,CH1,POWER,3.25
1765579755086,CH1,POWER,3.25
1765579755094,CH1,POWER,3.25
1765579755100,CH1,POWER,3.25
1765579755105,CH1,POWER,3.25
1765579755110,CH1,POWER,3.25
1765579755115,CH1,POWER,3.25
1765579755118,CH1,POWER,3.25
1765579755120,CH1,POWER,3.25
1765579755148,CH1,POWER,3.25
1765579755153,CH1,POWER,3.25
1765579755158,CH1,POWER,3.25
1765579755162,CH1,POWER,3.25
1765579755167,CH1,POWER,3.25
1765579755172,CH1,POWER,3.25
1765579755177,CH1,POWER,3.25
1765579755183,CH1,POWER,3.25
1765579755188,CH1,POWER,3.25
1765579755196,CH1,POWER,3.25
1765579755201,CH1,POWER,3.25
1765579755208,CH1,POWER,3.25
1765579755213,CH1,POWER,3.25
1765579755218,CH1,POWER,3.25
1765579755223,CH1,POWER,3.25
1765579755228,CH1,POWER,3.25
1765579755236,CH1,POWER,3.25
1765579755242,CH1,POWER,3.25
1765579755247,CH1,POWER,3.25
1765579755252,CH1,POWER,3.25
1765579755257,CH1,POWER,3.25
1765579755262,CH1,POWER,3.25
1765579755267,CH1,POWER,3.25
1765579755272,CH1,POWER,3.25
1765579755277,CH1,POWER,3.25
1765579755282,CH1,POWER,3.25
1765579755287,CH1,POWER,3.25
1765579755292,CH1,POWER,3.25
1765579755298,CH1,POWER,3.25
1765579755303,CH1,POWER,3.25
1765579755308,CH1,POWER,3.25
1765579755313,CH1,POWER,3.25
1765579755318,CH1,POWER,3.25
1765579755323,CH1,POWER,3.25
1765579755328,CH1,POWER,3.25
1765579755332,CH1,POWER,3.25
1765579755338,CH1,POWER,3.25
1765579755343,CH1,POWER,3.25
1765579755348,CH1,POWER,3.25
1765579755356,CH1,POWER,3.25
1765579755361,CH1,POWER,3.25
1765579755368,CH1,POWER,3.25
1765579755373,CH1,POWER,3.25
1765579755378,CH1,POWER,3.25
1765579755385,CH1,POWER,3.25
1765579755390,CH1,POWER,3.25
1765579755395,CH1,POWER,3.25
1765579755399,CH1,POWER,3.25
1765579755405,CH1,POWER,3.25
1765579755409,CH1,POWER,3.25
1765579755416,CH1,POWER,3.25
1765579755422,CH1,POWER,3.25
1765579755427,CH1,POWER,3.25
1765579755433,CH1,POWER,3.25
1765579755438,CH1,POWER,3.25
1765579755446,CH1,POWER,3.25
1765579755451,CH1,POWER,3.25
1765579755458,CH1,POWER,3.25
1765579755466,CH1,POWER,3.25
1765579755471,CH1,POWER,3.25
1765579755478,CH1,POWER,3.25
1765579755482,CH1,POWER,3.25
1765579755487,CH1,POWER,3.25
1765579755491,CH1,POWER,3.25
1765579755498,CH1,POWER,3.25
1765579755506,CH1,POWER,3.25
1765579755510,CH1,POWER,3.25
1765579755537,CH1,POWER,3.25
1765579755542,CH1,POWER,3.25
1765579755548,CH1,POWER,3.25
1765579755553,CH1,POWER,3.25
1765579755557,CH1,POWER,3.25
1765579755562,CH1,POWER,3.25
1765579755567,CH1,POWER,3.25
1765579755572,CH1,POWER,3.25
1765579755578,CH1,POWER,3.25
1765579755583,CH1,POWER,3.25
1765579755587,CH1,POWER,3.25
1765579755592,CH1,POWER,3.25
1765579755597,CH1,POWER,3.25
1765579755602,CH1,POWER,3.25
1765579755608,CH1,POWER,3.25
1765579755613,CH1,POWER,3.25
1765579755620,CH1,POWER,3.25
1765579755628,CH1,POWER,3.25
1765579755633,CH1,POWER,3.25
1765579755640,CH1,POWER,3.25
1765579755645,CH1,POWER,3.25
1765579755650,CH1,POWER,3.25
1765579755654,CH1,POWER,3.25
1765579755659,CH1,POWER,3.25
1765579755663,CH1,POWER,3.25
1765579755670,CH1,POWER,3.25
1765579755674,CH1,POWER,3.25
1765579755679,CH1,POWER,3.25
1765579755683,CH1,POWER,3.25
1765579755690,CH1,POWER,3.25
1765579755695,CH1,POWER,3.25
1765579755700,CH1,POWER,3.25
1765579755705,CH1,POWER,3.25
1765579755710,CH1,POWER,3.25
1765579755714,CH1,POWER,3.25
1765579755719,CH1,POWER,3.25
1765579755723,CH1,POWER,3.25
1765579755728,CH1,POWER,3.25
1765579755733,CH1,POWER,3.25
1765579755737,CH1,POWER,3.25
1765579755742,CH1,POWER,3.25
1765579755747,CH1,POWER,3.25
1765579755751,CH1,POWER,3.25
1765579755758,CH1,POWER,3.25
1765579755764,CH1,POWER,3.25
1765579755769,CH1,POWER,3.25
1765579755775,CH1,POWER,3.25
1765579755780,CH1,POWER,3.25
1765579755785,CH1,POWER,3.25
1765579755790,CH1,POWER,3.25
1765579755794,CH1,POWER,3.25
1765579755800,CH1,POWER,3.25
1765579755808,CH1,POWER,3.25
1765579755813,CH1,POWER,3.25
1765579755820,CH1,POWER,3.25
1765579755824,CH1,POWER,3.25
1765579755829,CH1,POWER,3.25
1765579755834,CH1,POWER,3.25
1765579755838,CH1,POWER,3.25
1765579755843,CH1,POWER,3.25
1765579755847,CH1,POWER,3.25
1765579755851,CH1,POWER,3.25
1765579755858,CH1,POWER,3.25
1765579755864,CH1,POWER,3.25
1765579755869,CH1,POWER,3.25
1765579755875,CH1,POWER,3.25
1765579755880,CH1,POWER,3.25
1765579755884,CH1,POWER,3.25
1765579755890,CH1,POWER,3.25
1765579755894,CH1,POWER,3.25
1765579755899,CH1,POWER,3.25
1765579755904,CH1,POWER,3.25
1765579755908,CH1,POWER,3.60
1765579755910,CH1,POWER,3.60
1765579755913,CH1,POWER,3.60
1765579755939,CH1,POWER,3.60
1765579755944,CH1,POWER,3.60
1765579755949,CH1,POWER,3.60
1765579755953,CH1,POWER,3.60
1765579755960,CH1,POWER,3.60
1765579755964,CH1,POWER,3.60
1765579755969,CH1,POWER,3.60
1765579755974,CH1,POWER,3.60
1765579755980,CH1,POWER,3.60
1765579755984,CH1,POWER,3.60
1765579755990,CH1,POWER,3.60
1765579755994,CH1,POWER,3.60
1765579755998,CH1,POWER,3.60
1765579756003,CH1,POWER,3.60
1765579756009,CH1,POWER,3.60
1765579756014,CH1,POWER,3.60
1765579756019,CH1,POWER,3.60
1765579756023,CH1,POWER,3.60
1765579756030,CH1,POWER,3.60
1765579756036,CH1,POWER,3.60
1765579756041,CH1,POWER,3.60
1765579756045,CH1,POWER,3.60
1765579756049,CH1,POWER,3.60
1765579756054,CH1,POWER,3.60
1765579756059,CH1,POWER,3.60
1765579756064,CH1,POWER,3.60
1765579756070,CH1,POWER,3.60
1765579756076,CH1,POWER,3.60
1765579756081,CH1,POWER,3.60
1765579756086,CH1,POWER,3.60
1765579756092,CH1,POWER,3.60
1765579756097,CH1,POWER,3.60
1765579756102,CH1,POWER,3.60
1765579756105,CH1,POWER,3.60
1765579756111,CH1,POWER,3.60
1765579756116,CH1,POWER,3.60
1765579756121,CH1,POWER,3.60
1765579756125,CH1,POWER,3.60
1765579756132,CH1,POWER,3.60
1765579756137,CH1,POWER,3.60
1765579756141,CH1,POWER,3.60
1765579756146,CH1,POWER,3.60
1765579756150,CH1,POWER,3.60
1765579756155,CH1,POWER,3.60
1765579756162,CH1,POWER,3.60
1765579756167,CH1,POWER,3.60
1765579756171,CH1,POWER,3.60
1765579756176,CH1,POWER,3.60
1765579756182,CH1,POWER,3.60
1765579756187,CH1,POWER,3.60
1765579756192,CH1,POWER,3.60
1765579756200,CH1,POWER,3.60
1765579756205,CH1,POWER,3.60
1765579756212,CH1,POWER,3.60
1765579756217,CH1,POWER,3.60
1765579756222,CH1,POWER,3.60
1765579756227,CH1,POWER,3.60
1765579756231,CH1,POWER,3.60
1765579756235,CH1,POWER,3.60
1765579756241,CH1,POWER,3.60
1765579756245,CH1,POWER,3.60
1765579756252,CH1,POWER,3.60
1765579756257,CH1,POWER,3.60
1765579756261,CH1,POWER,3.60
1765579756265,CH1,POWER,3.60
1765579756272,CH1,POWER,3.60
1765579756277,CH1,POWER,3.60
1765579756282,CH1,POWER,3.60
1765579756286,CH1,POWER,3.60
1765579756292,CH1,POWER,3.60
1765579756300,CH1,POWER,3.60
1765579756305,CH1,POWER,3.60
1765579756310,CH1,POWER,3.60
1765579756313,CH1,POWER,3.70
1765579756316,CH1,POWER,3.70
1765579756344,CH1,POWER,3.70
1765579756349,CH1,POWER,3.70
1765579756353,CH1,POWER,3.70
1765579756357,CH1,POWER,3.70
1765579756364,CH1,POWER,3.70
1765579756369,CH1,POWER,3.70
1765579756374,CH1,POWER,3.70
1765579756379,CH1,POWER,3.70
1765579756384,CH1,POWER,3.70
1765579756389,CH1,POWER,3.70
1765579756393,CH1,POWER,3.70
1765579756398,CH1,POWER,3.70
1765579756403,CH1,POWER,3.70
1765579756407,CH1,POWER,3.70
1765579756414,CH1,POWER,3.70
1765579756419,CH1,POWER,3.70
1765579756423,CH1,POWER,3.70
1765579756428,CH1,POWER,3.70
1765579756433,CH1,POWER,3.70
1765579756439,CH1,POWER,3.70
1765579756444,CH1,POWER,3.70
1765579756449,CH1,POWER,3.70
1765579756453,CH1,POWER,3.70
1765579756458,CH1,POWER,3.70
1765579756464,CH1,POWER,3.70
1765579756472,CH1,POWER,3.70
1765579756477,CH1,POWER,3.70
1765579756483,CH1,POWER,3.70
1765579756488,CH1,POWER,3.70
1765579756492,CH1,POWER,3.70
1765579756497,CH1,POWER,3.70
1765579756503,CH1,POWER,3.70
1765579756508,CH1,POWER,3.70
1765579756512,CH1,POWER,3.70
1765579756517,CH1,POWER,3.70
1765579756522,CH1,POWER,3.70
1765579756527,CH1,POWER,3.70
1765579756533,CH1,POWER,3.70
1765579756538,CH1,POWER,3.70
1765579756543,CH1,POWER,3.70
1765579756548,CH1,POWER,3.70
1765579756552,CH1,POWER,3.70
1765579756557,CH1,POWER,3.70
1765579756564,CH1,POWER,3.70
1765579756572,CH1,POWER,3.70
1765579756577,CH1,POWER,3.70
1765579756584,CH1,POWER,3.70
1765579756589,CH1,POWER,3.70
1765579756594,CH1,POWER,3.70
1765579756599,CH1,POWER,3.70
1765579756603,CH1,POWER,3.70
1765579756608,CH1,POWER,3.70
1765579756614,CH1,POWER,3.70
1765579756622,CH1,POWER,3.70
1765579756627,CH1,POWER,3.70
1765579756634,CH1,POWER,3.70
1765579756639,CH1,POWER,3.70
1765579756644,CH1,POWER,3.70
1765579756649,CH1,POWER,3.70
1765579756654,CH1,POWER,3.70
1765579756659,CH1,POWER,3.70
1765579756663,CH1,POWER,3.70
1765579756668,CH1,POWER,3.70
1765579756672,CH1,POWER,3.70
1765579756677,CH1,POWER,3.70
1765579756683,CH1,POWER,3.70
1765579756689,CH1,POWER,3.70
1765579756694,CH1,POWER,3.70
1765579756702,CH1,POWER,3.70
1765579756707,CH1,POWER,3.70
1765579756733,CH1,POWER,3.25
1765579756738,CH1,POWER,3.25
1765579756743,CH1,POWER,3.25
1765579756748,CH1,POWER,3.25
1765579756753,CH1,POWER,3.25
1765579756758,CH1,POWER,3.25
1765579756762,CH1,POWER,3.25
1765579756766,CH1,POWER,3.25
1765579756771,CH1,POWER,3.25
1765579756776,CH1,POWER,3.25
1765579756784,CH1,POWER,3.25
1765579756790,CH1,POWER,3.25
1765579756794,CH1,POWER,3.25
1765579756798,CH1,POWER,3.25
1765579756802,CH1,POWER,3.25
1765579756807,CH1,POWER,3.25
1765579756812,CH1,POWER,3.25
1765579756816,CH1,POWER,3.25
1765579756821,CH1,POWER,3.25
1765579756826,CH1,POWER,3.25
1765579756831,CH1,POWER,3.25
1765579756836,CH1,POWER,3.25
1765579756841,CH1,POWER,3.25
1765579756845,CH1,POWER,3.25
1765579756850,CH1,POWER,3.25
1765579756854,CH1,POWER,3.25
1765579756858,CH1,POWER,3.25
1765579756862,CH1,POWER,3.25
1765579756866,CH1,POWER,3.25
1765579756871,CH1,POWER,3.25
1765579756875,CH1,POWER,3.25
1765579756880,CH1,POWER,3.25
1765579756885,CH1,POWER,3.25
1765579756890,CH1,POWER,3.25
1765579756894,CH1,POWER,3.25
1765579756899,CH1,POWER,3.25
1765579756906,CH1,POWER,3.25
1765579756911,CH1,POWER,3.25
1765579756915,CH1,POWER,3.25
1765579756919,CH1,POWER,3.25
1765579756926,CH1,POWER,3.25
1765579756931,CH1,POWER,3.25
1765579756936,CH1,POWER,3.25
1765579756941,CH1,POWER,3.25
1765579756946,CH1,POWER,3.25
1765579756954,CH1,POWER,3.25
1765579756959,CH1,POWER,3.25
1765579756966,CH1,POWER,3.25
1765579756971,CH1,POWER,3.25
1765579756976,CH1,POWER,3.25
1765579756981,CH1,POWER,3.25
1765579756986,CH1,POWER,3.25
1765579756991,CH1,POWER,3.25
1765579756995,CH1,POWER,3.25
1765579757000,CH1,POWER,3.25
1765579757006,CH1,POWER,3.25
1765579757011,CH1,POWER,3.25
1765579757016,CH1,POWER,3.25
1765579757021,CH1,POWER,3.25
1765579757026,CH1,POWER,3.25
1765579757031,CH1,POWER,3.25
1765579757035,CH1,POWER,3.25
1765579757040,CH1,POWER,3.25
1765579757044,CH1,POWER,3.25
1765579757049,CH1,POWER,3.25
1765579757056,CH1,POWER,3.25
1765579757061,CH1,POWER,3.25
1765579757065,CH1,POWER,3.25
1765579757070,CH1,POWER,3.25
1765579757075,CH1,POWER,3.25
1765579757079,CH1,POWER,3.25
1765579757086,CH1,POWER,3.25
1765579757091,CH1,POWER,3.25
1765579757095,CH1,POWER,3.25
1765579757098,CH1,POWER,2.90
1765579757125,CH1,POWER,2.90
1765579757130,CH1,POWER,2.90
1765579757135,CH1,POWER,2.90
1765579757141,CH1,POWER,2.90
1765579757148,CH1,POWER,2.90
1765579757156,CH1,POWER,2.90
1765579757160,CH1,POWER,2.90
1765579757165,CH1,POWER,2.90
1765579757170,CH1,POWER,2.90
1765579757175,CH1,POWER,2.90
1765579757181,CH1,POWER,2.90
1765579757188,CH1,POWER,2.90
1765579757193,CH1,POWER,2.90
1765579757197,CH1,POWER,2.90
1765579757203,CH1,POWER,2.90
1765579757208,CH1,POWER,2.90
1765579757213,CH1,POWER,2.90
1765579757218,CH1,POWER,2.90
1765579757223,CH1,POWER,2.90
1765579757227,CH1,POWER,2.90
1765579757232,CH1,POWER,2.90
1765579757237,CH1,POWER,2.90
1765579757241,CH1,POWER,2.90
1765579757248,CH1,POWER,2.90
1765579757253,CH1,POWER,2.90
1765579757257,CH1,POWER,2.90
1765579757262,CH1,POWER,2.90
1765579757267,CH1,POWER,2.90
1765579757272,CH1,POWER,2.90
1765579757276,CH1,POWER,2.90
1765579757281,CH1,POWER,2.90
1765579757288,CH1,POWER,2.90
1765579757296,CH1,POWER,2.90
1765579757301,CH1,POWER,2.90
1765579757308,CH1,POWER,2.90
1765579757316,CH1,POWER,2.90
1765579757321,CH1,POWER,2.90
1765579757328,CH1,POWER,2.90
1765579757333,CH1,POWER,2.90
1765579757338,CH1,POWER,2.90
1765579757343,CH1,POWER,2.90
1765579757348,CH1,POWER,2.90
1765579757353,CH1,POWER,2.90
1765579757357,CH1,POWER,2.90
1765579757362,CH1,POWER,2.90
1765579757367,CH1,POWER,2.90
1765579757371,CH1,POWER,2.90
1765579757377,CH1,POWER,2.90
1765579757381,CH1,POWER,2.90
1765579757386,CH1,POWER,2.90
1765579757391,CH1,POWER,2.90
1765579757398,CH1,POWER,2.90
1765579757406,CH1,POWER,2.90
1765579757411,CH1,POWER,2.90
1765579757418,CH1,POWER,2.90
1765579757423,CH1,POWER,2.90
1765579757428,CH1,POWER,2.90
1765579757433,CH1,POWER,2.90
1765579757438,CH1,POWER,2.90
1765579757443,CH1,POWER,2.90
1765579757447,CH1,POWER,2.90
1765579757456,CH1,POWER,2.90
1765579757461,CH1,POWER,2.90
1765579757468,CH1,POWER,2.90
1765579757473,CH1,POWER,2.90
1765579757476,CH1,POWER,3.25
1765579757479,CH1,POWER,3.25
1765579757482,CH1,POWER,3.25
1765579757510,CH1,POWER,3.25
1765579757515,CH1,POWER,3.25
1765579757519,CH1,POWER,3.25
1765579757525,CH1,POWER,3.25
1765579757530,CH1,POWER,3.25
1765579757535,CH1,POWER,3.25
1765579757539,CH1,POWER,3.25
1765579757548,CH1,POWER,3.25
1765579757554,CH1,POWER,3.25
1765579757558,CH1,POWER,3.25
1765579757562,CH1,POWER,3.25
1765579757567,CH1,POWER,3.25
1765579757572,CH1,POWER,3.25
1765579757580,CH1,POWER,3.25
1765579757585,CH1,POWER,3.25
1765579757589,CH1,POWER,3.25
1765579757594,CH1,POWER,3.25
1765579757599,CH1,POWER,3.25
1765579757603,CH1,POWER,3.25
1765579757610,CH1,POWER,3.25
1765579757615,CH1,POWER,3.25
1765579757619,CH1,POWER,3.25
1765579757624,CH1,POWER,3.25
1765579757628,CH1,POWER,3.25
1765579757632,CH1,POWER,3.25
1765579757637,CH1,POWER,3.25
1765579757642,CH1,POWER,3.25
1765579757646,CH1,POWER,3.25
1765579757653,CH1,POWER,3.25
1765579757660,CH1,POWER,3.25
1765579757665,CH1,POWER,3.25
1765579757670,CH1,POWER,3.25
1765579757675,CH1,POWER,3.25
1765579757680,CH1,POWER,3.25
1765579757685,CH1,POWER,3.25
1765579757689,CH1,POWER,3.25
1765579757695,CH1,POWER,3.25
1765579757700,CH1,POWER,3.25
1765579757705,CH1,POWER,3.25
1765579757710,CH1,POWER,3.25
1765579757715,CH1,POWER,3.25
1765579757719,CH1,POWER,3.25
1765579757728,CH1,POWER,3.25
1765579757732,CH1,POWER,3.25
1765579757740,CH1,POWER,3.25
1765579757748,CH1,POWER,3.25
1765579757753,CH1,POWER,3.25
1765579757760,CH1,POWER,3.25
1765579757765,CH1,POWER,3.25
1765579757770,CH1,POWER,3.25
1765579757775,CH1,POWER,3.25
1765579757779,CH1,POWER,3.25
1765579757783,CH1,POWER,3.25
1765579757789,CH1,POWER,3.25
1765579757798,CH1,POWER,3.25
1765579757803,CH1,POWER,3.25
1765579757809,CH1,POWER,3.25
1765579757814,CH1,POWER,3.25
1765579757818,CH1,POWER,3.25
1765579757823,CH1,POWER,3.25
1765579757830,CH1,POWER,3.25
1765579757835,CH1,POWER,3.25
1765579757840,CH1,POWER,3.25
1765579757845,CH1,POWER,3.25
1765579757850,CH1,POWER,3.25
1765579757855,CH1,POWER,3.25
1765579757859,CH1,POWER,3.25
1765579757868,CH1,POWER,3.25
1765579757871,CH1,POWER,3.25
1765579757873,CH1,POWER,3.25
1765579757901,CH1,POWER,3.25
1765579757906,CH1,POWER,3.25
1765579757910,CH1,POWER,3.25
1765579757915,CH1,POWER,3.25
1765579757922,CH1,POWER,3.25
1765579757927,CH1,POWER,3.25
1765579757932,CH1,POWER,3.25
1765579757937,CH1,POWER,3.25
1765579757942,CH1,POWER,3.25
1765579757947,CH1,POWER,3.25
1765579757951,CH1,POWER,3.25
1765579757956,CH1,POWER,3.25
1765579757960,CH1,POWER,3.25
1765579757964,CH1,POWER,3.25
1765579757968,CH1,POWER,3.25
1765579757973,CH1,POWER,3.25
1765579757980,CH1,POWER,3.25
1765579757986,CH1,POWER,3.25
1765579757991,CH1,POWER,3.25
1765579757997,CH1,POWER,3.25
1765579758002,CH1,POWER,3.25
1765579758010,CH1,POWER,3.25
1765579758014,CH1,POWER,3.25
1765579758020,CH1,POWER,3.25
1765579758026,CH1,POWER,3.25
1765579758032,CH1,POWER,3.25
1765579758037,CH1,POWER,3.25
1765579758042,CH1,POWER,3.25
1765579758047,CH1,POWER,3.25
1765579758052,CH1,POWER,3.25
1765579758057,CH1,POWER,3.25
1765579758061,CH1,POWER,3.25
1765579758067,CH1,POWER,3.25
1765579758072,CH1,POWER,3.25
1765579758077,CH1,POWER,3.25
1765579758082,CH1,POWER,3.25
1765579758087,CH1,POWER,3.25
1765579758091,CH1,POWER,3.25
1765579758095,CH1,POWER,3.25
1765579758102,CH1,POWER,3.25
1765579758107,CH1,POWER,3.25
1765579758112,CH1,POWER,3.25
1765579758117,CH1,POWER,3.25
1765579758122,CH1,POWER,3.25
1765579758127,CH1,POWER,3.25
1765579758132,CH1,POWER,3.25
1765579758137,CH1,POWER,3.25
1765579758141,CH1,POWER,3.25
1765579758150,CH1,POWER,3.25
1765579758155,CH1,POWER,3.25
1765579758161,CH1,POWER,3.25
1765579758170,CH1,POWER,3.25
1765579758174,CH1,POWER,3.25
1765579758181,CH1,POWER,3.25
1765579758185,CH1,POWER,3.25
1765579758192,CH1,POWER,3.25
1765579758197,CH1,POWER,3.25
1765579758201,CH1,POWER,3.25
1765579758207,CH1,POWER,3.25
1765579758212,CH1,POWER,3.25
1765579758217,CH1,POWER,3.25
1765579758222,CH1,POWER,3.25
1765579758227,CH1,POWER,3.25
1765579758231,CH1,POWER,3.25
1765579758237,CH1,POWER,3.25
1765579758241,CH1,POWER,3.25
1765579758245,CH1,POWER,3.25
1765579758252,CH1,POWER,3.25
1765579758260,CH1,POWER,3.25
1765579758265,CH1,POWER,3.25
1765579758291,CH1,POWER,3.25
1765579758296,CH1,POWER,3.25
1765579758300,CH1,POWER,3.25
1765579758304,CH1,POWER,3.25
1765579758312,CH1,POWER,3.25
1765579758316,CH1,POWER,3.25
1765579758320,CH1,POWER,3.25
1765579758324,CH1,POWER,3.25
1765579758329,CH1,POWER,3.25
1765579758334,CH1,POWER,3.25
1765579758339,CH1,POWER,3.25
1765579758343,CH1,POWER,3.25
1765579758351,CH1,POWER,3.25
1765579758358,CH1,POWER,3.25
1765579758363,CH1,POWER,3.25
1765579758367,CH1,POWER,3.25
1765579758374,CH1,POWER,3.25
1765579758379,CH1,POWER,3.25
1765579758384,CH1,POWER,3.25
1765579758392,CH1,POWER,3.25
1765579758397,CH1,POWER,3.25
1765579758404,CH1,POWER,3.25
1765579758409,CH1,POWER,3.25
1765579758414,CH1,POWER,3.25
1765579758419,CH1,POWER,3.25
1765579758423,CH1,POWER,3.25
1765579758429,CH1,POWER,3.25
1765579758433,CH1,POWER,3.25
1765579758439,CH1,POWER,3.25
1765579758444,CH1,POWER,3.25
1765579758449,CH1,POWER,3.25
1765579758453,CH1,POWER,3.25
1765579758458,CH1,POWER,3.25
1765579758462,CH1,POWER,3.25
1765579758466,CH1,POWER,3.25
1765579758473,CH1,POWER,3.25
1765579758477,CH1,POWER,3.25
1765579758483,CH1,POWER,3.25
1765579758487,CH1,POWER,3.25
1765579758494,CH1,POWER,3.25
1765579758499,CH1,POWER,3.25
1765579758503,CH1,POWER,3.25
1765579758507,CH1,POWER,3.25
1765579758514,CH1,POWER,3.25
1765579758519,CH1,POWER,3.25
1765579758523,CH1,POWER,3.25
1765579758527,CH1,POWER,3.25
1765579758533,CH1,POWER,3.25
1765579758539,CH1,POWER,3.25
1765579758543,CH1,POWER,3.25
1765579758549,CH1,POWER,3.25
1765579758553,CH1,POWER,3.25
1765579758561,CH1,POWER,3.25
1765579758565,CH1,POWER,3.25
1765579758570,CH1,POWER,3.25
1765579758575,CH1,POWER,3.25
1765579758582,CH1,POWER,3.25
1765579758586,CH1,POWER,3.25
1765579758592,CH1,POWER,3.25
1765579758596,CH1,POWER,3.25
1765579758600,CH1,POWER,3.25
1765579758605,CH1,POWER,3.25
1765579758612,CH1,POWER,3.25
1765579758616,CH1,POWER,3.25
1765579758623,CH1,POWER,3.25
1765579758629,CH1,POWER,3.25
1765579758633,CH1,POWER,3.25
1765579758639,CH1,POWER,3.25
1765579758643,CH1,POWER,3.25
1765579758647,CH1,POWER,3.25
1765579758654,CH1,POWER,3.25
1765579758659,CH1,POWER,3.25
1765579758662,CH1,POWER,3.25
1765579758665,CH1,POWER,3.25
1765579758667,CH1,POWER,3.25
1765579758695,CH1,POWER,3.25
1765579758700,CH1,POWER,3.25
1765579758704,CH1,POWER,3.25
1765579758711,CH1,POWER,3.25
1765579758716,CH1,POWER,3.25
1765579758721,CH1,POWER,3.25
1765579758726,CH1,POWER,3.25
1765579758731,CH1,POWER,3.25
1765579758735,CH1,POWER,3.25
1765579758740,CH1,POWER,3.25
1765579758745,CH1,POWER,3.25
1765579758749,CH1,POWER,3.25
1765579758756,CH1,POWER,3.25
1765579758761,CH1,POWER,3.25
1765579758765,CH1,POWER,3.25
1765579758769,CH1,POWER,3.25
1765579758775,CH1,POWER,3.25
1765579758779,CH1,POWER,3.25
1765579758786,CH1,POWER,3.25
1765579758791,CH1,POWER,3.25
1765579758795,CH1,POWER,3.25
1765579758799,CH1,POWER,3.25
1765579758806,CH1,POWER,3.25
1765579758811,CH1,POWER,3.25
1765579758815,CH1,POWER,3.25
1765579758819,CH1,POWER,3.25
1765579758825,CH1,POWER,3.25
1765579758834,CH1,POWER,3.25
1765579758838,CH1,POWER,3.25
1765579758846,CH1,POWER,3.25
1765579758851,CH1,POWER,3.25
1765579758855,CH1,POWER,3.25
1765579758863,CH1,POWER,3.25
1765579758869,CH1,POWER,3.25
1765579758875,CH1,POWER,3.25
1765579758880,CH1,POWER,3.25
1765579758884,CH1,POWER,3.25
1765579758889,CH1,POWER,3.25
1765579758895,CH1,POWER,3.25
1765579758899,CH1,POWER,3.25
1765579758904,CH1,POWER,3.25
1765579758909,CH1,POWER,3.25
1765579758916,CH1,POWER,3.25
1765579758921,CH1,POWER,3.25
1765579758925,CH1,POWER,3.25
1765579758930,CH1,POWER,3.25
1765579758934,CH1,POWER,3.25
1765579758939,CH1,POWER,3.25
1765579758945,CH1,POWER,3.25
1765579758954,CH1,POWER,3.25
1765579758959,CH1,POWER,3.25
1765579758966,CH1,POWER,3.25
1765579758971,CH1,POWER,3.25
1765579758976,CH1,POWER,3.25
1765579758981,CH1,POWER,3.25
1765579758985,CH1,POWER,3.25
1765579758990,CH1,POWER,3.25
1765579758994,CH1,POWER,3.25
1765579759001,CH1,POWER,3.25
1765579759006,CH1,POWER,3.25
1765579759011,CH1,POWER,3.25
1765579759015,CH1,POWER,3.25
1765579759024,CH1,POWER,3.25
1765579759028,CH1,POWER,3.25
1765579759034,CH1,POWER,3.25
1765579759038,CH1,POWER,3.25
1765579759042,CH1,POWER,3.25
1765579759046,CH1,POWER,3.25
1765579759051,CH1,POWER,3.25
1765579759056,CH1,POWER,3.25
1765579759061,CH1,POWER,3.25
1765579759064,CH1,POWER,3.60
1765579759066,CH1,POWER,3.60
1765579759068,CH1,POWER,3.60
1765579759094,CH1,POWER,3.60
1765579759100,CH1,POWER,3.60
1765579759104,CH1,POWER,3.60
1765579759108,CH1,POWER,3.60
1765579759113,CH1,POWER,3.60
1765579759117,CH1,POWER,3.60
1765579759122,CH1,POWER,3.60
1765579759126,CH1,POWER,3.60
1765579759131,CH1,POWER,3.60
1765579759137,CH1,POWER,3.60
1765579759143,CH1,POWER,3.60
1765579759147,CH1,POWER,3.60
1765579759151,CH1,POWER,3.60
1765579759158,CH1,POWER,3.60
1765579759163,CH1,POWER,3.60
1765579759167,CH1,POWER,3.60
1765579759171,CH1,POWER,3.60
1765579759177,CH1,POWER,3.60
1765579759183,CH1,POWER,3.60
1765579759187,CH1,POWER,3.60
1765579759191,CH1,POWER,3.60
1765579759197,CH1,POWER,3.60
1765579759203,CH1,POWER,3.60
1765579759207,CH1,POWER,3.60
1765579759215,CH1,POWER,3.60
1765579759220,CH1,POWER,3.60
1765579759227,CH1,POWER,3.60
1765579759233,CH1,POWER,3.60
1765579759237,CH1,POWER,3.60
1765579759241,CH1,POWER,3.60
1765579759247,CH1,POWER,3.60
1765579759251,CH1,POWER,3.60
1765579759258,CH1,POWER,3.60
1765579759263,CH1,POWER,3.60
1765579759267,CH1,POWER,3.60
1765579759271,CH1,POWER,3.60
1765579759277,CH1,POWER,3.60
1765579759281,CH1,POWER,3.60
1765579759287,CH1,POWER,3.60
1765579759291,CH1,POWER,3.60
1765579759296,CH1,POWER,3.60
1765579759303,CH1,POWER,3.60
1765579759307,CH1,POWER,3.60
1765579759313,CH1,POWER,3.60
1765579759317,CH1,POWER,3.60
1765579759325,CH1,POWER,3.60
1765579759330,CH1,POWER,3.60
1765579759336,CH1,POWER,3.60
1765579759340,CH1,POWER,3.60
1765579759344,CH1,POWER,3.60
1765579759349,CH1,POWER,3.60
1765579759355,CH1,POWER,3.60
1765579759359,CH1,POWER,3.60
1765579759367,CH1,POWER,3.60
1765579759371,CH1,POWER,3.60
1765579759376,CH1,POWER,3.60
1765579759380,CH1,POWER,3.60
1765579759386,CH1,POWER,3.60
1765579759390,CH1,POWER,3.60
1765579759394,CH1,POWER,3.60
1765579759398,CH1,POWER,3.60
1765579759403,CH1,POWER,3.60
1765579759407,CH1,POWER,3.60
1765579759413,CH1,POWER,3.60
1765579759417,CH1,POWER,3.60
1765579759421,CH1,POWER,3.60
1765579759427,CH1,POWER,3.60
1765579759431,CH1,POWER,3.60
1765579759437,CH1,POWER,3.60
1765579759446,CH1,POWER,3.60
1765579759450,CH1,POWER,3.60
1765579759457,CH1,POWER,3.60
1765579759461,CH1,POWER,3.25
1765579759486,CH1,POWER,3.25
1765579759491,CH1,POWER,3.25
1765579759496,CH1,POWER,3.25
1765579759500,CH1,POWER,3.25
1765579759506,CH1,POWER,3.25
1765579759510,CH1,POWER,3.25
1765579759517,CH1,POWER,3.25
1765579759523,CH1,POWER,3.25
1765579759529,CH1,POWER,3.25
1765579759533,CH1,POWER,3.25
1765579759539,CH1,POWER,3.25
1765579759543,CH1,POWER,3.25
1765579759550,CH1,POWER,3.25
1765579759555,CH1,POWER,3.25
1765579759560,CH1,POWER,3.25
1765579759565,CH1,POWER,3.25
1765579759569,CH1,POWER,3.25
1765579759577,CH1,POWER,3.25
1765579759583,CH1,POWER,3.25
1765579759589,CH1,POWER,3.25
1765579759595,CH1,POWER,3.25
1765579759599,CH1,POWER,3.25
1765579759605,CH1,POWER,3.25
1765579759609,CH1,POWER,3.25
1765579759613,CH1,POWER,3.25
1765579759619,CH1,POWER,3.25
1765579759624,CH1,POWER,3.25
1765579759628,CH1,POWER,3.25
1765579759633,CH1,POWER,3.25
1765579759638,CH1,POWER,3.25
1765579759642,CH1,POWER,3.25
1765579759646,CH1,POWER,3.25
1765579759651,CH1,POWER,3.25
1765579759657,CH1,POWER,3.25
1765579759661,CH1,POWER,3.25
1765579759669,CH1,POWER,3.25
1765579759677,CH1,POWER,3.25
1765579759681,CH1,POWER,3.25
1765579759687,CH1,POWER,3.25
1765579759691,CH1,POWER,3.25
1765579759696,CH1,POWER,3.25
1765579759702,CH1,POWER,3.25
1765579759710,CH1,POWER,3.25
1765579759715,CH1,POWER,3.25
1765579759719,CH1,POWER,3.25
1765579759725,CH1,POWER,3.25
1765579759730,CH1,POWER,3.25
1765579759735,CH1,POWER,3.25
1765579759739,CH1,POWER,3.25
1765579759743,CH1,POWER,3.25
1765579759749,CH1,POWER,3.25
1765579759753,CH1,POWER,3.25
1765579759759,CH1,POWER,3.25
1765579759767,CH1,POWER,3.25
1765579759772,CH1,POWER,3.25
1765579759779,CH1,POWER,3.25
1765579759783,CH1,POWER,3.25
1765579759788,CH1,POWER,3.25
1765579759793,CH1,POWER,3.25
1765579759799,CH1,POWER,3.25
1765579759803,CH1,POWER,3.25
1765579759809,CH1,POWER,3.25
1765579759815,CH1,POWER,3.25
1765579759819,CH1,POWER,3.25
1765579759823,CH1,POWER,3.25
1765579759828,CH1,POWER,3.25
1765579759833,CH1,POWER,3.25
1765579759839,CH1,POWER,3.25
1765579759845,CH1,POWER,3.25
1765579759849,CH1,POWER,3.25
1765579759853,CH1,POWER,3.25
1765579759880,CH1,POWER,3.25
1765579759885,CH1,POWER,3.25
1765579759890,CH1,POWER,3.25
1765579759895,CH1,POWER,3.25
1765579759901,CH1,POWER,3.25
1765579759909,CH1,POWER,3.25
1765579759914,CH1,POWER,3.25
1765579759921,CH1,POWER,3.25
1765579759927,CH1,POWER,3.25
1765579759931,CH1,POWER,3.25
1765579759937,CH1,POWER,3.25
1765579759941,CH1,POWER,3.25
1765579759947,CH1,POWER,3.25
1765579759951,CH1,POWER,3.25
1765579759955,CH1,POWER,3.25
1765579759961,CH1,POWER,3.25
1765579759967,CH1,POWER,3.25
1765579759971,CH1,POWER,3.25
1765579759975,CH1,POWER,3.25
1765579759981,CH1,POWER,3.25
1765579759987,CH1,POWER,3.25
1765579759991,CH1,POWER,3.25
1765579759995,CH1,POWER,3.25
1765579760001,CH1,POWER,3.25
1765579760007,CH1,POWER,3.25
1765579760011,CH1,POWER,3.25
1765579760019,CH1,POWER,3.25
1765579760023,CH1,POWER,3.25
1765579760028,CH1,POWER,3.25
1765579760032,CH1,POWER,3.25
1765579760037,CH1,POWER,3.25
1765579760041,CH1,POWER,3.25
1765579760049,CH1,POWER,3.25
1765579760054,CH1,POWER,3.25
1765579760060,CH1,POWER,3.25
1765579760067,CH1,POWER,3.25
1765579760071,CH1,POWER,3.25
1765579760077,CH1,POWER,3.25
1765579760081,CH1,POWER,3.25
1765579760087,CH1,POWER,3.25
1765579760091,CH1,POWER,3.25
1765579760095,CH1,POWER,3.25
1765579760100,CH1,POWER,3.25
1765579760105,CH1,POWER,3.25
1765579760111,CH1,POWER,3.25
1765579760117,CH1,POWER,3.25
1765579760121,CH1,POWER,3.25
1765579760125,CH1,POWER,3.25
1765579760131,CH1,POWER,3.25
1765579760137,CH1,POWER,3.25
1765579760141,CH1,POWER,3.25
1765579760145,CH1,POWER,3.25
1765579760151,CH1,POWER,3.25
1765579760157,CH1,POWER,3.25
1765579760161,CH1,POWER,3.25
1765579760165,CH1,POWER,3.25
1765579760172,CH1,POWER,3.25
1765579760177,CH1,POWER,3.25
1765579760181,CH1,POWER,3.25
1765579760187,CH1,POWER,3.25
1765579760191,CH1,POWER,3.25
1765579760195,CH1,POWER,3.25
1765579760200,CH1,POWER,3.25
1765579760205,CH1,POWER,3.25
1765579760211,CH1,POWER,3.25
1765579760217,CH1,POWER,3.25
1765579760221,CH1,POWER,3.25
1765579760227,CH1,POWER,3.25
1765579760231,CH1,POWER,3.25
1765579760234,CH1,POWER,3.25
1765579760260,CH1,POWER,3.25
1765579760265,CH1,POWER,3.25
1765579760273,CH1,POWER,3.25
1765579760279,CH1,POWER,3.25
1765579760283,CH1,POWER,3.25
1765579760289,CH1,POWER,3.25
1765579760293,CH1,POWER,3.25
1765579760297,CH1,POWER,3.25
1765579760303,CH1,POWER,3.25
1765579760309,CH1,POWER,3.25
1765579760313,CH1,POWER,3.25
1765579760317,CH1,POWER,3.25
1765579760323,CH1,POWER,3.25
1765579760327,CH1,POWER,3.25
1765579760333,CH1,POWER,3.25
1765579760337,CH1,POWER,3.25
1765579760342,CH1,POWER,3.25
1765579760347,CH1,POWER,3.25
1765579760353,CH1,POWER,3.25
1765579760359,CH1,POWER,3.25
1765579760363,CH1,POWER,3.25
1765579760369,CH1,POWER,3.25
1765579760373,CH1,POWER,3.25
1765579760379,CH1,POWER,3.25
1765579760383,CH1,POWER,3.25
1765579760387,CH1,POWER,3.25
1765579760392,CH1,POWER,3.25
1765579760397,CH1,POWER,3.25
1765579760403,CH1,POWER,3.25
1765579760407,CH1,POWER,3.25
1765579760412,CH1,POWER,3.25
1765579760416,CH1,POWER,3.25
1765579760420,CH1,POWER,3.25
1765579760424,CH1,POWER,3.25
1765579760429,CH1,POWER,3.25
1765579760433,CH1,POWER,3.25
1765579760441,CH1,POWER,3.25
1765579760445,CH1,POWER,3.25
1765579760450,CH1,POWER,3.25
1765579760454,CH1,POWER,3.25
1765579760459,CH1,POWER,3.25
1765579760463,CH1,POWER,3.25
1765579760467,CH1,POWER,3.25
1765579760472,CH1,POWER,3.25
1765579760477,CH1,POWER,3.25
1765579760483,CH1,POWER,3.25
1765579760487,CH1,POWER,3.25
1765579760492,CH1,POWER,3.25
1765579760496,CH1,POWER,3.25
1765579760500,CH1,POWER,3.25
1765579760506,CH1,POWER,3.25
1765579760510,CH1,POWER,3.25
1765579760514,CH1,POWER,3.25
1765579760521,CH1,POWER,3.25
1765579760526,CH1,POWER,3.25
1765579760533,CH1,POWER,3.25
1765579760537,CH1,POWER,3.25
1765579760542,CH1,POWER,3.25
1765579760549,CH1,POWER,3.25
1765579760553,CH1,POWER,3.25
1765579760557,CH1,POWER,3.25
1765579760563,CH1,POWER,3.25
1765579760567,CH1,POWER,3.25
1765579760572,CH1,POWER,3.25
1765579760579,CH1,POWER,3.25
1765579760583,CH1,POWER,3.25
1765579760589,CH1,POWER,3.25
1765579760593,CH1,POWER,3.25
1765579760597,CH1,POWER,3.25
1765579760603,CH1,POWER,3.25
1765579760607,CH1,POWER,3.25
1765579760613,CH1,POWER,3.25
1765579760621,CH1,POWER,3.25
1765579760624,CH1,POWER,3.25
1765579760626,CH1,POWER,3.25
1765579760652,CH1,POWER,3.25
1765579760657,CH1,POWER,3.25
1765579760662,CH1,POWER,3.25
1765579760666,CH1,POWER,3.25
1765579760671,CH1,POWER,3.25
1765579760675,CH1,POWER,3.25
1765579760681,CH1,POWER,3.25
1765579760685,CH1,POWER,3.25
1765579760691,CH1,POWER,3.25
1765579760695,CH1,POWER,3.25
1765579760699,CH1,POWER,3.25
1765579760704,CH1,POWER,3.25
1765579760708,CH1,POWER,3.25
1765579760712,CH1,POWER,3.25
1765579760717,CH1,POWER,3.25
1765579760723,CH1,POWER,3.25
1765579760727,CH1,POWER,3.25
1765579760732,CH1,POWER,3.25
1765579760736,CH1,POWER,3.25
1765579760743,CH1,POWER,3.25
1765579760747,CH1,POWER,3.25
1765579760753,CH1,POWER,3.25
1765579760757,CH1,POWER,3.25
1765579760763,CH1,POWER,3.25
1765579760767,CH1,POWER,3.25
1765579760772,CH1,POWER,3.25
1765579760776,CH1,POWER,3.25
1765579760781,CH1,POWER,3.25
1765579760785,CH1,POWER,3.25
1765579760789,CH1,POWER,3.25
1765579760794,CH1,POWER,3.25
1765579760799,CH1,POWER,3.25
1765579760805,CH1,POWER,3.25
1765579760811,CH1,POWER,3.25
1765579760815,CH1,POWER,3.25
1765579760819,CH1,POWER,3.25
1765579760825,CH1,POWER,3.25
1765579760833,CH1,POWER,3.25
1765579760837,CH1,POWER,3.25
1765579760842,CH1,POWER,3.25
1765579760846,CH1,POWER,3.25
1765579760851,CH1,POWER,3.25
1765579760855,CH1,POWER,3.25
1765579760859,CH1,POWER,3.25
1765579760865,CH1,POWER,3.25
1765579760869,CH1,POWER,3.25
1765579760875,CH1,POWER,3.25
1765579760881,CH1,POWER,3.25
1765579760885,CH1,POWER,3.25
1765579760889,CH1,POWER,3.25
1765579760894,CH1,POWER,3.25
1765579760898,CH1,POWER,3.25
1765579760902,CH1,POWER,3.25
1765579760906,CH1,POWER,3.25
1765579760913,CH1,POWER,3.25
1765579760917,CH1,POWER,3.25
1765579760923,CH1,POWER,3.25
1765579760928,CH1,POWER,3.25
1765579760935,CH1,POWER,3.25
1765579760941,CH1,POWER,3.25
1765579760945,CH1,POWER,3.25
1765579760951,CH1,POWER,3.25
1765579760955,CH1,POWER,3.25
1765579760961,CH1,POWER,3.25
1765579760965,CH1,POWER,3.25
1765579760969,CH1,POWER,3.25
1765579760975,CH1,POWER,3.25
1765579760981,CH1,POWER,3.25
1765579760985,CH1,POWER,3.25
1765579760989,CH1,POWER,3.25
1765579760995,CH1,POWER,3.25
1765579760999,CH1,POWER,3.25
1765579761004,CH1,POWER,3.25
1765579761008,CH1,POWER,3.25
1765579761015,CH1,POWER,3.25
1765579761019,CH1,POWER,3.25
1765579761047,CH1,POWER,3.65
1765579761053,CH1,POWER,3.65
1765579761057,CH1,POWER,3.65
1765579761063,CH1,POWER,3.65
1765579761067,CH1,POWER,3.65
1765579761071,CH1,POWER,3.65
1765579761077,CH1,POWER,3.65
1765579761081,CH1,POWER,3.65
1765579761086,CH1,POWER,3.65
1765579761090,CH1,POWER,3.65
1765579761097,CH1,POWER,3.65
1765579761101,CH1,POWER,3.65
1765579761106,CH1,POWER,3.65
1765579761111,CH1,POWER,3.65
1765579761117,CH1,POWER,3.65
1765579761123,CH1,POWER,3.65
1765579761127,CH1,POWER,3.65
1765579761131,CH1,POWER,3.65
1765579761136,CH1,POWER,3.65
1765579761140,CH1,POWER,3.65
1765579761144,CH1,POWER,3.65
1765579761150,CH1,POWER,3.65
1765579761157,CH1,POWER,3.65
1765579761165,CH1,POWER,3.65
1765579761169,CH1,POWER,3.65
1765579761175,CH1,POWER,3.65
1765579761180,CH1,POWER,3.65
1765579761184,CH1,POWER,3.65
1765579761189,CH1,POWER,3.65
1765579761195,CH1,POWER,3.65
1765579761200,CH1,POWER,3.65
1765579761207,CH1,POWER,3.65
1765579761211,CH1,POWER,3.65
1765579761216,CH1,POWER,3.65
1765579761221,CH1,POWER,3.65
1765579761227,CH1,POWER,3.65
1765579761231,CH1,POWER,3.65
1765579761237,CH1,POWER,3.65
1765579761243,CH1,POWER,3.65
1765579761247,CH1,POWER,3.65
1765579761251,CH1,POWER,3.65
1765579761257,CH1,POWER,3.65
1765579761263,CH1,POWER,3.65
1765579761267,CH1,POWER,3.65
1765579761273,CH1,POWER,3.65
1765579761277,CH1,POWER,3.65
1765579761281,CH1,POWER,3.65
1765579761286,CH1,POWER,3.65
1765579761290,CH1,POWER,3.65
1765579761294,CH1,POWER,3.65
1765579761298,CH1,POWER,3.65
1765579761303,CH1,POWER,3.65
1765579761307,CH1,POWER,3.65
1765579761311,CH1,POWER,3.65
1765579761317,CH1,POWER,3.65
1765579761323,CH1,POWER,3.65
1765579761327,CH1,POWER,3.65
1765579761333,CH1,POWER,3.65
1765579761337,CH1,POWER,3.65
1765579761341,CH1,POWER,3.65
1765579761347,CH1,POWER,3.65
1765579761355,CH1,POWER,3.65
1765579761360,CH1,POWER,3.65
1765579761366,CH1,POWER,3.65
1765579761371,CH1,POWER,3.65
1765579761377,CH1,POWER,3.65
1765579761383,CH1,POWER,3.65
1765579761387,CH1,POWER,3.65
1765579761393,CH1,POWER,3.65
1765579761397,CH1,POWER,3.65
1765579761401,CH1,POWER,3.65
1765579761406,CH1,POWER,3.65
1765579761410,CH1,POWER,3.65
1765579761438,CH1,POWER,3.65
1765579761443,CH1,POWER,3.65
1765579761448,CH1,POWER,3.65
1765579761452,CH1,POWER,3.65
1765579761459,CH1,POWER,3.65
1765579761465,CH1,POWER,3.65
1765579761469,CH1,POWER,3.65
1765579761475,CH1,POWER,3.65
1765579761479,CH1,POWER,3.65
1765579761483,CH1,POWER,3.65
1765579761488,CH1,POWER,3.65
1765579761492,CH1,POWER,3.65
1765579761499,CH1,POWER,3.65
1765579761503,CH1,POWER,3.65
1765579761508,CH1,POWER,3.65
1765579761513,CH1,POWER,3.65
1765579761519,CH1,POWER,3.65
1765579761523,CH1,POWER,3.65
1765579761529,CH1,POWER,3.65
1765579761535,CH1,POWER,3.65
1765579761539,CH1,POWER,3.65
1765579761543,CH1,POWER,3.65
1765579761549,CH1,POWER,3.65
1765579761555,CH1,POWER,3.65
1765579761559,CH1,POWER,3.65
1765579761563,CH1,POWER,3.65
1765579761569,CH1,POWER,3.65
1765579761575,CH1,POWER,3.65
1765579761579,CH1,POWER,3.65
1765579761583,CH1,POWER,3.65
1765579761589,CH1,POWER,3.65
1765579761595,CH1,POWER,3.65
1765579761599,CH1,POWER,3.65
1765579761605,CH1,POWER,3.65
1765579761609,CH1,POWER,3.65
1765579761613,CH1,POWER,3.65
1765579761618,CH1,POWER,3.65
1765579761622,CH1,POWER,3.65
1765579761629,CH1,POWER,3.65
1765579761633,CH1,POWER,3.65
1765579761639,CH1,POWER,3.65
1765579761643,CH1,POWER,3.65
1765579761648,CH1,POWER,3.65
1765579761653,CH1,POWER,3.65
1765579761659,CH1,POWER,3.65
1765579761665,CH1,POWER,3.65
1765579761669,CH1,POWER,3.65
1765579761675,CH1,POWER,3.65
1765579761679,CH1,POWER,3.65
1765579761683,CH1,POWER,3.65
1765579761689,CH1,POWER,3.65
1765579761695,CH1,POWER,3.65
1765579761699,CH1,POWER,3.65
1765579761703,CH1,POWER,3.65
1765579761709,CH1,POWER,3.65
1765579761715,CH1,POWER,3.65
1765579761719,CH1,POWER,3.65
1765579761725,CH1,POWER,3.65
1765579761729,CH1,POWER,3.65
1765579761733,CH1,POWER,3.65
1765579761738,CH1,POWER,3.65
1765579761743,CH1,POWER,3.65
1765579761748,CH1,POWER,3.65
1765579761753,CH1,POWER,3.65
1765579761759,CH1,POWER,3.65
1765579761763,CH1,POWER,3.65
1765579761768,CH1,POWER,3.65
1765579761772,CH1,POWER,3.65
1765579761776,CH1,POWER,3.65
1765579761780,CH1,POWER,3.65
1765579761787,CH1,POWER,3.65
1765579761792,CH1,POWER,3.65
1765579761798,CH1,POWER,3.65
1765579761801,CH1,POWER,3.25
1765579761803,CH1,POWER,3.25
1765579761831,CH1,POWER,3.25
1765579761837,CH1,POWER,3.25
1765579761841,CH1,POWER,3.25
1765579761845,CH1,POWER,3.25
1765579761851,CH1,POWER,3.25
1765579761855,CH1,POWER,3.25
1765579761861,CH1,POWER,3.25
1765579761867,CH1,POWER,3.25
1765579761871,CH1,POWER,3.25
1765579761875,CH1,POWER,3.25
1765579761881,CH1,POWER,3.25
1765579761887,CH1,POWER,3.25
1765579761891,CH1,POWER,3.25
1765579761897,CH1,POWER,3.25
1765579761901,CH1,POWER,3.25
1765579761905,CH1,POWER,3.25
1765579761911,CH1,POWER,3.25
1765579761915,CH1,POWER,3.25
1765579761920,CH1,POWER,3.25
1765579761925,CH1,POWER,3.25
1765579761931,CH1,POWER,3.25
1765579761935,CH1,POWER,3.25
1765579761941,CH1,POWER,3.25
1765579761947,CH1,POWER,3.25
1765579761951,CH1,POWER,3.25
1765579761955,CH1,POWER,3.25
1765579761960,CH1,POWER,3.25
1765579761964,CH1,POWER,3.25
1765579761968,CH1,POWER,3.25
1765579761973,CH1,POWER,3.25
1765579761979,CH1,POWER,3.25
1765579761983,CH1,POWER,3.25
1765579761988,CH1,POWER,3.25
1765579761992,CH1,POWER,3.25
1765579761997,CH1,POWER,3.25
1765579762001,CH1,POWER,3.25
1765579762005,CH1,POWER,3.25
1765579762011,CH1,POWER,3.25
1765579762017,CH1,POWER,3.25
1765579762021,CH1,POWER,3.25
1765579762027,CH1,POWER,3.25
1765579762031,CH1,POWER,3.25
1765579762035,CH1,POWER,3.25
1765579762041,CH1,POWER,3.25
1765579762047,CH1,POWER,3.25
1765579762051,CH1,POWER,3.25
1765579762055,CH1,POWER,3.25
1765579762061,CH1,POWER,3.25
1765579762067,CH1,POWER,3.25
1765579762071,CH1,POWER,3.25
1765579762075,CH1,POWER,3.25
1765579762080,CH1,POWER,3.25
1765579762084,CH1,POWER,3.25
1765579762091,CH1,POWER,3.25
1765579762095,CH1,POWER,3.25
1765579762101,CH1,POWER,3.25
1765579762105,CH1,POWER,3.25
1765579762111,CH1,POWER,3.25
1765579762117,CH1,POWER,3.25
1765579762121,CH1,POWER,3.25
1765579762129,CH1,POWER,3.25
1765579762134,CH1,POWER,3.25
1765579762138,CH1,POWER,3.25
1765579762142,CH1,POWER,3.25
1765579762146,CH1,POWER,3.25
1765579762151,CH1,POWER,3.25
1765579762155,CH1,POWER,3.25
1765579762161,CH1,POWER,3.25
1765579762165,CH1,POWER,3.25
1765579762171,CH1,POWER,3.25
1765579762175,CH1,POWER,3.25
1765579762181,CH1,POWER,3.25
1765579762185,CH1,POWER,3.25
1765579762191,CH1,POWER,3.25
1765579762195,CH1,POWER,3.25
1765579762222,CH1,POWER,3.25
1765579762226,CH1,POWER,3.25
1765579762230,CH1,POWER,3.25
1765579762234,CH1,POWER,3.25
1765579762239,CH1,POWER,3.25
1765579762243,CH1,POWER,3.25
1765579762247,CH1,POWER,3.25
1765579762253,CH1,POWER,3.25
1765579762261,CH1,POWER,3.25
1765579762266,CH1,POWER,3.25
1765579762273,CH1,POWER,3.25
1765579762277,CH1,POWER,3.25
1765579762283,CH1,POWER,3.25
1765579762287,CH1,POWER,3.25
1765579762293,CH1,POWER,3.25
1765579762301,CH1,POWER,3.25
1765579762305,CH1,POWER,3.25
1765579762310,CH1,POWER,3.25
1765579762314,CH1,POWER,3.25
1765579762319,CH1,POWER,3.25
1765579762323,CH1,POWER,3.25
1765579762331,CH1,POWER,3.25
1765579762336,CH1,POWER,3.25
1765579762343,CH1,POWER,3.25
1765579762347,CH1,POWER,3.25
1765579762352,CH1,POWER,3.25
1765579762356,CH1,POWER,3.25
1765579762360,CH1,POWER,3.25
1765579762365,CH1,POWER,3.25
1765579762371,CH1,POWER,3.25
1765579762375,CH1,POWER,3.25
1765579762380,CH1,POWER,3.25
1765579762384,CH1,POWER,3.25
1765579762390,CH1,POWER,3.25
1765579762395,CH1,POWER,3.25
1765579762401,CH1,POWER,3.25
1765579762405,CH1,POWER,3.25
1765579762410,CH1,POWER,3.25
1765579762416,CH1,POWER,3.25
1765579762423,CH1,POWER,3.25
1765579762427,CH1,POWER,3.25
1765579762432,CH1,POWER,3.25
1765579762436,CH1,POWER,3.25
1765579762440,CH1,POWER,3.25
1765579762445,CH1,POWER,3.25
1765579762451,CH1,POWER,3.25
1765579762457,CH1,POWER,3.25
1765579762462,CH1,POWER,3.25
1765579762467,CH1,POWER,3.25
1765579762473,CH1,POWER,3.25
1765579762481,CH1,POWER,3.25
1765579762486,CH1,POWER,3.25
1765579762493,CH1,POWER,3.25
1765579762497,CH1,POWER,3.25
1765579762503,CH1,POWER,3.25
1765579762509,CH1,POWER,3.25
1765579762513,CH1,POWER,3.25
1765579762519,CH1,POWER,3.25
1765579762523,CH1,POWER,3.25
1765579762529,CH1,POWER,3.25
1765579762533,CH1,POWER,3.25
1765579762537,CH1,POWER,3.25
1765579762543,CH1,POWER,3.25
1765579762547,CH1,POWER,3.25
1765579762553,CH1,POWER,3.25
1765579762559,CH1,POWER,3.25
1765579762563,CH1,POWER,3.25
1765579762568,CH1,POWER,3.25
1765579762573,CH1,POWER,3.25
1765579762577,CH1,POWER,3.25
1765579762582,CH1,POWER,3.25
1765579762586,CH1,POWER,3.25
1765579762590,CH1,POWER,3.25
1765579762594,CH1,POWER,2.60
1765579762597,CH1,POWER,2.60
1765579762622,CH1,POWER,2.60
1765579762627,CH1,POWER,2.60
1765579762635,CH1,POWER,2.60
1765579762639,CH1,POWER,2.60
1765579762644,CH1,POWER,2.60
1765579762648,CH1,POWER,2.60
1765579762655,CH1,POWER,2.60
1765579762660,CH1,POWER,2.60
1765579762665,CH1,POWER,2.60
1765579762670,CH1,POWER,2.60
1765579762675,CH1,POWER,2.60
1765579762683,CH1,POWER,2.60
1765579762688,CH1,POWER,2.60
1765579762692,CH1,POWER,2.60
1765579762697,CH1,POWER,2.60
1765579762703,CH1,POWER,2.60
1765579762708,CH1,POWER,2.60
1765579762715,CH1,POWER,2.60
1765579762719,CH1,POWER,2.60
1765579762724,CH1,POWER,2.60
1765579762729,CH1,POWER,2.60
1765579762734,CH1,POWER,2.60
1765579762739,CH1,POWER,2.60
1765579762745,CH1,POWER,2.60
1765579762751,CH1,POWER,2.60
1765579762755,CH1,POWER,2.60
1765579762763,CH1,POWER,2.60
1765579762767,CH1,POWER,2.60
1765579762773,CH1,POWER,2.60
1765579762777,CH1,POWER,2.60
1765579762783,CH1,POWER,2.60
1765579762788,CH1,POWER,2.60
1765579762792,CH1,POWER,2.60
1765579762797,CH1,POWER,2.60
1765579762803,CH1,POWER,2.60
1765579762808,CH1,POWER,2.60
1765579762815,CH1,POWER,2.60
1765579762821,CH1,POWER,2.60
1765579762825,CH1,POWER,2.60
1765579762831,CH1,POWER,2.60
1765579762835,CH1,POWER,2.60
1765579762841,CH1,POWER,2.60
1765579762845,CH1,POWER,2.60
1765579762849,CH1,POWER,2.60
1765579762854,CH1,POWER,2.60
1765579762858,CH1,POWER,2.60
1765579762862,CH1,POWER,2.60
1765579762866,CH1,POWER,2.60
1765579762872,CH1,POWER,2.60
1765579762877,CH1,POWER,2.60
1765579762882,CH1,POWER,2.60
1765579762886,CH1,POWER,2.60
1765579762891,CH1,POWER,2.60
1765579762895,CH1,POWER,2.60
1765579762903,CH1,POWER,2.60
1765579762908,CH1,POWER,2.60
1765579762915,CH1,POWER,2.60
1765579762919,CH1,POWER,2.60
1765579762924,CH1,POWER,2.60
1765579762928,CH1,POWER,2.60
1765579762934,CH1,POWER,2.60
1765579762939,CH1,POWER,2.60
1765579762945,CH1,POWER,2.60
1765579762951,CH1,POWER,2.60
1765579762955,CH1,POWER,2.60
1765579762960,CH1,POWER,2.60
1765579762965,CH1,POWER,2.60
1765579762971,CH1,POWER,2.60
1765579762975,CH1,POWER,2.60
1765579762979,CH1,POWER,2.60
1765579762984,CH1,POWER,2.60
1765579762987,CH1,POWER,3.25
1765579762989,CH1,POWER,3.25
1765579763016,CH1,POWER,3.25
1765579763021,CH1,POWER,3.25
1765579763026,CH1,POWER,3.25
1765579763030,CH1,POWER,3.25
1765579763036,CH1,POWER,3.25
1765579763041,CH1,POWER,3.25
1765579763047,CH1,POWER,3.25
1765579763053,CH1,POWER,3.25
1765579763057,CH1,POWER,3.25
1765579763063,CH1,POWER,3.25
1765579763067,CH1,POWER,3.25
1765579763073,CH1,POWER,3.25
1765579763077,CH1,POWER,3.25
1765579763081,CH1,POWER,3.25
1765579763087,CH1,POWER,3.25
1765579763091,CH1,POWER,3.25
1765579763097,CH1,POWER,3.25
1765579763101,CH1,POWER,3.25
1765579763106,CH1,POWER,3.25
1765579763110,CH1,POWER,3.25
1765579763116,CH1,POWER,3.25
1765579763120,CH1,POWER,3.25
1765579763124,CH1,POWER,3.25
1765579763128,CH1,POWER,3.25
1765579763134,CH1,POWER,3.25
1765579763139,CH1,POWER,3.25
1765579763144,CH1,POWER,3.25
1765579763149,CH1,POWER,3.25
1765579763154,CH1,POWER,3.25
1765579763159,CH1,POWER,3.25
1765579763165,CH1,POWER,3.25
1765579763170,CH1,POWER,3.25
1765579763177,CH1,POWER,3.25
1765579763183,CH1,POWER,3.25
1765579763187,CH1,POWER,3.25
1765579763193,CH1,POWER,3.25
1765579763197,CH1,POWER,3.25
1765579763202,CH1,POWER,3.25
1765579763207,CH1,POWER,3.25
1765579763213,CH1,POWER,3.25
1765579763217,CH1,POWER,3.25
1765579763225,CH1,POWER,3.25
1765579763230,CH1,POWER,3.25
1765579763237,CH1,POWER,3.25
1765579763241,CH1,POWER,3.25
1765579763247,CH1,POWER,3.25
1765579763251,CH1,POWER,3.25
1765579763257,CH1,POWER,3.25
1765579763263,CH1,POWER,3.25
1765579763267,CH1,POWER,3.25
1765579763273,CH1,POWER,3.25
1765579763277,CH1,POWER,3.25
1765579763285,CH1,POWER,3.25
1765579763290,CH1,POWER,3.25
1765579763294,CH1,POWER,3.25
1765579763299,CH1,POWER,3.25
1765579763305,CH1,POWER,3.25
1765579763309,CH1,POWER,3.25
1765579763317,CH1,POWER,3.25
1765579763325,CH1,POWER,3.25
1765579763330,CH1,POWER,3.25
1765579763334,CH1,POWER,3.25
1765579763339,CH1,POWER,3.25
1765579763345,CH1,POWER,3.25
1765579763350,CH1,POWER,3.25
1765579763357,CH1,POWER,3.25
1765579763365,CH1,POWER,3.25
1765579763370,CH1,POWER,3.25
1765579763398,CH1,POWER,3.25
1765579763403,CH1,POWER,3.25
1765579763408,CH1,POWER,3.25
1765579763414,CH1,POWER,3.25
1765579763419,CH1,POWER,3.25
1765579763423,CH1,POWER,3.25
1765579763429,CH1,POWER,3.25
1765579763434,CH1,POWER,3.25
1765579763439,CH1,POWER,3.25
1765579763444,CH1,POWER,3.25
1765579763449,CH1,POWER,3.25
1765579763455,CH1,POWER,3.25
1765579763459,CH1,POWER,3.25
1765579763463,CH1,POWER,3.25
1765579763468,CH1,POWER,3.25
1765579763472,CH1,POWER,3.25
1765579763476,CH1,POWER,3.25
1765579763481,CH1,POWER,3.25
1765579763487,CH1,POWER,3.25
1765579763491,CH1,POWER,3.25
1765579763496,CH1,POWER,3.25
1765579763500,CH1,POWER,3.25
1765579763505,CH1,POWER,3.25
1765579763509,CH1,POWER,3.25
1765579763517,CH1,POWER,3.25
1765579763522,CH1,POWER,3.25
1765579763529,CH1,POWER,3.25
1765579763537,CH1,POWER,3.25
1765579763542,CH1,POWER,3.25
1765579763548,CH1,POWER,3.25
1765579763553,CH1,POWER,3.25
1765579763559,CH1,POWER,3.25
1765579763565,CH1,POWER,3.25
1765579763569,CH1,POWER,3.25
1765579763574,CH1,POWER,3.25
1765579763579,CH1,POWER,3.25
1765579763585,CH1,POWER,3.25
1765579763589,CH1,POWER,3.25
1765579763597,CH1,POWER,3.25
1765579763603,CH1,POWER,3.25
1765579763608,CH1,POWER,3.25
1765579763612,CH1,POWER,3.25
1765579763619,CH1,POWER,3.25
1765579763623,CH1,POWER,3.25
1765579763629,CH1,POWER,3.25
1765579763637,CH1,POWER,3.25
1765579763642,CH1,POWER,3.25
1765579763649,CH1,POWER,3.25
1765579763657,CH1,POWER,3.25
1765579763663,CH1,POWER,3.25
1765579763668,CH1,POWER,3.25
1765579763673,CH1,POWER,3.25
1765579763679,CH1,POWER,3.25
1765579763683,CH1,POWER,3.25
1765579763689,CH1,POWER,3.25
1765579763693,CH1,POWER,3.25
1765579763699,CH1,POWER,3.25
1765579763705,CH1,POWER,3.25
1765579763709,CH1,POWER,3.25
1765579763717,CH1,POWER,3.25
1765579763722,CH1,POWER,3.25
1765579763729,CH1,POWER,3.25
1765579763737,CH1,POWER,3.25
1765579763742,CH1,POWER,3.25
1765579763749,CH1,POWER,3.25
1765579763754,CH1,POWER,3.25
1765579763759,CH1,POWER,3.25
1765579763763,CH1,POWER,3.25
1765579763791,CH1,POWER,3.25
1765579763797,CH1,POWER,3.25
1765579763801,CH1,POWER,3.25
1765579763809,CH1,POWER,3.25
1765579763814,CH1,POWER,3.25
1765579763818,CH1,POWER,3.25
1765579763823,CH1,POWER,3.25
1765579763828,CH1,POWER,3.25
1765579763833,CH1,POWER,3.25
1765579763839,CH1,POWER,3.25
1765579763843,CH1,POWER,3.25
1765579763848,CH1,POWER,3.25
1765579763852,CH1,POWER,3.25
1765579763857,CH1,POWER,3.25
1765579763861,CH1,POWER,3.25
1765579763869,CH1,POWER,3.25
1765579763874,CH1,POWER,3.25
1765579763881,CH1,POWER,3.25
1765579763889,CH1,POWER,3.25
1765579763894,CH1,POWER,3.25
1765579763901,CH1,POWER,3.25
1765579763909,CH1,POWER,3.25
1765579763914,CH1,POWER,3.25
1765579763921,CH1,POWER,3.25
1765579763927,CH1,POWER,3.25
1765579763931,CH1,POWER,3.25
1765579763936,CH1,POWER,3.25
1765579763941,CH1,POWER,3.25
1765579763946,CH1,POWER,3.25
1765579763951,CH1,POWER,3.25
1765579763957,CH1,POWER,3.25
1765579763961,CH1,POWER,3.25
1765579763966,CH1,POWER,3.25
1765579763971,CH1,POWER,3.25
1765579763975,CH1,POWER,3.25
1765579763981,CH1,POWER,3.25
1765579763987,CH1,POWER,3.25
1765579763991,CH1,POWER,3.25
1765579763996,CH1,POWER,3.25
1765579764001,CH1,POWER,3.25
1765579764005,CH1,POWER,3.25
1765579764011,CH1,POWER,3.25
1765579764016,CH1,POWER,3.25
1765579764021,CH1,POWER,3.25
1765579764026,CH1,POWER,3.25
1765579764031,CH1,POWER,3.25
1765579764035,CH1,POWER,3.25
1765579764041,CH1,POWER,3.25
1765579764047,CH1,POWER,3.25
1765579764051,CH1,POWER,3.25
1765579764056,CH1,POWER,3.25
1765579764061,CH1,POWER,3.25
1765579764066,CH1,POWER,3.25
1765579764071,CH1,POWER,3.25
1765579764079,CH1,POWER,3.25
1765579764084,CH1,POWER,3.25
1765579764091,CH1,POWER,3.25
1765579764096,CH1,POWER,3.25
1765579764101,CH1,POWER,3.25
1765579764107,CH1,POWER,3.25
1765579764111,CH1,POWER,3.25
1765579764119,CH1,POWER,3.25
1765579764124,CH1,POWER,3.25
1765579764131,CH1,POWER,3.25
1765579764136,CH1,POWER,3.25
1765579764141,CH1,POWER,3.25
1765579764146,CH1,POWER,3.25
1765579764150,CH1,POWER,3.65
1765579764153,CH1,POWER,3.65
1765579764156,CH1,POWER,3.65
1765579764183,CH1,POWER,3.65
1765579764189,CH1,POWER,3.65
1765579764193,CH1,POWER,3.65
1765579764198,CH1,POWER,3.65
1765579764203,CH1,POWER,3.65
1765579764207,CH1,POWER,3.65
1765579764213,CH1,POWER,3.65
1765579764218,CH1,POWER,3.65
1765579764223,CH1,POWER,3.65
1765579764227,CH1,POWER,3.65
1765579764233,CH1,POWER,3.65
1765579764241,CH1,POWER,3.65
1765579764246,CH1,POWER,3.65
1765579764253,CH1,POWER,3.65
1765579764261,CH1,POWER,3.65
1765579764266,CH1,POWER,3.65
1765579764273,CH1,POWER,3.65
1765579764278,CH1,POWER,3.65
1765579764283,CH1,POWER,3.65
1765579764289,CH1,POWER,3.65
1765579764293,CH1,POWER,3.65
1765579764301,CH1,POWER,3.65
1765579764306,CH1,POWER,3.65
1765579764313,CH1,POWER,3.65
1765579764319,CH1,POWER,3.65
1765579764323,CH1,POWER,3.65
1765579764328,CH1,POWER,3.65
1765579764333,CH1,POWER,3.65
1765579764338,CH1,POWER,3.65
1765579764343,CH1,POWER,3.65
1765579764347,CH1,POWER,3.65
1765579764352,CH1,POWER,3.65
1765579764357,CH1,POWER,3.65
1765579764362,CH1,POWER,3.65
1765579764366,CH1,POWER,3.65
1765579764372,CH1,POWER,3.65
1765579764377,CH1,POWER,3.65
1765579764383,CH1,POWER,3.65
1765579764387,CH1,POWER,3.65
1765579764392,CH1,POWER,3.65
1765579764398,CH1,POWER,3.65
1765579764403,CH1,POWER,3.65
1765579764408,CH1,POWER,3.65
1765579764413,CH1,POWER,3.65
1765579764417,CH1,POWER,3.65
1765579764422,CH1,POWER,3.65
1765579764426,CH1,POWER,3.65
1765579764430,CH1,POWER,3.65
1765579764434,CH1,POWER,3.65
1765579764441,CH1,POWER,3.65
1765579764446,CH1,POWER,3.65
1765579764453,CH1,POWER,3.65
1765579764459,CH1,POWER,3.65
1765579764463,CH1,POWER,3.65
1765579764468,CH1,POWER,3.65
1765579764473,CH1,POWER,3.65
1765579764478,CH1,POWER,3.65
1765579764483,CH1,POWER,3.65
1765579764491,CH1,POWER,3.65
1765579764496,CH1,POWER,3.65
1765579764503,CH1,POWER,3.65
1765579764508,CH1,POWER,3.65
1765579764513,CH1,POWER,3.65
1765579764518,CH1,POWER,3.65
1765579764523,CH1,POWER,3.65
1765579764531,CH1,POWER,3.65
1765579764536,CH1,POWER,3.65
1765579764542,CH1,POWER,3.65
1765579764547,CH1,POWER,3.65
1765579764552,CH1,POWER,3.65
1765579764554,CH1,POWER,3.70
1765579764557,CH1,POWER,3.70
1765579764584,CH1,POWER,3.70
1765579764591,CH1,POWER,3.70
1765579764595,CH1,POWER,3.70
1765579764599,CH1,POWER,3.70
1765579764604,CH1,POWER,3.70
1765579764608,CH1,POWER,3.70
1765579764615,CH1,POWER,3.70
1765579764623,CH1,POWER,3.70
1765579764628,CH1,POWER,3.70
1765579764635,CH1,POWER,3.70
1765579764643,CH1,POWER,3.70
1765579764648,CH1,POWER,3.70
1765579764655,CH1,POWER,3.70
1765579764660,CH1,POWER,3.70
1765579764665,CH1,POWER,3.70
1765579764670,CH1,POWER,3.70
1765579764675,CH1,POWER,3.70
1765579764680,CH1,POWER,3.70
1765579764685,CH1,POWER,3.70
1765579764691,CH1,POWER,3.70
1765579764695,CH1,POWER,3.70
1765579764703,CH1,POWER,3.70
1765579764708,CH1,POWER,3.70
1765579764715,CH1,POWER,3.70
1765579764723,CH1,POWER,3.70
1765579764728,CH1,POWER,3.70
1765579764735,CH1,POWER,3.70
1765579764740,CH1,POWER,3.70
1765579764745,CH1,POWER,3.70
1765579764750,CH1,POWER,3.70
1765579764755,CH1,POWER,3.70
1765579764761,CH1,POWER,3.70
1765579764766,CH1,POWER,3.70
1765579764771,CH1,POWER,3.70
1765579764775,CH1,POWER,3.70
1765579764779,CH1,POWER,3.70
1765579764785,CH1,POWER,3.70
1765579764790,CH1,POWER,3.70
1765579764795,CH1,POWER,3.70
1765579764801,CH1,POWER,3.70
1765579764805,CH1,POWER,3.70
1765579764811,CH1,POWER,3.70
1765579764815,CH1,POWER,3.70
1765579764819,CH1,POWER,3.70
1765579764825,CH1,POWER,3.70
1765579764830,CH1,POWER,3.70
1765579764835,CH1,POWER,3.70
1765579764839,CH1,POWER,3.70
1765579764845,CH1,POWER,3.70
1765579764851,CH1,POWER,3.70
1765579764855,CH1,POWER,3.70
1765579764860,CH1,POWER,3.70
1765579764865,CH1,POWER,3.70
1765579764870,CH1,POWER,3.70
1765579764875,CH1,POWER,3.70
1765579764879,CH1,POWER,3.70
1765579764885,CH1,POWER,3.70
1765579764889,CH1,POWER,3.70
1765579764895,CH1,POWER,3.70
1765579764903,CH1,POWER,3.70
1765579764908,CH1,POWER,3.70
1765579764915,CH1,POWER,3.70
1765579764921,CH1,POWER,3.70
1765579764925,CH1,POWER,3.70
1765579764929,CH1,POWER,3.70
1765579764935,CH1,POWER,3.70
1765579764940,CH1,POWER,3.70
1765579764945,CH1,POWER,3.70
1765579764950,CH1,POWER,3.70
1765579764953,CH1,POWER,3.25
1765579764956,CH1,POWER,3.25
1765579764959,CH1,POWER,3.25
1765579764986,CH1,POWER,3.25
1765579764991,CH1,POWER,3.25
1765579764996,CH1,POWER,3.25
1765579765003,CH1,POWER,3.25
1765579765007,CH1,POWER,3.25
1765579765012,CH1,POWER,3.25
1765579765017,CH1,POWER,3.25
1765579765025,CH1,POWER,3.25
1765579765030,CH1,POWER,3.25
1765579765036,CH1,POWER,3.25
1765579765041,CH1,POWER,3.25
1765579765047,CH1,POWER,3.25
1765579765052,CH1,POWER,3.25
1765579765057,CH1,POWER,3.25
1765579765065,CH1,POWER,3.25
1765579765069,CH1,POWER,3.25
1765579765074,CH1,POWER,3.25
1765579765079,CH1,POWER,3.25
1765579765085,CH1,POWER,3.25
1765579765090,CH1,POWER,3.25
1765579765097,CH1,POWER,3.25
1765579765101,CH1,POWER,3.25
1765579765107,CH1,POWER,3.25
1765579765112,CH1,POWER,3.25
1765579765117,CH1,POWER,3.25
1765579765121,CH1,POWER,3.25
1765579765126,CH1,POWER,3.25
1765579765131,CH1,POWER,3.25
1765579765136,CH1,POWER,3.25
1765579765140,CH1,POWER,3.25
1765579765147,CH1,POWER,3.25
1765579765152,CH1,POWER,3.25
1765579765157,CH1,POWER,3.25
1765579765161,CH1,POWER,3.25
1765579765167,CH1,POWER,3.25
1765579765171,CH1,POWER,3.25
1765579765177,CH1,POWER,3.25
1765579765181,CH1,POWER,3.25
1765579765186,CH1,POWER,3.25
1765579765193,CH1,POWER,3.25
1765579765197,CH1,POWER,3.25
1765579765202,CH1,POWER,3.25
1765579765207,CH1,POWER,3.25
1765579765213,CH1,POWER,3.25
1765579765217,CH1,POWER,3.25
1765579765225,CH1,POWER,3.25
1765579765229,CH1,POWER,3.25
1765579765235,CH1,POWER,3.25
1765579765239,CH1,POWER,3.25
1765579765244,CH1,POWER,3.25
1765579765248,CH1,POWER,3.25
1765579765255,CH1,POWER,3.25
1765579765260,CH1,POWER,3.25
1765579765267,CH1,POWER,3.25
1765579765271,CH1,POWER,3.25
1765579765277,CH1,POWER,3.25
1765579765285,CH1,POWER,3.25
1765579765290,CH1,POWER,3.25
1765579765296,CH1,POWER,3.25
1765579765300,CH1,POWER,3.25
1765579765306,CH1,POWER,3.25
1765579765311,CH1,POWER,3.25
1765579765317,CH1,POWER,3.25
1765579765322,CH1,POWER,3.25
1765579765327,CH1,POWER,3.25
1765579765331,CH1,POWER,3.25
1765579765337,CH1,POWER,3.25
1765579765342,CH1,POWER,3.25
1765579765347,CH1,POWER,3.25
1765579765350,CH1,POWER,3.25
1765579765376,CH1,POWER,3.25
1765579765381,CH1,POWER,3.25
1765579765389,CH1,POWER,3.25
1765579765393,CH1,POWER,3.25
1765579765398,CH1,POWER,3.25
1765579765403,CH1,POWER,3.25
1765579765409,CH1,POWER,3.25
1765579765414,CH1,POWER,3.25
1765579765419,CH1,POWER,3.25
1765579765423,CH1,POWER,3.25
1765579765429,CH1,POWER,3.25
1765579765434,CH1,POWER,3.25
1765579765439,CH1,POWER,3.25
1765579765443,CH1,POWER,3.25
1765579765449,CH1,POWER,3.25
1765579765454,CH1,POWER,3.25
1765579765459,CH1,POWER,3.25
1765579765467,CH1,POWER,3.25
1765579765471,CH1,POWER,3.25
1765579765477,CH1,POWER,3.25
1765579765483,CH1,POWER,3.25
1765579765489,CH1,POWER,3.25
1765579765494,CH1,POWER,3.25
1765579765499,CH1,POWER,3.25
1765579765504,CH1,POWER,3.25
1765579765509,CH1,POWER,3.25
1765579765514,CH1,POWER,3.25
1765579765519,CH1,POWER,3.25
1765579765524,CH1,POWER,3.25
1765579765529,CH1,POWER,3.25
1765579765533,CH1,POWER,3.25
1765579765539,CH1,POWER,3.25
1765579765544,CH1,POWER,3.25
1765579765549,CH1,POWER,3.25
1765579765554,CH1,POWER,3.25
1765579765559,CH1,POWER,3.25
1765579765564,CH1,POWER,3.25
1765579765569,CH1,POWER,3.25
1765579765573,CH1,POWER,3.25
1765579765579,CH1,POWER,3.25
1765579765584,CH1,POWER,3.25
1765579765589,CH1,POWER,3.25
1765579765594,CH1,POWER,3.25
1765579765599,CH1,POWER,3.25
1765579765607,CH1,POWER,3.25
1765579765612,CH1,POWER,3.25
1765579765619,CH1,POWER,3.25
1765579765624,CH1,POWER,3.25
1765579765629,CH1,POWER,3.25
1765579765634,CH1,POWER,3.25
1765579765639,CH1,POWER,3.25
1765579765643,CH1,POWER,3.25
1765579765648,CH1,POWER,3.25
1765579765654,CH1,POWER,3.25
1765579765659,CH1,POWER,3.25
1765579765664,CH1,POWER,3.25
1765579765669,CH1,POWER,3.25
1765579765673,CH1,POWER,3.25
1765579765678,CH1,POWER,3.25
1765579765682,CH1,POWER,3.25
1765579765686,CH1,POWER,3.25
1765579765690,CH1,POWER,3.25
1765579765696,CH1,POWER,3.25
1765579765700,CH1,POWER,3.25
1765579765707,CH1,POWER,3.25
1765579765713,CH1,POWER,3.25
1765579765718,CH1,POWER,3.25
1765579765722,CH1,POWER,3.25
1765579765729,CH1,POWER,3.25
1765579765733,CH1,POWER,3.25
1765579765738,CH1,POWER,3.25
1765579765741,CH1,POWER,3.25
1765579765743,CH1,POWER,3.25
1765579765771,CH1,POWER,3.25
1765579765777,CH1,POWER,3.25
1765579765781,CH1,POWER,3.25
1765579765785,CH1,POWER,3.25
1765579765790,CH1,POWER,3.25
1765579765795,CH1,POWER,3.25
1765579765801,CH1,POWER,3.25
1765579765806,CH1,POWER,3.25
1765579765811,CH1,POWER,3.25
1765579765815,CH1,POWER,3.25
1765579765820,CH1,POWER,3.25
1765579765825,CH1,POWER,3.25
1765579765831,CH1,POWER,3.25
1765579765836,CH1,POWER,3.25
1765579765841,CH1,POWER,3.25
1765579765846,CH1,POWER,3.25
1765579765851,CH1,POWER,3.25
1765579765859,CH1,POWER,3.25
1765579765863,CH1,POWER,3.25
1765579765868,CH1,POWER,3.25
1765579765872,CH1,POWER,3.25
1765579765876,CH1,POWER,3.25
1765579765881,CH1,POWER,3.25
1765579765885,CH1,POWER,3.25
1765579765891,CH1,POWER,3.25
1765579765895,CH1,POWER,3.25
1765579765901,CH1,POWER,3.25
1765579765906,CH1,POWER,3.25
1765579765911,CH1,POWER,3.25
1765579765915,CH1,POWER,3.25
1765579765920,CH1,POWER,3.25
1765579765925,CH1,POWER,3.25
1765579765930,CH1,POWER,3.25
1765579765934,CH1,POWER,3.25
1765579765938,CH1,POWER,3.25
1765579765944,CH1,POWER,3.25
1765579765951,CH1,POWER,3.25
1765579765957,CH1,POWER,3.25
1765579765961,CH1,POWER,3.25
1765579765967,CH1,POWER,3.25
1765579765971,CH1,POWER,3.25
1765579765977,CH1,POWER,3.25
1765579765981,CH1,POWER,3.25
1765579765989,CH1,POWER,3.25
1765579765994,CH1,POWER,3.25
1765579766001,CH1,POWER,3.25
1765579766006,CH1,POWER,3.25
1765579766011,CH1,POWER,3.25
1765579766016,CH1,POWER,3.25
1765579766021,CH1,POWER,3.25
1765579766026,CH1,POWER,3.25
1765579766031,CH1,POWER,3.25
1765579766035,CH1,POWER,3.25
1765579766041,CH1,POWER,3.25
1765579766046,CH1,POWER,3.25
1765579766051,CH1,POWER,3.25
1765579766056,CH1,POWER,3.25
1765579766061,CH1,POWER,3.25
1765579766065,CH1,POWER,3.25
1765579766071,CH1,POWER,3.25
1765579766076,CH1,POWER,3.25
1765579766081,CH1,POWER,3.25
1765579766086,CH1,POWER,3.25
1765579766091,CH1,POWER,3.25
1765579766095,CH1,POWER,3.25
1765579766101,CH1,POWER,3.25
1765579766106,CH1,POWER,3.25
1765579766111,CH1,POWER,3.25
1765579766119,CH1,POWER,3.25
1765579766125,CH1,POWER,3.25
1765579766130,CH1,POWER,3.25
1765579766133,CH1,POWER,3.55
1765579766160,CH1,POWER,3.55
1765579766166,CH1,POWER,3.55
1765579766170,CH1,POWER,3.55
1765579766174,CH1,POWER,3.55
1765579766178,CH1,POWER,3.55
1765579766183,CH1,POWER,3.55
1765579766187,CH1,POWER,3.55
1765579766193,CH1,POWER,3.55
1765579766197,CH1,POWER,3.55
1765579766203,CH1,POWER,3.55
1765579766207,CH1,POWER,3.55
1765579766213,CH1,POWER,3.55
1765579766218,CH1,POWER,3.55
1765579766223,CH1,POWER,3.55
1765579766227,CH1,POWER,3.55
1765579766233,CH1,POWER,3.55
1765579766238,CH1,POWER,3.55
1765579766243,CH1,POWER,3.55
1765579766248,CH1,POWER,3.55
1765579766253,CH1,POWER,3.55
1765579766258,CH1,POWER,3.55
1765579766263,CH1,POWER,3.55
1765579766268,CH1,POWER,3.55
1765579766273,CH1,POWER,3.55
1765579766278,CH1,POWER,3.55
1765579766283,CH1,POWER,3.55
1765579766287,CH1,POWER,3.55
1765579766293,CH1,POWER,3.55
1765579766298,CH1,POWER,3.55
1765579766303,CH1,POWER,3.55
1765579766308,CH1,POWER,3.55
1765579766313,CH1,POWER,3.55
1765579766318,CH1,POWER,3.55
1765579766323,CH1,POWER,3.55
1765579766328,CH1,POWER,3.55
1765579766333,CH1,POWER,3.55
1765579766341,CH1,POWER,3.55
1765579766345,CH1,POWER,3.55
1765579766350,CH1,POWER,3.55
1765579766354,CH1,POWER,3.55
1765579766358,CH1,POWER,3.55
1765579766363,CH1,POWER,3.55
1765579766368,CH1,POWER,3.55
1765579766373,CH1,POWER,3.55
1765579766378,CH1,POWER,3.55
1765579766383,CH1,POWER,3.55
1765579766387,CH1,POWER,3.55
1765579766393,CH1,POWER,3.55
1765579766398,CH1,POWER,3.55
1765579766403,CH1,POWER,3.55
1765579766408,CH1,POWER,3.55
1765579766413,CH1,POWER,3.55
1765579766418,CH1,POWER,3.55
1765579766423,CH1,POWER,3.55
1765579766427,CH1,POWER,3.55
1765579766433,CH1,POWER,3.55
1765579766437,CH1,POWER,3.55
1765579766443,CH1,POWER,3.55
1765579766447,CH1,POWER,3.55
1765579766452,CH1,POWER,3.55
1765579766457,CH1,POWER,3.55
1765579766463,CH1,POWER,3.55
1765579766467,CH1,POWER,3.55
1765579766473,CH1,POWER,3.55
1765579766477,CH1,POWER,3.55
1765579766483,CH1,POWER,3.55
1765579766491,CH1,POWER,3.55
1765579766496,CH1,POWER,3.55
1765579766503,CH1,POWER,3.55
1765579766511,CH1,POWER,3.55
1765579766516,CH1,POWER,3.55
1765579766523,CH1,POWER,3.55
1765579766526,CH1,POWER,3.40
1765579766552,CH1,POWER,3.40
1765579766557,CH1,POWER,3.40
1765579766562,CH1,POWER,3.40
1765579766568,CH1,POWER,3.40
1765579766575,CH1,POWER,3.40
1765579766580,CH1,POWER,3.40
1765579766585,CH1,POWER,3.40
1765579766590,CH1,POWER,3.40
1765579766595,CH1,POWER,3.40
1765579766599,CH1,POWER,3.40
1765579766604,CH1,POWER,3.40
1765579766609,CH1,POWER,3.40
1765579766614,CH1,POWER,3.40
1765579766620,CH1,POWER,3.40
1765579766625,CH1,POWER,3.40
1765579766630,CH1,POWER,3.40
1765579766635,CH1,POWER,3.40
1765579766640,CH1,POWER,3.40
1765579766645,CH1,POWER,3.40
1765579766649,CH1,POWER,3.40
1765579766655,CH1,POWER,3.40
1765579766660,CH1,POWER,3.40
1765579766665,CH1,POWER,3.40
1765579766670,CH1,POWER,3.40
1765579766675,CH1,POWER,3.40
1765579766679,CH1,POWER,3.40
1765579766684,CH1,POWER,3.40
1765579766688,CH1,POWER,3.40
1765579766692,CH1,POWER,3.40
1765579766696,CH1,POWER,3.40
1765579766700,CH1,POWER,3.40
1765579766705,CH1,POWER,3.40
1765579766709,CH1,POWER,3.40
1765579766714,CH1,POWER,3.40
1765579766718,CH1,POWER,3.40
1765579766724,CH1,POWER,3.40
1765579766728,CH1,POWER,3.40
1765579766735,CH1,POWER,3.40
1765579766740,CH1,POWER,3.40
1765579766745,CH1,POWER,3.40
1765579766750,CH1,POWER,3.40
1765579766755,CH1,POWER,3.40
1765579766760,CH1,POWER,3.40
1765579766765,CH1,POWER,3.40
1765579766769,CH1,POWER,3.40
1765579766775,CH1,POWER,3.40
1765579766783,CH1,POWER,3.40
1765579766788,CH1,POWER,3.40
1765579766795,CH1,POWER,3.40
1765579766803,CH1,POWER,3.40
1765579766808,CH1,POWER,3.40
1765579766815,CH1,POWER,3.40
1765579766820,CH1,POWER,3.40
1765579766825,CH1,POWER,3.40
1765579766830,CH1,POWER,3.40
1765579766835,CH1,POWER,3.40
1765579766839,CH1,POWER,3.40
1765579766844,CH1,POWER,3.40
1765579766849,CH1,POWER,3.40
1765579766854,CH1,POWER,3.40
1765579766859,CH1,POWER,3.40
1765579766864,CH1,POWER,3.40
1765579766868,CH1,POWER,3.40
1765579766874,CH1,POWER,3.40
1765579766878,CH1,POWER,3.40
1765579766885,CH1,POWER,3.40
1765579766893,CH1,POWER,3.40
1765579766898,CH1,POWER,3.40
1765579766902,CH1,POWER,3.40
1765579766908,CH1,POWER,3.40
1765579766912,CH1,POWER,3.40
1765579766916,CH1,POWER,3.40
1765579766918,CH1,POWER,3.25
1765579766944,CH1,POWER,3.25
1765579766949,CH1,POWER,3.25
1765579766954,CH1,POWER,3.25
1765579766959,CH1,POWER,3.25
1765579766965,CH1,POWER,3.25
1765579766970,CH1,POWER,3.25
1765579766977,CH1,POWER,3.25
1765579766982,CH1,POWER,3.25
1765579766987,CH1,POWER,3.25
1765579766992,CH1,POWER,3.25
1765579766997,CH1,POWER,3.25
1765579767005,CH1,POWER,3.25
1765579767010,CH1,POWER,3.25
1765579767017,CH1,POWER,3.25
1765579767022,CH1,POWER,3.25
1765579767027,CH1,POWER,3.25
1765579767032,CH1,POWER,3.25
1765579767037,CH1,POWER,3.25
1765579767042,CH1,POWER,3.25
1765579767047,CH1,POWER,3.25
1765579767051,CH1,POWER,3.25
1765579767057,CH1,POWER,3.25
1765579767062,CH1,POWER,3.25
1765579767067,CH1,POWER,3.25
1765579767075,CH1,POWER,3.25
1765579767081,CH1,POWER,3.25
1765579767086,CH1,POWER,3.25
1765579767091,CH1,POWER,3.25
1765579767096,CH1,POWER,3.25
1765579767101,CH1,POWER,3.25
1765579767107,CH1,POWER,3.25
1765579767112,CH1,POWER,3.25
1765579767117,CH1,POWER,3.25
1765579767122,CH1,POWER,3.25
1765579767127,CH1,POWER,3.25
1765579767132,CH1,POWER,3.25
1765579767137,CH1,POWER,3.25
1765579767145,CH1,POWER,3.25
1765579767151,CH1,POWER,3.25
1765579767156,CH1,POWER,3.25
1765579767161,CH1,POWER,3.25
1765579767167,CH1,POWER,3.25
1765579767172,CH1,POWER,3.25
1765579767177,CH1,POWER,3.25
1765579767183,CH1,POWER,3.25
1765579767187,CH1,POWER,3.25
1765579767191,CH1,POWER,3.25
1765579767196,CH1,POWER,3.25
1765579767201,CH1,POWER,3.25
1765579767207,CH1,POWER,3.25
1765579767211,CH1,POWER,3.25
1765579767216,CH1,POWER,3.25
1765579767222,CH1,POWER,3.25
1765579767227,CH1,POWER,3.25
1765579767232,CH1,POWER,3.25
1765579767237,CH1,POWER,3.25
1765579767241,CH1,POWER,3.25
1765579767247,CH1,POWER,3.25
1765579767251,CH1,POWER,3.25
1765579767256,CH1,POWER,3.25
1765579767262,CH1,POWER,3.25
1765579767267,CH1,POWER,3.25
1765579767275,CH1,POWER,3.25
1765579767279,CH1,POWER,3.25
1765579767284,CH1,POWER,3.25
1765579767288,CH1,POWER,3.25
1765579767295,CH1,POWER,3.25
1765579767300,CH1,POWER,3.25
1765579767326,CH1,POWER,3.25
1765579767331,CH1,POWER,3.25
1765579767336,CH1,POWER,3.25
1765579767342,CH1,POWER,3.25
1765579767348,CH1,POWER,3.25
1765579767353,CH1,POWER,3.25
1765579767358,CH1,POWER,3.25
1765579767363,CH1,POWER,3.25
1765579767368,CH1,POWER,3.25
1765579767374,CH1,POWER,3.25
1765579767379,CH1,POWER,3.25
1765579767384,CH1,POWER,3.25
1765579767389,CH1,POWER,3.25
1765579767393,CH1,POWER,3.25
1765579767399,CH1,POWER,3.25
1765579767407,CH1,POWER,3.25
1765579767412,CH1,POWER,3.25
1765579767419,CH1,POWER,3.25
1765579767427,CH1,POWER,3.25
1765579767432,CH1,POWER,3.25
1765579767439,CH1,POWER,3.25
1765579767444,CH1,POWER,3.25
1765579767449,CH1,POWER,3.25
1765579767454,CH1,POWER,3.25
1765579767459,CH1,POWER,3.25
1765579767464,CH1,POWER,3.25
1765579767469,CH1,POWER,3.25
1765579767477,CH1,POWER,3.25
1765579767483,CH1,POWER,3.25
1765579767489,CH1,POWER,3.25
1765579767497,CH1,POWER,3.25
1765579767503,CH1,POWER,3.25
1765579767508,CH1,POWER,3.25
1765579767514,CH1,POWER,3.25
1765579767519,CH1,POWER,3.25
1765579767524,CH1,POWER,3.25
1765579767529,CH1,POWER,3.25
1765579767537,CH1,POWER,3.25
1765579767543,CH1,POWER,3.25
1765579767548,CH1,POWER,3.25
1765579767553,CH1,POWER,3.25
1765579767558,CH1,POWER,3.25
1765579767562,CH1,POWER,3.25
1765579767568,CH1,POWER,3.25
1765579767573,CH1,POWER,3.25
1765579767578,CH1,POWER,3.25
1765579767584,CH1,POWER,3.25
1765579767589,CH1,POWER,3.25
1765579767594,CH1,POWER,3.25
1765579767599,CH1,POWER,3.25
1765579767607,CH1,POWER,3.25
1765579767612,CH1,POWER,3.25
1765579767619,CH1,POWER,3.25
1765579767623,CH1,POWER,3.25
1765579767628,CH1,POWER,3.25
1765579767633,CH1,POWER,3.25
1765579767638,CH1,POWER,3.25
1765579767643,CH1,POWER,3.25
1765579767649,CH1,POWER,3.25
1765579767654,CH1,POWER,3.25
1765579767659,CH1,POWER,3.25
1765579767663,CH1,POWER,3.25
1765579767668,CH1,POWER,3.25
1765579767673,CH1,POWER,3.25
1765579767678,CH1,POWER,3.25
1765579767683,CH1,POWER,3.25
1765579767689,CH1,POWER,3.25
1765579767692,CH1,POWER,3.25
1765579767718,CH1,POWER,3.25
1765579767723,CH1,POWER,3.25
1765579767728,CH1,POWER,3.25
1765579767733,CH1,POWER,3.25
1765579767738,CH1,POWER,3.25
1765579767744,CH1,POWER,3.25
1765579767748,CH1,POWER,3.25
1765579767754,CH1,POWER,3.25
1765579767761,CH1,POWER,3.25
1765579767766,CH1,POWER,3.25
1765579767771,CH1,POWER,3.25
1765579767776,CH1,POWER,3.25
1765579767781,CH1,POWER,3.25
1765579767786,CH1,POWER,3.25
1765579767791,CH1,POWER,3.25
1765579767799,CH1,POWER,3.25
1765579767804,CH1,POWER,3.25
1765579767810,CH1,POWER,3.25
1765579767815,CH1,POWER,3.25
1765579767820,CH1,POWER,3.25
1765579767825,CH1,POWER,3.25
1765579767830,CH1,POWER,3.25
1765579767835,CH1,POWER,3.25
1765579767840,CH1,POWER,3.25
1765579767845,CH1,POWER,3.25
1765579767850,CH1,POWER,3.25
1765579767855,CH1,POWER,3.25
1765579767860,CH1,POWER,3.25
1765579767866,CH1,POWER,3.25
1765579767871,CH1,POWER,3.25
1765579767876,CH1,POWER,3.25
1765579767881,CH1,POWER,3.25
1765579767885,CH1,POWER,3.25
1765579767890,CH1,POWER,3.25
1765579767895,CH1,POWER,3.25
1765579767900,CH1,POWER,3.25
1765579767906,CH1,POWER,3.25
1765579767911,CH1,POWER,3.25
1765579767916,CH1,POWER,3.25
1765579767921,CH1,POWER,3.25
1765579767926,CH1,POWER,3.25
1765579767931,CH1,POWER,3.25
1765579767936,CH1,POWER,3.25
1765579767941,CH1,POWER,3.25
1765579767949,CH1,POWER,3.25
1765579767954,CH1,POWER,3.25
1765579767961,CH1,POWER,3.25
1765579767965,CH1,POWER,3.25
1765579767970,CH1,POWER,3.25
1765579767976,CH1,POWER,3.25
1765579767981,CH1,POWER,3.25
1765579767986,CH1,POWER,3.25
1765579767991,CH1,POWER,3.25
1765579767996,CH1,POWER,3.25
1765579768001,CH1,POWER,3.25
1765579768005,CH1,POWER,3.25
1765579768010,CH1,POWER,3.25
1765579768016,CH1,POWER,3.25
1765579768021,CH1,POWER,3.25
1765579768026,CH1,POWER,3.25
1765579768031,CH1,POWER,3.25
1765579768035,CH1,POWER,3.25
1765579768040,CH1,POWER,3.25
1765579768046,CH1,POWER,3.25
1765579768051,CH1,POWER,3.25
1765579768056,CH1,POWER,3.25
1765579768061,CH1,POWER,3.25
1765579768069,CH1,POWER,3.25
1765579768074,CH1,POWER,3.25
1765579768080,CH1,POWER,3.25
1765579768085,CH1,POWER,3.25
1765579768112,CH1,POWER,3.15
1765579768117,CH1,POWER,3.15
1765579768122,CH1,POWER,3.15
1765579768128,CH1,POWER,3.15
1765579768133,CH1,POWER,3.15
1765579768137,CH1,POWER,3.15
1765579768142,CH1,POWER,3.15
1765579768147,CH1,POWER,3.15
1765579768152,CH1,POWER,3.15
1765579768157,CH1,POWER,3.15
1765579768162,CH1,POWER,3.15
1765579768167,CH1,POWER,3.15
1765579768172,CH1,POWER,3.15
1765579768177,CH1,POWER,3.15
1765579768182,CH1,POWER,3.15
1765579768187,CH1,POWER,3.15
1765579768193,CH1,POWER,3.15
1765579768198,CH1,POWER,3.15
1765579768203,CH1,POWER,3.15
1765579768211,CH1,POWER,3.15
1765579768216,CH1,POWER,3.15
1765579768223,CH1,POWER,3.15
1765579768226,CH1,POWER,3.15
1765579768232,CH1,POWER,3.15
1765579768236,CH1,POWER,3.15
1765579768242,CH1,POWER,3.15
1765579768247,CH1,POWER,3.15
1765579768253,CH1,POWER,3.15
1765579768261,CH1,POWER,3.15
1765579768266,CH1,POWER,3.15
1765579768272,CH1,POWER,3.15
1765579768277,CH1,POWER,3.15
1765579768282,CH1,POWER,3.15
1765579768287,CH1,POWER,3.15
1765579768293,CH1,POWER,3.15
1765579768298,CH1,POWER,3.15
1765579768303,CH1,POWER,3.15
1765579768307,CH1,POWER,3.15
1765579768312,CH1,POWER,3.15
1765579768316,CH1,POWER,3.15
1765579768323,CH1,POWER,3.15
1765579768331,CH1,POWER,3.15
1765579768336,CH1,POWER,3.15
1765579768343,CH1,POWER,3.15
1765579768348,CH1,POWER,3.15
1765579768353,CH1,POWER,3.15
1765579768358,CH1,POWER,3.15
1765579768363,CH1,POWER,3.15
1765579768368,CH1,POWER,3.15
1765579768373,CH1,POWER,3.15
1765579768377,CH1,POWER,3.15
1765579768382,CH1,POWER,3.15
1765579768387,CH1,POWER,3.15
1765579768392,CH1,POWER,3.15
1765579768396,CH1,POWER,3.15
1765579768402,CH1,POWER,3.15
1765579768407,CH1,POWER,3.15
1765579768412,CH1,POWER,3.15
1765579768416,CH1,POWER,3.15
1765579768423,CH1,POWER,3.15
1765579768427,CH1,POWER,3.15
1765579768432,CH1,POWER,3.15
1765579768437,CH1,POWER,3.15
1765579768443,CH1,POWER,3.15
1765579768451,CH1,POWER,3.15
1765579768457,CH1,POWER,3.15
1765579768462,CH1,POWER,3.15
1765579768468,CH1,POWER,3.15
1765579768473,CH1,POWER,3.15
1765579768476,CH1,POWER,2.55
1765579768504,CH1,POWER,2.55
1765579768509,CH1,POWER,2.55
1765579768514,CH1,POWER,2.55
1765579768518,CH1,POWER,2.55
1765579768525,CH1,POWER,2.55
1765579768530,CH1,POWER,2.55
1765579768535,CH1,POWER,2.55
1765579768540,CH1,POWER,2.55
1765579768545,CH1,POWER,2.55
1765579768549,CH1,POWER,2.55
1765579768554,CH1,POWER,2.55
1765579768558,CH1,POWER,2.55
1765579768565,CH1,POWER,2.55
1765579768570,CH1,POWER,2.55
1765579768575,CH1,POWER,2.55
1765579768580,CH1,POWER,2.55
1765579768585,CH1,POWER,2.55
1765579768590,CH1,POWER,2.55
1765579768595,CH1,POWER,2.55
1765579768603,CH1,POWER,2.55
1765579768608,CH1,POWER,2.55
1765579768615,CH1,POWER,2.55
1765579768620,CH1,POWER,2.55
1765579768625,CH1,POWER,2.55
1765579768630,CH1,POWER,2.55
1765579768635,CH1,POWER,2.55
1765579768640,CH1,POWER,2.55
1765579768645,CH1,POWER,2.55
1765579768649,CH1,POWER,2.55
1765579768654,CH1,POWER,2.55
1765579768659,CH1,POWER,2.55
1765579768664,CH1,POWER,2.55
1765579768668,CH1,POWER,2.55
1765579768673,CH1,POWER,2.55
1765579768678,CH1,POWER,2.55
1765579768682,CH1,POWER,2.55
1765579768688,CH1,POWER,2.55
1765579768695,CH1,POWER,2.55
1765579768700,CH1,POWER,2.55
1765579768705,CH1,POWER,2.55
1765579768713,CH1,POWER,2.55
1765579768718,CH1,POWER,2.55
1765579768725,CH1,POWER,2.55
1765579768730,CH1,POWER,2.55
1765579768735,CH1,POWER,2.55
1765579768740,CH1,POWER,2.55
1765579768745,CH1,POWER,2.55
1765579768750,CH1,POWER,2.55
1765579768755,CH1,POWER,2.55
1765579768760,CH1,POWER,2.55
1765579768765,CH1,POWER,2.55
1765579768773,CH1,POWER,2.55
1765579768778,CH1,POWER,2.55
1765579768785,CH1,POWER,2.55
1765579768790,CH1,POWER,2.55
1765579768795,CH1,POWER,2.55
1765579768800,CH1,POWER,2.55
1765579768805,CH1,POWER,2.55
1765579768810,CH1,POWER,2.55
1765579768814,CH1,POWER,2.55
1765579768819,CH1,POWER,2.55
1765579768824,CH1,POWER,2.55
1765579768829,CH1,POWER,2.55
1765579768834,CH1,POWER,2.55
1765579768840,CH1,POWER,2.55
1765579768845,CH1,POWER,2.55
1765579768850,CH1,POWER,2.55
1765579768855,CH1,POWER,2.55
1765579768860,CH1,POWER,2.55
1765579768865,CH1,POWER,2.55
1765579768869,CH1,POWER,2.55
1765579768872,CH1,POWER,3.00
1765579768874,CH1,POWER,3.00
1765579768877,CH1,POWER,3.00
1765579768879,CH1,POWER,3.00
1765579768907,CH1,POWER,3.00
1765579768912,CH1,POWER,3.00
1765579768917,CH1,POWER,3.00
1765579768921,CH1,POWER,3.00
1765579768926,CH1,POWER,3.00
1765579768932,CH1,POWER,3.00
1765579768937,CH1,POWER,3.00
1765579768942,CH1,POWER,3.00
1765579768947,CH1,POWER,3.00
1765579768952,CH1,POWER,3.00
1765579768957,CH1,POWER,3.00
1765579768965,CH1,POWER,3.00
1765579768970,CH1,POWER,3.00
1765579768976,CH1,POWER,3.00
1765579768982,CH1,POWER,3.00
1765579768987,CH1,POWER,3.00
1765579768995,CH1,POWER,3.00
1765579769000,CH1,POWER,3.00
1765579769007,CH1,POWER,3.00
1765579769012,CH1,POWER,3.00
1765579769017,CH1,POWER,3.00
1765579769022,CH1,POWER,3.00
1765579769026,CH1,POWER,3.00
1765579769031,CH1,POWER,3.00
1765579769036,CH1,POWER,3.00
1765579769041,CH1,POWER,3.00
1765579769045,CH1,POWER,3.00
1765579769050,CH1,POWER,3.00
1765579769057,CH1,POWER,3.00
1765579769062,CH1,POWER,3.00
1765579769066,CH1,POWER,3.00
1765579769071,CH1,POWER,3.00
1765579769077,CH1,POWER,3.00
1765579769082,CH1,POWER,3.00
1765579769086,CH1,POWER,3.00
1765579769091,CH1,POWER,3.00
1765579769096,CH1,POWER,3.00
1765579769101,CH1,POWER,3.00
1765579769107,CH1,POWER,3.00
1765579769112,CH1,POWER,3.00
1765579769116,CH1,POWER,3.00
1765579769121,CH1,POWER,3.00
1765579769126,CH1,POWER,3.00
1765579769131,CH1,POWER,3.00
1765579769137,CH1,POWER,3.00
1765579769142,CH1,POWER,3.00
1765579769147,CH1,POWER,3.00
1765579769151,CH1,POWER,3.00
1765579769157,CH1,POWER,3.00
1765579769162,CH1,POWER,3.00
1765579769166,CH1,POWER,3.00
1765579769171,CH1,POWER,3.00
1765579769177,CH1,POWER,3.00
1765579769182,CH1,POWER,3.00
1765579769187,CH1,POWER,3.00
1765579769195,CH1,POWER,3.00
1765579769200,CH1,POWER,3.00
1765579769207,CH1,POWER,3.00
1765579769212,CH1,POWER,3.00
1765579769217,CH1,POWER,3.00
1765579769222,CH1,POWER,3.00
1765579769226,CH1,POWER,3.00
1765579769230,CH1,POWER,3.00
1765579769236,CH1,POWER,3.00
1765579769241,CH1,POWER,3.00
1765579769247,CH1,POWER,3.00
1765579769252,CH1,POWER,3.00
1765579769257,CH1,POWER,3.00
1765579769262,CH1,POWER,3.00
1765579769267,CH1,POWER,3.00
1765579769272,CH1,POWER,3.00
1765579769275,CH1,POWER,3.25
1765579769277,CH1,POWER,3.25
1765579769280,CH1,POWER,3.25
1765579769306,CH1,POWER,3.25
1765579769311,CH1,POWER,3.25
1765579769316,CH1,POWER,3.25
1765579769320,CH1,POWER,3.25
1765579769326,CH1,POWER,3.25
1765579769331,CH1,POWER,3.25
1765579769336,CH1,POWER,3.25
1765579769341,CH1,POWER,3.25
1765579769347,CH1,POWER,3.25
1765579769352,CH1,POWER,3.25
1765579769358,CH1,POWER,3.25
1765579769364,CH1,POWER,3.25
1765579769369,CH1,POWER,3.25
1765579769374,CH1,POWER,3.25
1765579769379,CH1,POWER,3.25
1765579769384,CH1,POWER,3.25
1765579769388,CH1,POWER,3.25
1765579769393,CH1,POWER,3.25
1765579769397,CH1,POWER,3.25
1765579769401,CH1,POWER,3.25
1765579769406,CH1,POWER,3.25
1765579769411,CH1,POWER,3.25
1765579769416,CH1,POWER,3.25
1765579769422,CH1,POWER,3.25
1765579769429,CH1,POWER,3.25
1765579769437,CH1,POWER,3.25
1765579769442,CH1,POWER,3.25
1765579769449,CH1,POWER,3.25
1765579769453,CH1,POWER,3.25
1765579769458,CH1,POWER,3.25
1765579769463,CH1,POWER,3.25
1765579769468,CH1,POWER,3.25
1765579769472,CH1,POWER,3.25
1765579769479,CH1,POWER,3.25
1765579769484,CH1,POWER,3.25
1765579769489,CH1,POWER,3.25
1765579769493,CH1,POWER,3.25
1765579769498,CH1,POWER,3.25
1765579769503,CH1,POWER,3.25
1765579769509,CH1,POWER,3.25
1765579769516,CH1,POWER,3.25
1765579769521,CH1,POWER,3.25
1765579769527,CH1,POWER,3.25
1765579769532,CH1,POWER,3.25
1765579769538,CH1,POWER,3.25
1765579769543,CH1,POWER,3.25
1765579769548,CH1,POWER,3.25
1765579769553,CH1,POWER,3.25
1765579769558,CH1,POWER,3.25
1765579769563,CH1,POWER,3.25
1765579769568,CH1,POWER,3.25
1765579769572,CH1,POWER,3.25
1765579769579,CH1,POWER,3.25
1765579769584,CH1,POWER,3.25
1765579769588,CH1,POWER,3.25
1765579769593,CH1,POWER,3.25
1765579769599,CH1,POWER,3.25
1765579769604,CH1,POWER,3.25
1765579769609,CH1,POWER,3.25
1765579769614,CH1,POWER,3.25
1765579769619,CH1,POWER,3.25
1765579769624,CH1,POWER,3.25
1765579769628,CH1,POWER,3.25
1765579769633,CH1,POWER,3.25
1765579769638,CH1,POWER,3.25
1765579769647,CH1,POWER,3.25
1765579769652,CH1,POWER,3.25
1765579769659,CH1,POWER,3.25
1765579769664,CH1,POWER,3.25
1765579769669,CH1,POWER,3.25
1765579769673,CH1,POWER,3.55
1765579769701,CH1,POWER,3.55
1765579769706,CH1,POWER,3.55
1765579769711,CH1,POWER,3.55
1765579769716,CH1,POWER,3.55
1765579769720,CH1,POWER,3.55
1765579769725,CH1,POWER,3.55
1765579769731,CH1,POWER,3.55
1765579769739,CH1,POWER,3.55
1765579769744,CH1,POWER,3.55
1765579769750,CH1,POWER,3.55
1765579769756,CH1,POWER,3.55
1765579769760,CH1,POWER,3.55
1765579769765,CH1,POWER,3.55
1765579769770,CH1,POWER,3.55
1765579769774,CH1,POWER,3.55
1765579769780,CH1,POWER,3.55
1765579769784,CH1,POWER,3.55
1765579769791,CH1,POWER,3.55
1765579769796,CH1,POWER,3.55
1765579769800,CH1,POWER,3.55
1765579769805,CH1,POWER,3.55
1765579769810,CH1,POWER,3.55
1765579769814,CH1,POWER,3.55
1765579769821,CH1,POWER,3.55
1765579769829,CH1,POWER,3.55
1765579769834,CH1,POWER,3.55
1765579769841,CH1,POWER,3.55
1765579769846,CH1,POWER,3.55
1765579769851,CH1,POWER,3.55
1765579769856,CH1,POWER,3.55
1765579769861,CH1,POWER,3.55
1765579769866,CH1,POWER,3.55
1765579769870,CH1,POWER,3.55
1765579769874,CH1,POWER,3.55
1765579769881,CH1,POWER,3.55
1765579769886,CH1,POWER,3.55
1765579769891,CH1,POWER,3.55
1765579769896,CH1,POWER,3.55
1765579769901,CH1,POWER,3.55
1765579769909,CH1,POWER,3.55
1765579769914,CH1,POWER,3.55
1765579769921,CH1,POWER,3.55
1765579769926,CH1,POWER,3.55
1765579769931,CH1,POWER,3.55
1765579769936,CH1,POWER,3.55
1765579769940,CH1,POWER,3.55
1765579769946,CH1,POWER,3.55
1765579769950,CH1,POWER,3.55
1765579769957,CH1,POWER,3.55
1765579769963,CH1,POWER,3.55
1765579769968,CH1,POWER,3.55
1765579769972,CH1,POWER,3.55
1765579769979,CH1,POWER,3.55
1765579769984,CH1,POWER,3.55
1765579769991,CH1,POWER,3.55
1765579769996,CH1,POWER,3.55
1765579770000,CH1,POWER,3.55
1765579770005,CH1,POWER,3.55
1765579770010,CH1,POWER,3.55
1765579770014,CH1,POWER,3.55
1765579770020,CH1,POWER,3.55
1765579770024,CH1,POWER,3.55
1765579770030,CH1,POWER,3.55
1765579770035,CH1,POWER,3.55
1765579770039,CH1,POWER,3.55
1765579770044,CH1,POWER,3.55
1765579770049,CH1,POWER,3.55
1765579770053,CH1,POWER,3.55
1765579770057,CH1,POWER,3.55
1765579770062,CH1,POWER,3.55
1765579770090,CH1,POWER,3.65
1765579770095,CH1,POWER,3.65
1765579770099,CH1,POWER,3.65
1765579770104,CH1,POWER,3.65
1765579770110,CH1,POWER,3.65
1765579770115,CH1,POWER,3.65
1765579770120,CH1,POWER,3.65
1765579770124,CH1,POWER,3.65
1765579770131,CH1,POWER,3.65
1765579770135,CH1,POWER,3.65
1765579770139,CH1,POWER,3.65
1765579770144,CH1,POWER,3.65
1765579770151,CH1,POWER,3.65
1765579770156,CH1,POWER,3.65
1765579770162,CH1,POWER,3.65
1765579770166,CH1,POWER,3.65
1765579770171,CH1,POWER,3.65
1765579770175,CH1,POWER,3.65
1765579770180,CH1,POWER,3.65
1765579770185,CH1,POWER,3.65
1765579770190,CH1,POWER,3.65
1765579770195,CH1,POWER,3.65
1765579770203,CH1,POWER,3.65
1765579770208,CH1,POWER,3.65
1765579770213,CH1,POWER,3.65
1765579770218,CH1,POWER,3.65
1765579770222,CH1,POWER,3.65
1765579770226,CH1,POWER,3.65
1765579770232,CH1,POWER,3.65
1765579770236,CH1,POWER,3.65
1765579770242,CH1,POWER,3.65
1765579770251,CH1,POWER,3.65
1765579770256,CH1,POWER,3.65
1765579770262,CH1,POWER,3.65
1765579770268,CH1,POWER,3.65
1765579770272,CH1,POWER,3.65
1765579770278,CH1,POWER,3.65
1765579770283,CH1,POWER,3.65
1765579770288,CH1,POWER,3.65
1765579770293,CH1,POWER,3.65
1765579770298,CH1,POWER,3.65
1765579770302,CH1,POWER,3.65
1765579770306,CH1,POWER,3.65
1765579770312,CH1,POWER,3.65
1765579770316,CH1,POWER,3.65
1765579770323,CH1,POWER,3.65
1765579770328,CH1,POWER,3.65
1765579770332,CH1,POWER,3.65
1765579770336,CH1,POWER,3.65
1765579770343,CH1,POWER,3.65
1765579770348,CH1,POWER,3.65
1765579770353,CH1,POWER,3.65
1765579770358,CH1,POWER,3.65
1765579770362,CH1,POWER,3.65
1765579770367,CH1,POWER,3.65
1765579770372,CH1,POWER,3.65
1765579770378,CH1,POWER,3.65
1765579770382,CH1,POWER,3.65
1765579770387,CH1,POWER,3.65
1765579770392,CH1,POWER,3.65
1765579770396,CH1,POWER,3.65
1765579770402,CH1,POWER,3.65
1765579770406,CH1,POWER,3.65
1765579770412,CH1,POWER,3.65
1765579770418,CH1,POWER,3.65
1765579770423,CH1,POWER,3.65
1765579770428,CH1,POWER,3.65
1765579770433,CH1,POWER,3.65
1765579770438,CH1,POWER,3.65
1765579770442,CH1,POWER,3.65
1765579770447,CH1,POWER,3.65
1765579770453,CH1,POWER,3.65
1765579770455,CH1,POWER,3.25
1765579770482,CH1,POWER,3.25
1765579770487,CH1,POWER,3.25
1765579770491,CH1,POWER,3.25
1765579770497,CH1,POWER,3.25
1765579770502,CH1,POWER,3.25
1765579770506,CH1,POWER,3.25
1765579770513,CH1,POWER,3.25
1765579770518,CH1,POWER,3.25
1765579770525,CH1,POWER,3.25
1765579770530,CH1,POWER,3.25
1765579770534,CH1,POWER,3.25
1765579770538,CH1,POWER,3.25
1765579770545,CH1,POWER,3.25
1765579770550,CH1,POWER,3.25
1765579770554,CH1,POWER,3.25
1765579770562,CH1,POWER,3.25
1765579770567,CH1,POWER,3.25
1765579770571,CH1,POWER,3.25
1765579770575,CH1,POWER,3.25
1765579770582,CH1,POWER,3.25
1765579770589,CH1,POWER,3.25
1765579770594,CH1,POWER,3.25
1765579770598,CH1,POWER,3.25
1765579770604,CH1,POWER,3.25
1765579770609,CH1,POWER,3.25
1765579770613,CH1,POWER,3.25
1765579770617,CH1,POWER,3.25
1765579770623,CH1,POWER,3.25
1765579770627,CH1,POWER,3.25
1765579770635,CH1,POWER,3.25
1765579770640,CH1,POWER,3.25
1765579770644,CH1,POWER,3.25
1765579770648,CH1,POWER,3.25
1765579770654,CH1,POWER,3.25
1765579770658,CH1,POWER,3.25
1765579770663,CH1,POWER,3.25
1765579770668,CH1,POWER,3.25
1765579770674,CH1,POWER,3.25
1765579770683,CH1,POWER,3.25
1765579770688,CH1,POWER,3.25
1765579770695,CH1,POWER,3.25
1765579770700,CH1,POWER,3.25
1765579770704,CH1,POWER,3.25
1765579770710,CH1,POWER,3.25
1765579770714,CH1,POWER,3.25
1765579770723,CH1,POWER,3.25
1765579770728,CH1,POWER,3.25
1765579770735,CH1,POWER,3.25
1765579770740,CH1,POWER,3.25
1765579770745,CH1,POWER,3.25
1765579770750,CH1,POWER,3.25
1765579770755,CH1,POWER,3.25
1765579770760,CH1,POWER,3.25
1765579770764,CH1,POWER,3.25
1765579770768,CH1,POWER,3.25
1765579770775,CH1,POWER,3.25
1765579770780,CH1,POWER,3.25
1765579770785,CH1,POWER,3.25
1765579770790,CH1,POWER,3.25
1765579770794,CH1,POWER,3.25
1765579770799,CH1,POWER,3.25
1765579770804,CH1,POWER,3.25
1765579770808,CH1,POWER,3.25
1765579770815,CH1,POWER,3.25
1765579770820,CH1,POWER,3.25
1765579770824,CH1,POWER,3.25
1765579770828,CH1,POWER,3.25
1765579770835,CH1,POWER,3.25
1765579770840,CH1,POWER,3.25
1765579770844,CH1,POWER,3.25
1765579770849,CH1,POWER,3.25
1765579770877,CH1,POWER,3.25
1765579770882,CH1,POWER,3.25
1765579770886,CH1,POWER,3.25
1765579770891,CH1,POWER,3.25
1765579770895,CH1,POWER,3.25
1765579770900,CH1,POWER,3.25
1765579770907,CH1,POWER,3.25
1765579770915,CH1,POWER,3.25
1765579770920,CH1,POWER,3.25
1765579770927,CH1,POWER,3.25
1765579770932,CH1,POWER,3.25
1765579770936,CH1,POWER,3.25
1765579770940,CH1,POWER,3.25
1765579770947,CH1,POWER,3.25
1765579770952,CH1,POWER,3.25
1765579770956,CH1,POWER,3.25
1765579770960,CH1,POWER,3.25
1765579770966,CH1,POWER,3.25
1765579770974,CH1,POWER,3.25
1765579770978,CH1,POWER,3.25
1765579770986,CH1,POWER,3.25
1765579770995,CH1,POWER,3.25
1765579771000,CH1,POWER,3.25
1765579771006,CH1,POWER,3.25
1765579771011,CH1,POWER,3.25
1765579771016,CH1,POWER,3.25
1765579771020,CH1,POWER,3.25
1765579771026,CH1,POWER,3.25
1765579771030,CH1,POWER,3.25
1765579771037,CH1,POWER,3.25
1765579771042,CH1,POWER,3.25
1765579771046,CH1,POWER,3.25
1765579771051,CH1,POWER,3.25
1765579771055,CH1,POWER,3.25
1765579771062,CH1,POWER,3.25
1765579771067,CH1,POWER,3.25
1765579771072,CH1,POWER,3.25
1765579771076,CH1,POWER,3.25
1765579771081,CH1,POWER,3.25
1765579771085,CH1,POWER,3.25
1765579771089,CH1,POWER,3.25
1765579771094,CH1,POWER,3.25
1765579771098,CH1,POWER,3.25
1765579771105,CH1,POWER,3.25
1765579771109,CH1,POWER,3.25
1765579771115,CH1,POWER,3.25
1765579771122,CH1,POWER,3.25
1765579771126,CH1,POWER,3.25
1765579771130,CH1,POWER,3.25
1765579771136,CH1,POWER,3.25
1765579771140,CH1,POWER,3.25
1765579771147,CH1,POWER,3.25
1765579771152,CH1,POWER,3.25
1765579771156,CH1,POWER,3.25
1765579771161,CH1,POWER,3.25
1765579771165,CH1,POWER,3.25
1765579771169,CH1,POWER,3.25
1765579771173,CH1,POWER,3.25
1765579771180,CH1,POWER,3.25
1765579771187,CH1,POWER,3.25
1765579771192,CH1,POWER,3.25
1765579771197,CH1,POWER,3.25
1765579771202,CH1,POWER,3.25
1765579771207,CH1,POWER,3.25
1765579771212,CH1,POWER,3.25
1765579771216,CH1,POWER,3.25
1765579771220,CH1,POWER,3.25
1765579771225,CH1,POWER,3.25
1765579771232,CH1,POWER,3.25
1765579771236,CH1,POWER,3.25
1765579771240,CH1,POWER,3.25
1765579771244,CH1,POWER,3.25
1765579771247,CH1,POWER,3.25
1765579771249,CH1,POWER,3.25
1765579771276,CH1,POWER,3.25
1765579771281,CH1,POWER,3.25
1765579771285,CH1,POWER,3.25
1765579771289,CH1,POWER,3.25
1765579771294,CH1,POWER,3.25
1765579771298,CH1,POWER,3.25
1765579771302,CH1,POWER,3.25
1765579771307,CH1,POWER,3.25
1765579771314,CH1,POWER,3.25
1765579771319,CH1,POWER,3.25
1765579771324,CH1,POWER,3.25
1765579771328,CH1,POWER,3.25
1765579771337,CH1,POWER,3.25
1765579771341,CH1,POWER,3.25
1765579771349,CH1,POWER,3.25
1765579771354,CH1,POWER,3.25
1765579771359,CH1,POWER,3.25
1765579771364,CH1,POWER,3.25
1765579771368,CH1,POWER,3.25
1765579771372,CH1,POWER,3.25
1765579771377,CH1,POWER,3.25
1765579771384,CH1,POWER,3.25
1765579771389,CH1,POWER,3.25
1765579771394,CH1,POWER,3.25
1765579771398,CH1,POWER,3.25
1765579771407,CH1,POWER,3.25
1765579771411,CH1,POWER,3.25
1765579771417,CH1,POWER,3.25
1765579771422,CH1,POWER,3.25
1765579771429,CH1,POWER,3.25
1765579771434,CH1,POWER,3.25
1765579771439,CH1,POWER,3.25
1765579771444,CH1,POWER,3.25
1765579771448,CH1,POWER,3.25
1765579771454,CH1,POWER,3.25
1765579771458,CH1,POWER,3.25
1765579771462,CH1,POWER,3.25
1765579771469,CH1,POWER,3.25
1765579771474,CH1,POWER,3.25
1765579771478,CH1,POWER,3.25
1765579771486,CH1,POWER,3.25
1765579771491,CH1,POWER,3.25
1765579771495,CH1,POWER,3.25
1765579771500,CH1,POWER,3.25
1765579771507,CH1,POWER,3.25
1765579771511,CH1,POWER,3.25
1765579771518,CH1,POWER,3.25
1765579771523,CH1,POWER,3.25
1765579771527,CH1,POWER,3.25
1765579771534,CH1,POWER,3.25
1765579771538,CH1,POWER,3.25
1765579771544,CH1,POWER,3.25
1765579771548,CH1,POWER,3.25
1765579771553,CH1,POWER,3.25
1765579771557,CH1,POWER,3.25
1765579771564,CH1,POWER,3.25
1765579771568,CH1,POWER,3.25
1765579771574,CH1,POWER,3.25
1765579771578,CH1,POWER,3.25
1765579771584,CH1,POWER,3.25
1765579771588,CH1,POWER,3.25
1765579771592,CH1,POWER,3.25
1765579771597,CH1,POWER,3.25
1765579771604,CH1,POWER,3.25
1765579771608,CH1,POWER,3.25
1765579771614,CH1,POWER,3.25
1765579771618,CH1,POWER,3.25
1765579771622,CH1,POWER,3.25
1765579771628,CH1,POWER,3.25
1765579771632,CH1,POWER,3.25
1765579771637,CH1,POWER,3.25
1765579771640,CH1,POWER,3.60
1765579771642,CH1,POWER,3.60
1765579771669,CH1,POWER,3.60
1765579771674,CH1,POWER,3.60
1765579771680,CH1,POWER,3.60
1765579771684,CH1,POWER,3.60
1765579771690,CH1,POWER,3.60
1765579771694,CH1,POWER,3.60
1765579771699,CH1,POWER,3.60
1765579771703,CH1,POWER,3.60
1765579771710,CH1,POWER,3.60
1765579771719,CH1,POWER,3.60
1765579771723,CH1,POWER,3.60
1765579771728,CH1,POWER,3.60
1765579771732,CH1,POWER,3.60
1765579771739,CH1,POWER,3.60
1765579771743,CH1,POWER,3.60
1765579771750,CH1,POWER,3.60
1765579771756,CH1,POWER,3.60
1765579771760,CH1,POWER,3.60
1765579771769,CH1,POWER,3.60
1765579771774,CH1,POWER,3.60
1765579771780,CH1,POWER,3.60
1765579771784,CH1,POWER,3.60
1765579771789,CH1,POWER,3.60
1765579771793,CH1,POWER,3.60
1765579771800,CH1,POWER,3.60
1765579771808,CH1,POWER,3.60
1765579771813,CH1,POWER,3.60
1765579771819,CH1,POWER,3.60
1765579771826,CH1,POWER,3.60
1765579771830,CH1,POWER,3.60
1765579771838,CH1,POWER,3.60
1765579771842,CH1,POWER,3.60
1765579771847,CH1,POWER,3.60
1765579771853,CH1,POWER,3.60
1765579771859,CH1,POWER,3.60
1765579771863,CH1,POWER,3.60
1765579771867,CH1,POWER,3.60
1765579771872,CH1,POWER,3.60
1765579771878,CH1,POWER,3.60
1765579771883,CH1,POWER,3.60
1765579771887,CH1,POWER,3.60
1765579771894,CH1,POWER,3.60
1765579771900,CH1,POWER,3.60
1765579771906,CH1,POWER,3.60
1765579771910,CH1,POWER,3.60
1765579771916,CH1,POWER,3.60
1765579771920,CH1,POWER,3.60
1765579771926,CH1,POWER,3.60
1765579771930,CH1,POWER,3.60
1765579771938,CH1,POWER,3.60
1765579771943,CH1,POWER,3.60
1765579771951,CH1,POWER,3.60
1765579771956,CH1,POWER,3.60
1765579771961,CH1,POWER,3.60
1765579771966,CH1,POWER,3.60
1765579771971,CH1,POWER,3.60
1765579771976,CH1,POWER,3.60
1765579771980,CH1,POWER,3.60
1765579771984,CH1,POWER,3.60
1765579771990,CH1,POWER,3.60
1765579771996,CH1,POWER,3.60
1765579772000,CH1,POWER,3.60
1765579772008,CH1,POWER,3.60
1765579772013,CH1,POWER,3.60
1765579772017,CH1,POWER,3.60
1765579772022,CH1,POWER,3.60
1765579772027,CH1,POWER,3.60
1765579772031,CH1,POWER,3.60
1765579772037,CH1,POWER,3.60
1765579772040,CH1,POWER,3.25
1765579772042,CH1,POWER,3.25
1765579772045,CH1,POWER,3.25
1765579772072,CH1,POWER,3.25
1765579772080,CH1,POWER,3.25
1765579772084,CH1,POWER,3.25
1765579772091,CH1,POWER,3.25
1765579772095,CH1,POWER,3.25
1765579772103,CH1,POWER,3.25
1765579772108,CH1,POWER,3.25
1765579772113,CH1,POWER,3.25
1765579772118,CH1,POWER,3.25
1765579772122,CH1,POWER,3.25
1765579772126,CH1,POWER,3.25
1765579772132,CH1,POWER,3.25
1765579772136,CH1,POWER,3.25
1765579772142,CH1,POWER,3.25
1765579772146,CH1,POWER,3.25
1765579772151,CH1,POWER,3.25
1765579772158,CH1,POWER,3.25
1765579772162,CH1,POWER,3.25
1765579772166,CH1,POWER,3.25
1765579772172,CH1,POWER,3.25
1765579772176,CH1,POWER,3.25
1765579772182,CH1,POWER,3.25
1765579772186,CH1,POWER,3.25
1765579772191,CH1,POWER,3.25
1765579772198,CH1,POWER,3.25
1765579772202,CH1,POWER,3.25
1765579772209,CH1,POWER,3.25
1765579772213,CH1,POWER,3.25
1765579772218,CH1,POWER,3.25
1765579772222,CH1,POWER,3.25
1765579772226,CH1,POWER,3.25
1765579772232,CH1,POWER,3.25
1765579772236,CH1,POWER,3.25
1765579772242,CH1,POWER,3.25
1765579772248,CH1,POWER,3.25
1765579772252,CH1,POWER,3.25
1765579772256,CH1,POWER,3.25
1765579772262,CH1,POWER,3.25
1765579772266,CH1,POWER,3.25
1765579772273,CH1,POWER,3.25
1765579772278,CH1,POWER,3.25
1765579772282,CH1,POWER,3.25
1765579772288,CH1,POWER,3.25
1765579772294,CH1,POWER,3.25
1765579772300,CH1,POWER,3.25
1765579772305,CH1,POWER,3.25
1765579772309,CH1,POWER,3.25
1765579772313,CH1,POWER,3.25
1765579772320,CH1,POWER,3.25
1765579772325,CH1,POWER,3.25
1765579772332,CH1,POWER,3.25
1765579772338,CH1,POWER,3.25
1765579772342,CH1,POWER,3.25
1765579772350,CH1,POWER,3.25
1765579772356,CH1,POWER,3.25
1765579772361,CH1,POWER,3.25
1765579772368,CH1,POWER,3.25
1765579772372,CH1,POWER,3.25
1765579772380,CH1,POWER,3.25
1765579772386,CH1,POWER,3.25
1765579772392,CH1,POWER,3.25
1765579772396,CH1,POWER,3.25
1765579772402,CH1,POWER,3.25
1765579772408,CH1,POWER,3.25
1765579772412,CH1,POWER,3.25
1765579772416,CH1,POWER,3.25
1765579772422,CH1,POWER,3.25
1765579772428,CH1,POWER,3.25
1765579772432,CH1,POWER,3.25
1765579772436,CH1,POWER,3.25
1765579772463,CH1,POWER,3.25
1765579772469,CH1,POWER,3.25
1765579772473,CH1,POWER,3.25
1765579772478,CH1,POWER,3.25
1765579772484,CH1,POWER,3.25
1765579772488,CH1,POWER,3.25
1765579772494,CH1,POWER,3.25
1765579772498,CH1,POWER,3.25
1765579772503,CH1,POWER,3.25
1765579772507,CH1,POWER,3.25
1765579772514,CH1,POWER,3.25
1765579772520,CH1,POWER,3.25
1765579772524,CH1,POWER,3.25
1765579772528,CH1,POWER,3.25
1765579772534,CH1,POWER,3.25
1765579772538,CH1,POWER,3.25
1765579772544,CH1,POWER,3.25
1765579772548,CH1,POWER,3.25
1765579772553,CH1,POWER,3.25
1765579772560,CH1,POWER,3.25
1765579772564,CH1,POWER,3.25
1765579772570,CH1,POWER,3.25
1765579772574,CH1,POWER,3.25
1765579772578,CH1,POWER,3.25
1765579772584,CH1,POWER,3.25
1765579772588,CH1,POWER,3.25
1765579772593,CH1,POWER,3.25
1765579772600,CH1,POWER,3.25
1765579772604,CH1,POWER,3.25
1765579772610,CH1,POWER,3.25
1765579772614,CH1,POWER,3.25
1765579772618,CH1,POWER,3.25
1765579772623,CH1,POWER,3.25
1765579772628,CH1,POWER,3.25
1765579772634,CH1,POWER,3.25
1765579772640,CH1,POWER,3.25
1765579772644,CH1,POWER,3.25
1765579772650,CH1,POWER,3.25
1765579772654,CH1,POWER,3.25
1765579772660,CH1,POWER,3.25
1765579772664,CH1,POWER,3.25
1765579772668,CH1,POWER,3.25
1765579772674,CH1,POWER,3.25
1765579772680,CH1,POWER,3.25
1765579772684,CH1,POWER,3.25
1765579772692,CH1,POWER,3.25
1765579772698,CH1,POWER,3.25
1765579772703,CH1,POWER,3.25
1765579772708,CH1,POWER,3.25
1765579772714,CH1,POWER,3.25
1765579772720,CH1,POWER,3.25
1765579772724,CH1,POWER,3.25
1765579772730,CH1,POWER,3.25
1765579772734,CH1,POWER,3.25
1765579772740,CH1,POWER,3.25
1765579772744,CH1,POWER,3.25
1765579772750,CH1,POWER,3.25
1765579772754,CH1,POWER,3.25
1765579772758,CH1,POWER,3.25
1765579772764,CH1,POWER,3.25
1765579772768,CH1,POWER,3.25
1765579772774,CH1,POWER,3.25
1765579772780,CH1,POWER,3.25
1765579772784,CH1,POWER,3.25
1765579772788,CH1,POWER,3.25
1765579772794,CH1,POWER,3.25
1765579772800,CH1,POWER,3.25
1765579772804,CH1,POWER,3.25
1765579772810,CH1,POWER,3.25
1765579772814,CH1,POWER,3.25
1765579772822,CH1,POWER,3.25
1765579772826,CH1,POWER,3.25
1765579772829,CH1,POWER,3.25
1765579772856,CH1,POWER,3.25
1765579772862,CH1,POWER,3.25
1765579772866,CH1,POWER,3.25
1765579772872,CH1,POWER,3.25
1765579772876,CH1,POWER,3.25
1765579772880,CH1,POWER,3.25
1765579772886,CH1,POWER,3.25
1765579772892,CH1,POWER,3.25
1765579772896,CH1,POWER,3.25
1765579772900,CH1,POWER,3.25
1765579772905,CH1,POWER,3.25
1765579772910,CH1,POWER,3.25
1765579772916,CH1,POWER,3.25
1765579772922,CH1,POWER,3.25
1765579772926,CH1,POWER,3.25
1765579772932,CH1,POWER,3.25
1765579772936,CH1,POWER,3.25
1765579772940,CH1,POWER,3.25
1765579772946,CH1,POWER,3.25
1765579772952,CH1,POWER,3.25
1765579772956,CH1,POWER,3.25
1765579772962,CH1,POWER,3.25
1765579772966,CH1,POWER,3.25
1765579772970,CH1,POWER,3.25
1765579772976,CH1,POWER,3.25
1765579772982,CH1,POWER,3.25
1765579772986,CH1,POWER,3.25
1765579772990,CH1,POWER,3.25
1765579772996,CH1,POWER,3.25
1765579773000,CH1,POWER,3.25
1765579773006,CH1,POWER,3.25
1765579773010,CH1,POWER,3.25
1765579773015,CH1,POWER,3.25
1765579773022,CH1,POWER,3.25
1765579773026,CH1,POWER,3.25
1765579773032,CH1,POWER,3.25
1765579773036,CH1,POWER,3.25
1765579773040,CH1,POWER,3.25
1765579773045,CH1,POWER,3.25
1765579773049,CH1,POWER,3.25
1765579773053,CH1,POWER,3.25
1765579773057,CH1,POWER,3.25
1765579773062,CH1,POWER,3.25
1765579773066,CH1,POWER,3.25
1765579773072,CH1,POWER,3.25
1765579773076,CH1,POWER,3.25
1765579773082,CH1,POWER,3.25
1765579773086,CH1,POWER,3.25
1765579773090,CH1,POWER,3.25
1765579773096,CH1,POWER,3.25
1765579773100,CH1,POWER,3.25
1765579773106,CH1,POWER,3.25
1765579773112,CH1,POWER,3.25
1765579773116,CH1,POWER,3.25
1765579773122,CH1,POWER,3.25
1765579773126,CH1,POWER,3.25
1765579773132,CH1,POWER,3.25
1765579773136,CH1,POWER,3.25
1765579773140,CH1,POWER,3.25
1765579773146,CH1,POWER,3.25
1765579773150,CH1,POWER,3.25
1765579773156,CH1,POWER,3.25
1765579773160,CH1,POWER,3.25
1765579773166,CH1,POWER,3.25
1765579773170,CH1,POWER,3.25
1765579773176,CH1,POWER,3.25
1765579773182,CH1,POWER,3.25
1765579773186,CH1,POWER,3.25
1765579773192,CH1,POWER,3.25
1765579773196,CH1,POWER,3.25
1765579773200,CH1,POWER,3.25
1765579773205,CH1,POWER,3.25
1765579773209,CH1,POWER,3.25
1765579773213,CH1,POWER,3.25
1765579773218,CH1,POWER,3.25
1765579773245,CH1,POWER,3.50
1765579773250,CH1,POWER,3.50
1765579773255,CH1,POWER,3.50
1765579773259,CH1,POWER,3.50
1765579773266,CH1,POWER,3.50
1765579773271,CH1,POWER,3.50
1765579773275,CH1,POWER,3.50
1765579773280,CH1,POWER,3.50
1765579773286,CH1,POWER,3.50
1765579773290,CH1,POWER,3.50
1765579773295,CH1,POWER,3.50
1765579773299,CH1,POWER,3.50
1765579773304,CH1,POWER,3.50
1765579773308,CH1,POWER,3.50
1765579773312,CH1,POWER,3.50
1765579773317,CH1,POWER,3.50
1765579773322,CH1,POWER,3.50
1765579773328,CH1,POWER,3.50
1765579773334,CH1,POWER,3.50
1765579773338,CH1,POWER,3.50
1765579773342,CH1,POWER,3.50
1765579773348,CH1,POWER,3.50
1765579773354,CH1,POWER,3.50
1765579773358,CH1,POWER,3.50
1765579773364,CH1,POWER,3.50
1765579773368,CH1,POWER,3.50
1765579773372,CH1,POWER,3.50
1765579773377,CH1,POWER,3.50
1765579773381,CH1,POWER,3.50
1765579773385,CH1,POWER,3.50
1765579773390,CH1,POWER,3.50
1765579773396,CH1,POWER,3.50
1765579773401,CH1,POWER,3.50
1765579773405,CH1,POWER,3.50
1765579773409,CH1,POWER,3.50
1765579773416,CH1,POWER,3.50
1765579773421,CH1,POWER,3.50
1765579773425,CH1,POWER,3.50
1765579773430,CH1,POWER,3.50
1765579773436,CH1,POWER,3.50
1765579773441,CH1,POWER,3.50
1765579773448,CH1,POWER,3.50
1765579773452,CH1,POWER,3.50
1765579773457,CH1,POWER,3.50
1765579773461,CH1,POWER,3.50
1765579773465,CH1,POWER,3.50
1765579773470,CH1,POWER,3.50
1765579773476,CH1,POWER,3.50
1765579773481,CH1,POWER,3.50
1765579773488,CH1,POWER,3.50
1765579773494,CH1,POWER,3.50
1765579773498,CH1,POWER,3.50
1765579773502,CH1,POWER,3.50
1765579773508,CH1,POWER,3.50
1765579773512,CH1,POWER,3.50
1765579773518,CH1,POWER,3.50
1765579773522,CH1,POWER,3.50
1765579773527,CH1,POWER,3.50
1765579773531,CH1,POWER,3.50
1765579773537,CH1,POWER,3.50
1765579773542,CH1,POWER,3.50
1765579773548,CH1,POWER,3.50
1765579773552,CH1,POWER,3.50
1765579773558,CH1,POWER,3.50
1765579773562,CH1,POWER,3.50
1765579773567,CH1,POWER,3.50
1765579773571,CH1,POWER,3.50
1765579773577,CH1,POWER,3.50
1765579773582,CH1,POWER,3.50
1765579773588,CH1,POWER,3.50
1765579773594,CH1,POWER,3.50
1765579773598,CH1,POWER,3.50
1765579773604,CH1,POWER,3.50
1765579773608,CH1,POWER,3.50
1765579773612,CH1,POWER,3.50
1765579773617,CH1,POWER,3.50
1765579773620,CH1,POWER,3.35
1765579773623,CH1,POWER,3.35
1765579773650,CH1,POWER,3.35
1765579773656,CH1,POWER,3.35
1765579773660,CH1,POWER,3.35
1765579773664,CH1,POWER,3.35
1765579773669,CH1,POWER,3.35
1765579773673,CH1,POWER,3.35
1765579773677,CH1,POWER,3.35
1765579773681,CH1,POWER,3.35
1765579773688,CH1,POWER,3.35
1765579773692,CH1,POWER,3.35
1765579773697,CH1,POWER,3.35
1765579773703,CH1,POWER,3.35
1765579773710,CH1,POWER,3.35
1765579773716,CH1,POWER,3.35
1765579773720,CH1,POWER,3.35
1765579773726,CH1,POWER,3.35
1765579773730,CH1,POWER,3.35
1765579773734,CH1,POWER,3.35
1765579773739,CH1,POWER,3.35
1765579773743,CH1,POWER,3.35
1765579773750,CH1,POWER,3.35
1765579773754,CH1,POWER,3.35
1765579773759,CH1,POWER,3.35
1765579773763,CH1,POWER,3.35
1765579773767,CH1,POWER,3.35
1765579773771,CH1,POWER,3.35
1765579773776,CH1,POWER,3.35
1765579773780,CH1,POWER,3.35
1765579773786,CH1,POWER,3.35
1765579773790,CH1,POWER,3.35
1765579773796,CH1,POWER,3.35
1765579773800,CH1,POWER,3.35
1765579773804,CH1,POWER,3.35
1765579773810,CH1,POWER,3.35
1765579773814,CH1,POWER,3.35
1765579773820,CH1,POWER,3.35
1765579773826,CH1,POWER,3.35
1765579773830,CH1,POWER,3.35
1765579773836,CH1,POWER,3.35
1765579773840,CH1,POWER,3.35
1765579773844,CH1,POWER,3.35
1765579773850,CH1,POWER,3.35
1765579773856,CH1,POWER,3.35
1765579773860,CH1,POWER,3.35
1765579773864,CH1,POWER,3.35
1765579773870,CH1,POWER,3.35
1765579773876,CH1,POWER,3.35
1765579773880,CH1,POWER,3.35
1765579773884,CH1,POWER,3.35
1765579773890,CH1,POWER,3.35
1765579773894,CH1,POWER,3.35
1765579773899,CH1,POWER,3.35
1765579773903,CH1,POWER,3.35
1765579773907,CH1,POWER,3.35
1765579773911,CH1,POWER,3.35
1765579773916,CH1,POWER,3.35
1765579773920,CH1,POWER,3.35
1765579773926,CH1,POWER,3.35
1765579773930,CH1,POWER,3.35
1765579773936,CH1,POWER,3.35
1765579773940,CH1,POWER,3.35
1765579773944,CH1,POWER,3.35
1765579773949,CH1,POWER,3.35
1765579773953,CH1,POWER,3.35
1765579773960,CH1,POWER,3.35
1765579773964,CH1,POWER,3.35
1765579773970,CH1,POWER,3.35
1765579773976,CH1,POWER,3.35
1765579773980,CH1,POWER,3.35
1765579773986,CH1,POWER,3.35
1765579773990,CH1,POWER,3.35
1765579773994,CH1,POWER,3.35
1765579774000,CH1,POWER,3.35
1765579774006,CH1,POWER,3.35
1765579774010,CH1,POWER,3.35
1765579774014,CH1,POWER,3.35
1765579774018,CH1,POWER,3.25
1765579774021,CH1,POWER,3.25
1765579774023,CH1,POWER,3.25
1765579774049,CH1,POWER,3.25
1765579774054,CH1,POWER,3.25
1765579774059,CH1,POWER,3.25
1765579774063,CH1,POWER,3.25
1765579774068,CH1,POWER,3.25
1765579774072,CH1,POWER,3.25
1765579774076,CH1,POWER,3.25
1765579774082,CH1,POWER,3.25
1765579774086,CH1,POWER,3.25
1765579774092,CH1,POWER,3.25
1765579774098,CH1,POWER,3.25
1765579774102,CH1,POWER,3.25
1765579774106,CH1,POWER,3.25
1765579774111,CH1,POWER,3.25
1765579774116,CH1,POWER,3.25
1765579774122,CH1,POWER,3.25
1765579774126,CH1,POWER,3.25
1765579774131,CH1,POWER,3.25
1765579774135,CH1,POWER,3.25
1765579774139,CH1,POWER,3.25
1765579774144,CH1,POWER,3.25
1765579774150,CH1,POWER,3.25
1765579774154,CH1,POWER,3.25
1765579774162,CH1,POWER,3.25
1765579774170,CH1,POWER,3.25
1765579774175,CH1,POWER,3.25
1765579774182,CH1,POWER,3.25
1765579774188,CH1,POWER,3.25
1765579774192,CH1,POWER,3.25
1765579774198,CH1,POWER,3.25
1765579774202,CH1,POWER,3.25
1765579774206,CH1,POWER,3.25
1765579774212,CH1,POWER,3.25
1765579774218,CH1,POWER,3.25
1765579774222,CH1,POWER,3.25
1765579774226,CH1,POWER,3.25
1765579774232,CH1,POWER,3.25
1765579774238,CH1,POWER,3.25
1765579774242,CH1,POWER,3.25
1765579774246,CH1,POWER,3.25
1765579774252,CH1,POWER,3.25
1765579774258,CH1,POWER,3.25
1765579774262,CH1,POWER,3.25
1765579774266,CH1,POWER,3.25
1765579774272,CH1,POWER,3.25
1765579774278,CH1,POWER,3.25
1765579774282,CH1,POWER,3.25
1765579774286,CH1,POWER,3.25
1765579774292,CH1,POWER,3.25
1765579774298,CH1,POWER,3.25
1765579774302,CH1,POWER,3.25
1765579774306,CH1,POWER,3.25
1765579774311,CH1,POWER,3.25
1765579774316,CH1,POWER,3.25
1765579774321,CH1,POWER,3.25
1765579774325,CH1,POWER,3.25
1765579774332,CH1,POWER,3.25
1765579774336,CH1,POWER,3.25
1765579774342,CH1,POWER,3.25
1765579774346,CH1,POWER,3.25
1765579774352,CH1,POWER,3.25
1765579774358,CH1,POWER,3.25
1765579774362,CH1,POWER,3.25
1765579774366,CH1,POWER,3.25
1765579774372,CH1,POWER,3.25
1765579774378,CH1,POWER,3.25
1765579774382,CH1,POWER,3.25
1765579774386,CH1,POWER,3.25
1765579774392,CH1,POWER,3.25
1765579774398,CH1,POWER,3.25
1765579774402,CH1,POWER,3.25
1765579774406,CH1,POWER,3.25
1765579774412,CH1,POWER,3.25
1765579774418,CH1,POWER,3.25
1765579774420,CH1,POWER,2.95
1765579774423,CH1,POWER,2.95
1765579774425,CH1,POWER,2.95
1765579774451,CH1,POWER,2.95
1765579774457,CH1,POWER,2.95
1765579774464,CH1,POWER,2.95
1765579774470,CH1,POWER,2.95
1765579774474,CH1,POWER,2.95
1765579774478,CH1,POWER,2.95
1765579774484,CH1,POWER,2.95
1765579774490,CH1,POWER,2.95
1765579774494,CH1,POWER,2.95
1765579774500,CH1,POWER,2.95
1765579774504,CH1,POWER,2.95
1765579774512,CH1,POWER,2.95
1765579774516,CH1,POWER,2.95
1765579774521,CH1,POWER,2.95
1765579774525,CH1,POWER,2.95
1765579774530,CH1,POWER,2.95
1765579774534,CH1,POWER,2.95
1765579774538,CH1,POWER,2.95
1765579774543,CH1,POWER,2.95
1765579774548,CH1,POWER,2.95
1765579774554,CH1,POWER,2.95
1765579774558,CH1,POWER,2.95
1765579774563,CH1,POWER,2.95
1765579774567,CH1,POWER,2.95
1765579774571,CH1,POWER,2.95
1765579774575,CH1,POWER,2.95
1765579774581,CH1,POWER,2.95
1765579774586,CH1,POWER,2.95
1765579774591,CH1,POWER,2.95
1765579774595,CH1,POWER,2.95
1765579774600,CH1,POWER,2.95
1765579774604,CH1,POWER,2.95
1765579774608,CH1,POWER,2.95
1765579774613,CH1,POWER,2.95
1765579774618,CH1,POWER,2.95
1765579774624,CH1,POWER,2.95
1765579774632,CH1,POWER,2.95
1765579774637,CH1,POWER,2.95
1765579774641,CH1,POWER,2.95
1765579774646,CH1,POWER,2.95
1765579774652,CH1,POWER,2.95
1765579774656,CH1,POWER,2.95
1765579774661,CH1,POWER,2.95
1765579774665,CH1,POWER,2.95
1765579774671,CH1,POWER,2.95
1765579774676,CH1,POWER,2.95
1765579774682,CH1,POWER,2.95
1765579774687,CH1,POWER,2.95
1765579774691,CH1,POWER,2.95
1765579774695,CH1,POWER,2.95
1765579774701,CH1,POWER,2.95
1765579774706,CH1,POWER,2.95
1765579774711,CH1,POWER,2.95
1765579774715,CH1,POWER,2.95
1765579774722,CH1,POWER,2.95
1765579774727,CH1,POWER,2.95
1765579774731,CH1,POWER,2.95
1765579774736,CH1,POWER,2.95
1765579774742,CH1,POWER,2.95
1765579774747,CH1,POWER,2.95
1765579774754,CH1,POWER,2.95
1765579774758,CH1,POWER,2.95
1765579774763,CH1,POWER,2.95
1765579774767,CH1,POWER,2.95
1765579774771,CH1,POWER,2.95
1765579774775,CH1,POWER,2.95
1765579774780,CH1,POWER,2.95
1765579774784,CH1,POWER,2.95
1765579774788,CH1,POWER,2.95
1765579774794,CH1,POWER,2.95
1765579774800,CH1,POWER,2.95
1765579774804,CH1,POWER,2.95
1765579774812,CH1,POWER,2.95
1765579774815,CH1,POWER,3.15
1765579774817,CH1,POWER,3.15
1765579774843,CH1,POWER,3.15
1765579774848,CH1,POWER,3.15
1765579774853,CH1,POWER,3.15
1765579774858,CH1,POWER,3.15
1765579774866,CH1,POWER,3.15
1765579774872,CH1,POWER,3.15
1765579774876,CH1,POWER,3.15
1765579774882,CH1,POWER,3.15
1765579774886,CH1,POWER,3.15
1765579774892,CH1,POWER,3.15
1765579774897,CH1,POWER,3.15
1765579774901,CH1,POWER,3.15
1765579774906,CH1,POWER,3.15
1765579774910,CH1,POWER,3.15
1765579774916,CH1,POWER,3.15
1765579774920,CH1,POWER,3.15
1765579774926,CH1,POWER,3.15
1765579774932,CH1,POWER,3.15
1765579774936,CH1,POWER,3.15
1765579774940,CH1,POWER,3.15
1765579774946,CH1,POWER,3.15
1765579774952,CH1,POWER,3.15
1765579774956,CH1,POWER,3.15
1765579774961,CH1,POWER,3.15
1765579774966,CH1,POWER,3.15
1765579774972,CH1,POWER,3.15
1765579774976,CH1,POWER,3.15
1765579774980,CH1,POWER,3.15
1765579774985,CH1,POWER,3.15
1765579774989,CH1,POWER,3.15
1765579774995,CH1,POWER,3.15
1765579775000,CH1,POWER,3.15
1765579775006,CH1,POWER,3.15
1765579775012,CH1,POWER,3.15
1765579775016,CH1,POWER,3.15
1765579775024,CH1,POWER,3.15
1765579775028,CH1,POWER,3.15
1765579775033,CH1,POWER,3.15
1765579775037,CH1,POWER,3.15
1765579775044,CH1,POWER,3.15
1765579775049,CH1,POWER,3.15
1765579775053,CH1,POWER,3.15
1765579775058,CH1,POWER,3.15
1765579775064,CH1,POWER,3.15
1765579775070,CH1,POWER,3.15
1765579775075,CH1,POWER,3.15
1765579775079,CH1,POWER,3.15
1765579775086,CH1,POWER,3.15
1765579775090,CH1,POWER,3.15
1765579775095,CH1,POWER,3.15
1765579775099,CH1,POWER,3.15
1765579775106,CH1,POWER,3.15
1765579775112,CH1,POWER,3.15
1765579775116,CH1,POWER,3.15
1765579775124,CH1,POWER,3.15
1765579775128,CH1,POWER,3.15
1765579775133,CH1,POWER,3.15
1765579775137,CH1,POWER,3.15
1765579775142,CH1,POWER,3.15
1765579775146,CH1,POWER,3.15
1765579775150,CH1,POWER,3.15
1765579775156,CH1,POWER,3.15
1765579775160,CH1,POWER,3.15
1765579775166,CH1,POWER,3.15
1765579775170,CH1,POWER,3.15
1765579775175,CH1,POWER,3.15
1765579775179,CH1,POWER,3.15
1765579775183,CH1,POWER,3.15
1765579775188,CH1,POWER,3.15
1765579775193,CH1,POWER,3.15
1765579775197,CH1,POWER,3.15
1765579775203,CH1,POWER,3.15
1765579775206,CH1,POWER,3.35
1765579775208,CH1,POWER,3.35
1765579775211,CH1,POWER,3.35
1765579775238,CH1,POWER,3.35
1765579775244,CH1,POWER,3.35
1765579775248,CH1,POWER,3.35
1765579775253,CH1,POWER,3.35
1765579775258,CH1,POWER,3.35
1765579775262,CH1,POWER,3.35
1765579775267,CH1,POWER,3.35
1765579775271,CH1,POWER,3.35
1765579775275,CH1,POWER,3.35
1765579775280,CH1,POWER,3.35
1765579775285,CH1,POWER,3.35
1765579775289,CH1,POWER,3.35
1765579775294,CH1,POWER,3.35
1765579775298,CH1,POWER,3.35
1765579775303,CH1,POWER,3.35
1765579775308,CH1,POWER,3.35
1765579775314,CH1,POWER,3.35
1765579775318,CH1,POWER,3.35
1765579775323,CH1,POWER,3.35
1765579775328,CH1,POWER,3.35
1765579775334,CH1,POWER,3.35
1765579775338,CH1,POWER,3.35
1765579775342,CH1,POWER,3.35
1765579775347,CH1,POWER,3.35
1765579775351,CH1,POWER,3.35
1765579775355,CH1,POWER,3.35
1765579775359,CH1,POWER,3.35
1765579775364,CH1,POWER,3.35
1765579775368,CH1,POWER,3.35
1765579775372,CH1,POWER,3.35
1765579775377,CH1,POWER,3.35
1765579775381,CH1,POWER,3.35
1765579775385,CH1,POWER,3.35
1765579775389,CH1,POWER,3.35
1765579775394,CH1,POWER,3.35
1765579775398,CH1,POWER,3.35
1765579775404,CH1,POWER,3.35
1765579775408,CH1,POWER,3.35
1765579775416,CH1,POWER,3.35
1765579775422,CH1,POWER,3.35
1765579775427,CH1,POWER,3.35
1765579775431,CH1,POWER,3.35
1765579775438,CH1,POWER,3.35
1765579775442,CH1,POWER,3.35
1765579775447,CH1,POWER,3.35
1765579775451,CH1,POWER,3.35
1765579775457,CH1,POWER,3.35
1765579775464,CH1,POWER,3.35
1765579775468,CH1,POWER,3.35
1765579775473,CH1,POWER,3.35
1765579775478,CH1,POWER,3.35
1765579775484,CH1,POWER,3.35
1765579775488,CH1,POWER,3.35
1765579775496,CH1,POWER,3.35
1765579775501,CH1,POWER,3.35
1765579775508,CH1,POWER,3.35
1765579775516,CH1,POWER,3.35
1765579775521,CH1,POWER,3.35
1765579775525,CH1,POWER,3.35
1765579775530,CH1,POWER,3.35
1765579775535,CH1,POWER,3.35
1765579775539,CH1,POWER,3.35
1765579775544,CH1,POWER,3.35
1765579775548,CH1,POWER,3.35
1765579775552,CH1,POWER,3.35
1765579775557,CH1,POWER,3.35
1765579775561,CH1,POWER,3.35
1765579775565,CH1,POWER,3.35
1765579775569,CH1,POWER,3.35
1765579775575,CH1,POWER,3.35
1765579775581,CH1,POWER,3.35
1765579775588,CH1,POWER,3.35
1765579775592,CH1,POWER,3.35
1765579775598,CH1,POWER,3.35
1765579775601,CH1,POWER,3.55
1765579775627,CH1,POWER,3.55
1765579775632,CH1,POWER,3.55
1765579775637,CH1,POWER,3.55
1765579775642,CH1,POWER,3.55
1765579775647,CH1,POWER,3.55
1765579775653,CH1,POWER,3.55
1765579775660,CH1,POWER,3.55
1765579775664,CH1,POWER,3.55
1765579775670,CH1,POWER,3.55
1765579775674,CH1,POWER,3.55
1765579775680,CH1,POWER,3.55
1765579775686,CH1,POWER,3.55
1765579775690,CH1,POWER,3.55
1765579775698,CH1,POWER,3.55
1765579775703,CH1,POWER,3.55
1765579775710,CH1,POWER,3.55
1765579775718,CH1,POWER,3.55
1765579775723,CH1,POWER,3.55
1765579775730,CH1,POWER,3.55
1765579775736,CH1,POWER,3.55
1765579775740,CH1,POWER,3.55
1765579775746,CH1,POWER,3.55
1765579775750,CH1,POWER,3.55
1765579775754,CH1,POWER,3.55
1765579775760,CH1,POWER,3.55
1765579775764,CH1,POWER,3.55
1765579775770,CH1,POWER,3.55
1765579775774,CH1,POWER,3.55
1765579775779,CH1,POWER,3.55
1765579775783,CH1,POWER,3.55
1765579775790,CH1,POWER,3.55
1765579775796,CH1,POWER,3.55
1765579775800,CH1,POWER,3.55
1765579775804,CH1,POWER,3.55
1765579775810,CH1,POWER,3.55
1765579775816,CH1,POWER,3.55
1765579775820,CH1,POWER,3.55
1765579775828,CH1,POWER,3.55
1765579775832,CH1,POWER,3.55
1765579775837,CH1,POWER,3.55
1765579775842,CH1,POWER,3.55
1765579775850,CH1,POWER,3.55
1765579775858,CH1,POWER,3.55
1765579775863,CH1,POWER,3.55
1765579775870,CH1,POWER,3.55
1765579775874,CH1,POWER,3.55
1765579775879,CH1,POWER,3.55
1765579775886,CH1,POWER,3.55
1765579775890,CH1,POWER,3.55
1765579775896,CH1,POWER,3.55
1765579775900,CH1,POWER,3.55
1765579775908,CH1,POWER,3.55
1765579775913,CH1,POWER,3.55
1765579775920,CH1,POWER,3.55
1765579775926,CH1,POWER,3.55
1765579775930,CH1,POWER,3.55
1765579775938,CH1,POWER,3.55
1765579775943,CH1,POWER,3.55
1765579775950,CH1,POWER,3.55
1765579775958,CH1,POWER,3.55
1765579775963,CH1,POWER,3.55
1765579775967,CH1,POWER,3.55
1765579775972,CH1,POWER,3.55
1765579775978,CH1,POWER,3.55
1765579775983,CH1,POWER,3.55
1765579775990,CH1,POWER,3.55
1765579775992,CH1,POWER,3.30
1765579775995,CH1,POWER,3.30
1765579776022,CH1,POWER,3.30
1765579776028,CH1,POWER,3.30
1765579776032,CH1,POWER,3.30
1765579776040,CH1,POWER,3.30
1765579776045,CH1,POWER,3.30
1765579776052,CH1,POWER,3.30
1765579776058,CH1,POWER,3.30
1765579776062,CH1,POWER,3.30
1765579776068,CH1,POWER,3.30
1765579776072,CH1,POWER,3.30
1765579776077,CH1,POWER,3.30
1765579776082,CH1,POWER,3.30
1765579776087,CH1,POWER,3.30
1765579776092,CH1,POWER,3.30
1765579776096,CH1,POWER,3.30
1765579776102,CH1,POWER,3.30
1765579776110,CH1,POWER,3.30
1765579776116,CH1,POWER,3.30
1765579776121,CH1,POWER,3.30
1765579776125,CH1,POWER,3.30
1765579776131,CH1,POWER,3.30
1765579776136,CH1,POWER,3.30
1765579776142,CH1,POWER,3.30
1765579776148,CH1,POWER,3.30
1765579776152,CH1,POWER,3.30
1765579776157,CH1,POWER,3.30
1765579776162,CH1,POWER,3.30
1765579776168,CH1,POWER,3.30
1765579776172,CH1,POWER,3.30
1765579776176,CH1,POWER,3.30
1765579776182,CH1,POWER,3.30
1765579776188,CH1,POWER,3.30
1765579776192,CH1,POWER,3.30
1765579776197,CH1,POWER,3.30
1765579776202,CH1,POWER,3.30
1765579776206,CH1,POWER,3.30
1765579776211,CH1,POWER,3.30
1765579776215,CH1,POWER,3.30
1765579776219,CH1,POWER,3.30
1765579776224,CH1,POWER,3.30
1765579776230,CH1,POWER,3.30
1765579776236,CH1,POWER,3.30
1765579776242,CH1,POWER,3.30
1765579776246,CH1,POWER,3.30
1765579776251,CH1,POWER,3.30
1765579776255,CH1,POWER,3.30
1765579776259,CH1,POWER,3.30
1765579776264,CH1,POWER,3.30
1765579776270,CH1,POWER,3.30
1765579776275,CH1,POWER,3.30
1765579776282,CH1,POWER,3.30
1765579776290,CH1,POWER,3.30
1765579776295,CH1,POWER,3.30
1765579776302,CH1,POWER,3.30
1765579776307,CH1,POWER,3.30
1765579776312,CH1,POWER,3.30
1765579776318,CH1,POWER,3.30
1765579776322,CH1,POWER,3.30
1765579776330,CH1,POWER,3.30
1765579776336,CH1,POWER,3.30
1765579776341,CH1,POWER,3.30
1765579776345,CH1,POWER,3.30
1765579776351,CH1,POWER,3.30
1765579776356,CH1,POWER,3.30
1765579776361,CH1,POWER,3.30
1765579776366,CH1,POWER,3.30
1765579776372,CH1,POWER,3.30
1765579776378,CH1,POWER,3.30
1765579776382,CH1,POWER,3.30
1765579776386,CH1,POWER,3.25
1765579776413,CH1,POWER,3.25
1765579776418,CH1,POWER,3.25
1765579776423,CH1,POWER,3.25
1765579776428,CH1,POWER,3.25
1765579776434,CH1,POWER,3.25
1765579776440,CH1,POWER,3.25
1765579776444,CH1,POWER,3.25
1765579776449,CH1,POWER,3.25
1765579776454,CH1,POWER,3.25
1765579776460,CH1,POWER,3.25
1765579776464,CH1,POWER,3.25
1765579776469,CH1,POWER,3.25
1765579776474,CH1,POWER,3.25
1765579776482,CH1,POWER,3.25
1765579776488,CH1,POWER,3.25
1765579776493,CH1,POWER,3.25
1765579776497,CH1,POWER,3.25
1765579776504,CH1,POWER,3.25
1765579776508,CH1,POWER,3.25
1765579776513,CH1,POWER,3.25
1765579776517,CH1,POWER,3.25
1765579776524,CH1,POWER,3.25
1765579776529,CH1,POWER,3.25
1765579776534,CH1,POWER,3.25
1765579776540,CH1,POWER,3.25
1765579776544,CH1,POWER,3.25
1765579776548,CH1,POWER,3.25
1765579776554,CH1,POWER,3.25
1765579776562,CH1,POWER,3.25
1765579776567,CH1,POWER,3.25
1765579776574,CH1,POWER,3.25
1765579776579,CH1,POWER,3.25
1765579776584,CH1,POWER,3.25
1765579776589,CH1,POWER,3.25
1765579776594,CH1,POWER,3.25
1765579776602,CH1,POWER,3.25
1765579776607,CH1,POWER,3.25
1765579776614,CH1,POWER,3.25
1765579776618,CH1,POWER,3.25
1765579776624,CH1,POWER,3.25
1765579776630,CH1,POWER,3.25
1765579776634,CH1,POWER,3.25
1765579776638,CH1,POWER,3.25
1765579776643,CH1,POWER,3.25
1765579776650,CH1,POWER,3.25
1765579776654,CH1,POWER,3.25
1765579776658,CH1,POWER,3.25
1765579776663,CH1,POWER,3.25
1765579776667,CH1,POWER,3.25
1765579776674,CH1,POWER,3.25
1765579776682,CH1,POWER,3.25
1765579776687,CH1,POWER,3.25
1765579776694,CH1,POWER,3.25
1765579776702,CH1,POWER,3.25
1765579776707,CH1,POWER,3.25
1765579776713,CH1,POWER,3.25
1765579776718,CH1,POWER,3.25
1765579776724,CH1,POWER,3.25
1765579776730,CH1,POWER,3.25
1765579776734,CH1,POWER,3.25
1765579776739,CH1,POWER,3.25
1765579776744,CH1,POWER,3.25
1765579776750,CH1,POWER,3.25
1765579776754,CH1,POWER,3.25
1765579776760,CH1,POWER,3.25
1765579776764,CH1,POWER,3.25
1765579776769,CH1,POWER,3.25
1765579776773,CH1,POWER,3.40
1765579776776,CH1,POWER,3.40
1765579776778,CH1,POWER,3.40
1765579776806,CH1,POWER,3.40
1765579776812,CH1,POWER,3.40
1765579776816,CH1,POWER,3.40
1765579776822,CH1,POWER,3.40
1765579776826,CH1,POWER,3.40
1765579776832,CH1,POWER,3.40
1765579776836,CH1,POWER,3.40
1765579776840,CH1,POWER,3.40
1765579776846,CH1,POWER,3.40
1765579776854,CH1,POWER,3.40
1765579776859,CH1,POWER,3.40
1765579776863,CH1,POWER,3.40
1765579776868,CH1,POWER,3.40
1765579776876,CH1,POWER,3.40
1765579776882,CH1,POWER,3.40
1765579776886,CH1,POWER,3.40
1765579776891,CH1,POWER,3.40
1765579776896,CH1,POWER,3.40
1765579776901,CH1,POWER,3.40
1765579776906,CH1,POWER,3.40
1765579776912,CH1,POWER,3.40
1765579776917,CH1,POWER,3.40
1765579776923,CH1,POWER,3.40
1765579776929,CH1,POWER,3.40
1765579776936,CH1,POWER,3.40
1765579776941,CH1,POWER,3.40
1765579776946,CH1,POWER,3.40
1765579776952,CH1,POWER,3.40
1765579776956,CH1,POWER,3.40
1765579776964,CH1,POWER,3.40
1765579776969,CH1,POWER,3.40
1765579776976,CH1,POWER,3.40
1765579776982,CH1,POWER,3.40
1765579776986,CH1,POWER,3.40
1765579776991,CH1,POWER,3.40
1765579776996,CH1,POWER,3.40
1765579777001,CH1,POWER,3.40
1765579777006,CH1,POWER,3.40
1765579777012,CH1,POWER,3.40
1765579777016,CH1,POWER,3.40
1765579777021,CH1,POWER,3.40
1765579777026,CH1,POWER,3.40
1765579777031,CH1,POWER,3.40
1765579777036,CH1,POWER,3.40
1765579777042,CH1,POWER,3.40
1765579777046,CH1,POWER,3.40
1765579777051,CH1,POWER,3.40
1765579777056,CH1,POWER,3.40
1765579777061,CH1,POWER,3.40
1765579777066,CH1,POWER,3.40
1765579777072,CH1,POWER,3.40
1765579777076,CH1,POWER,3.40
1765579777082,CH1,POWER,3.40
1765579777086,CH1,POWER,3.40
1765579777092,CH1,POWER,3.40
1765579777096,CH1,POWER,3.40
1765579777101,CH1,POWER,3.40
1765579777106,CH1,POWER,3.40
1765579777112,CH1,POWER,3.40
1765579777116,CH1,POWER,3.40
1765579777121,CH1,POWER,3.40
1765579777126,CH1,POWER,3.40
1765579777131,CH1,POWER,3.40
1765579777136,CH1,POWER,3.40
1765579777141,CH1,POWER,3.40
1765579777146,CH1,POWER,3.40
1765579777154,CH1,POWER,3.40
1765579777159,CH1,POWER,3.40
1765579777187,CH1,POWER,3.60
1765579777192,CH1,POWER,3.60
1765579777198,CH1,POWER,3.60
1765579777204,CH1,POWER,3.60
1765579777208,CH1,POWER,3.60
1765579777216,CH1,POWER,3.60
1765579777221,CH1,POWER,3.60
1765579777225,CH1,POWER,3.60
1765579777229,CH1,POWER,3.60
1765579777233,CH1,POWER,3.60
1765579777238,CH1,POWER,3.60
1765579777242,CH1,POWER,3.60
1765579777247,CH1,POWER,3.60
1765579777251,CH1,POWER,3.60
1765579777258,CH1,POWER,3.60
1765579777264,CH1,POWER,3.60
1765579777268,CH1,POWER,3.60
1765579777276,CH1,POWER,3.60
1765579777281,CH1,POWER,3.60
1765579777288,CH1,POWER,3.60
1765579777294,CH1,POWER,3.60
1765579777298,CH1,POWER,3.60
1765579777303,CH1,POWER,3.60
1765579777308,CH1,POWER,3.60
1765579777313,CH1,POWER,3.60
1765579777318,CH1,POWER,3.60
1765579777322,CH1,POWER,3.60
1765579777327,CH1,POWER,3.60
1765579777331,CH1,POWER,3.60
1765579777338,CH1,POWER,3.60
1765579777343,CH1,POWER,3.60
1765579777348,CH1,POWER,3.60
1765579777353,CH1,POWER,3.60
1765579777358,CH1,POWER,3.60
1765579777366,CH1,POWER,3.60
1765579777372,CH1,POWER,3.60
1765579777378,CH1,POWER,3.60
1765579777383,CH1,POWER,3.60
1765579777388,CH1,POWER,3.60
1765579777393,CH1,POWER,3.60
1765579777398,CH1,POWER,3.60
1765579777406,CH1,POWER,3.60
1765579777411,CH1,POWER,3.60
1765579777418,CH1,POWER,3.60
1765579777423,CH1,POWER,3.60
1765579777428,CH1,POWER,3.60
1765579777433,CH1,POWER,3.60
1765579777438,CH1,POWER,3.60
1765579777446,CH1,POWER,3.60
1765579777451,CH1,POWER,3.60
1765579777457,CH1,POWER,3.60
1765579777462,CH1,POWER,3.60
1765579777468,CH1,POWER,3.60
1765579777473,CH1,POWER,3.60
1765579777478,CH1,POWER,3.60
1765579777486,CH1,POWER,3.60
1765579777491,CH1,POWER,3.60
1765579777498,CH1,POWER,3.60
1765579777506,CH1,POWER,3.60
1765579777511,CH1,POWER,3.60
1765579777518,CH1,POWER,3.60
1765579777523,CH1,POWER,3.60
1765579777528,CH1,POWER,3.60
1765579777533,CH1,POWER,3.60
1765579777538,CH1,POWER,3.60
1765579777542,CH1,POWER,3.60
1765579777547,CH1,POWER,3.60
1765579777551,CH1,POWER,3.60
1765579777554,CH1,POWER,3.70
1765579777556,CH1,POWER,3.70
1765579777559,CH1,POWER,3.70
1765579777561,CH1,POWER,3.70
1765579777587,CH1,POWER,3.70
1765579777592,CH1,POWER,3.70
1765579777597,CH1,POWER,3.70
1765579777601,CH1,POWER,3.70
1765579777605,CH1,POWER,3.70
1765579777610,CH1,POWER,3.70
1765579777614,CH1,POWER,3.70
1765579777619,CH1,POWER,3.70
1765579777624,CH1,POWER,3.70
1765579777630,CH1,POWER,3.70
1765579777635,CH1,POWER,3.70
1765579777640,CH1,POWER,3.70
1765579777648,CH1,POWER,3.70
1765579777653,CH1,POWER,3.70
1765579777660,CH1,POWER,3.70
1765579777666,CH1,POWER,3.70
1765579777670,CH1,POWER,3.70
1765579777675,CH1,POWER,3.70
1765579777680,CH1,POWER,3.70
1765579777684,CH1,POWER,3.70
1765579777690,CH1,POWER,3.70
1765579777695,CH1,POWER,3.70
1765579777700,CH1,POWER,3.70
1765579777704,CH1,POWER,3.70
1765579777710,CH1,POWER,3.70
1765579777714,CH1,POWER,3.70
1765579777720,CH1,POWER,3.70
1765579777724,CH1,POWER,3.70
1765579777730,CH1,POWER,3.70
1765579777738,CH1,POWER,3.70
1765579777743,CH1,POWER,3.70
1765579777747,CH1,POWER,3.70
1765579777752,CH1,POWER,3.70
1765579777757,CH1,POWER,3.70
1765579777763,CH1,POWER,3.70
1765579777770,CH1,POWER,3.70
1765579777774,CH1,POWER,3.70
1765579777779,CH1,POWER,3.70
1765579777784,CH1,POWER,3.70
1765579777789,CH1,POWER,3.70
1765579777795,CH1,POWER,3.70
1765579777800,CH1,POWER,3.70
1765579777808,CH1,POWER,3.70
1765579777814,CH1,POWER,3.70
1765579777819,CH1,POWER,3.70
1765579777823,CH1,POWER,3.70
1765579777827,CH1,POWER,3.70
1765579777831,CH1,POWER,3.70
1765579777835,CH1,POWER,3.70
1765579777840,CH1,POWER,3.70
1765579777844,CH1,POWER,3.70
1765579777850,CH1,POWER,3.70
1765579777855,CH1,POWER,3.70
1765579777860,CH1,POWER,3.70
1765579777865,CH1,POWER,3.70
1765579777870,CH1,POWER,3.70
1765579777875,CH1,POWER,3.70
1765579777880,CH1,POWER,3.70
1765579777885,CH1,POWER,3.70
1765579777890,CH1,POWER,3.70
1765579777895,CH1,POWER,3.70
1765579777900,CH1,POWER,3.70
1765579777905,CH1,POWER,3.70
1765579777910,CH1,POWER,3.70
1765579777914,CH1,POWER,3.70
1765579777920,CH1,POWER,3.70
1765579777924,CH1,POWER,3.70
1765579777930,CH1,POWER,3.70
1765579777935,CH1,POWER,3.70
1765579777940,CH1,POWER,3.70
1765579777945,CH1,POWER,3.70
1765579777950,CH1,POWER,3.70
1765579777954,CH1,POWER,3.25
1765579777981,CH1,POWER,3.25
1765579777986,CH1,POWER,3.25
1765579777991,CH1,POWER,3.25
1765579777995,CH1,POWER,3.25
1765579777999,CH1,POWER,3.25
1765579778003,CH1,POWER,3.25
1765579778009,CH1,POWER,3.25
1765579778014,CH1,POWER,3.25
1765579778020,CH1,POWER,3.25
1765579778024,CH1,POWER,3.25
1765579778029,CH1,POWER,3.25
1765579778034,CH1,POWER,3.25
1765579778039,CH1,POWER,3.25
1765579778044,CH1,POWER,3.25
1765579778050,CH1,POWER,3.25
1765579778054,CH1,POWER,3.25
1765579778059,CH1,POWER,3.25
1765579778063,CH1,POWER,3.25
1765579778067,CH1,POWER,3.25
1765579778072,CH1,POWER,3.25
1765579778076,CH1,POWER,3.25
1765579778082,CH1,POWER,3.25
1765579778086,CH1,POWER,3.25
1765579778092,CH1,POWER,3.25
1765579778096,CH1,POWER,3.25
1765579778102,CH1,POWER,3.25
1765579778107,CH1,POWER,3.25
1765579778112,CH1,POWER,3.25
1765579778116,CH1,POWER,3.25
1765579778122,CH1,POWER,3.25
1765579778127,CH1,POWER,3.25
1765579778132,CH1,POWER,3.25
1765579778137,CH1,POWER,3.25
1765579778142,CH1,POWER,3.25
1765579778147,CH1,POWER,3.25
1765579778152,CH1,POWER,3.25
1765579778156,CH1,POWER,3.25
1765579778162,CH1,POWER,3.25
1765579778166,CH1,POWER,3.25
1765579778172,CH1,POWER,3.25
1765579778176,CH1,POWER,3.25
1765579778182,CH1,POWER,3.25
1765579778186,CH1,POWER,3.25
1765579778192,CH1,POWER,3.25
1765579778196,CH1,POWER,3.25
1765579778202,CH1,POWER,3.25
1765579778206,CH1,POWER,3.25
1765579778212,CH1,POWER,3.25
1765579778220,CH1,POWER,3.25
1765579778226,CH1,POWER,3.25
1765579778232,CH1,POWER,3.25
1765579778237,CH1,POWER,3.25
1765579778242,CH1,POWER,3.25
1765579778246,CH1,POWER,3.25
1765579778252,CH1,POWER,3.25
1765579778256,CH1,POWER,3.25
1765579778262,CH1,POWER,3.25
1765579778270,CH1,POWER,3.25
1765579778275,CH1,POWER,3.25
1765579778282,CH1,POWER,3.25
1765579778287,CH1,POWER,3.25
1765579778292,CH1,POWER,3.25
1765579778296,CH1,POWER,3.25
1765579778302,CH1,POWER,3.25
1765579778307,CH1,POWER,3.25
1765579778312,CH1,POWER,3.25
1765579778317,CH1,POWER,3.25
1765579778322,CH1,POWER,3.25
1765579778330,CH1,POWER,3.25
1765579778335,CH1,POWER,3.25
1765579778342,CH1,POWER,3.25
1765579778344,CH1,POWER,3.25
1765579778370,CH1,POWER,3.25
1765579778375,CH1,POWER,3.25
1765579778382,CH1,POWER,3.25
1765579778388,CH1,POWER,3.25
1765579778393,CH1,POWER,3.25
1765579778397,CH1,POWER,3.25
1765579778404,CH1,POWER,3.25
1765579778408,CH1,POWER,3.25
1765579778413,CH1,POWER,3.25
1765579778417,CH1,POWER,3.25
1765579778424,CH1,POWER,3.25
1765579778430,CH1,POWER,3.25
1765579778434,CH1,POWER,3.25
1765579778442,CH1,POWER,3.25
1765579778447,CH1,POWER,3.25
1765579778454,CH1,POWER,3.25
1765579778459,CH1,POWER,3.25
1765579778464,CH1,POWER,3.25
1765579778468,CH1,POWER,3.25
1765579778474,CH1,POWER,3.25
1765579778479,CH1,POWER,3.25
1765579778484,CH1,POWER,3.25
1765579778489,CH1,POWER,3.25
1765579778494,CH1,POWER,3.25
1765579778499,CH1,POWER,3.25
1765579778504,CH1,POWER,3.25
1765579778509,CH1,POWER,3.25
1765579778514,CH1,POWER,3.25
1765579778519,CH1,POWER,3.25
1765579778524,CH1,POWER,3.25
1765579778529,CH1,POWER,3.25
1765579778534,CH1,POWER,3.25
1765579778538,CH1,POWER,3.25
1765579778544,CH1,POWER,3.25
1765579778549,CH1,POWER,3.25
1765579778554,CH1,POWER,3.25
1765579778559,CH1,POWER,3.25
1765579778564,CH1,POWER,3.25
1765579778568,CH1,POWER,3.25
1765579778573,CH1,POWER,3.25
1765579778577,CH1,POWER,3.25
1765579778584,CH1,POWER,3.25
1765579778589,CH1,POWER,3.25
1765579778594,CH1,POWER,3.25
1765579778599,CH1,POWER,3.25
1765579778604,CH1,POWER,3.25
1765579778608,CH1,POWER,3.25
1765579778614,CH1,POWER,3.25
1765579778618,CH1,POWER,3.25
1765579778623,CH1,POWER,3.25
1765579778629,CH1,POWER,3.25
1765579778634,CH1,POWER,3.25
1765579778639,CH1,POWER,3.25
1765579778644,CH1,POWER,3.25
1765579778648,CH1,POWER,3.25
1765579778654,CH1,POWER,3.25
1765579778658,CH1,POWER,3.25
1765579778664,CH1,POWER,3.25
1765579778669,CH1,POWER,3.25
1765579778674,CH1,POWER,3.25
1765579778679,CH1,POWER,3.25
1765579778684,CH1,POWER,3.25
1765579778689,CH1,POWER,3.25
1765579778694,CH1,POWER,3.25
1765579778699,CH1,POWER,3.25
1765579778704,CH1,POWER,3.25
1765579778709,CH1,POWER,3.25
1765579778714,CH1,POWER,3.25
1765579778719,CH1,POWER,3.25
1765579778724,CH1,POWER,3.25
1765579778732,CH1,POWER,3.25
1765579778735,CH1,POWER,3.25
1765579778737,CH1,POWER,3.25
1765579778763,CH1,POWER,3.25
1765579778768,CH1,POWER,3.25
1765579778774,CH1,POWER,3.25
1765579778778,CH1,POWER,3.25
1765579778783,CH1,POWER,3.25
1765579778788,CH1,POWER,3.25
1765579778796,CH1,POWER,3.25
1765579778801,CH1,POWER,3.25
1765579778806,CH1,POWER,3.25
1765579778814,CH1,POWER,3.25
1765579778818,CH1,POWER,3.25
1765579778823,CH1,POWER,3.25
1765579778827,CH1,POWER,3.25
1765579778833,CH1,POWER,3.25
1765579778838,CH1,POWER,3.25
1765579778844,CH1,POWER,3.25
1765579778849,CH1,POWER,3.25
1765579778853,CH1,POWER,3.25
1765579778857,CH1,POWER,3.25
1765579778863,CH1,POWER,3.25
1765579778868,CH1,POWER,3.25
1765579778873,CH1,POWER,3.25
1765579778877,CH1,POWER,3.25
1765579778881,CH1,POWER,3.25
1765579778886,CH1,POWER,3.25
1765579778890,CH1,POWER,3.25
1765579778896,CH1,POWER,3.25
1765579778900,CH1,POWER,3.25
1765579778906,CH1,POWER,3.25
1765579778910,CH1,POWER,3.25
1765579778916,CH1,POWER,3.25
1765579778921,CH1,POWER,3.25
1765579778926,CH1,POWER,3.25
1765579778930,CH1,POWER,3.25
1765579778936,CH1,POWER,3.25
1765579778940,CH1,POWER,3.25
1765579778946,CH1,POWER,3.25
1765579778951,CH1,POWER,3.25
1765579778956,CH1,POWER,3.25
1765579778961,CH1,POWER,3.25
1765579778966,CH1,POWER,3.25
1765579778971,CH1,POWER,3.25
1765579778976,CH1,POWER,3.25
1765579778980,CH1,POWER,3.25
1765579778986,CH1,POWER,3.25
1765579778991,CH1,POWER,3.25
1765579778996,CH1,POWER,3.25
1765579779001,CH1,POWER,3.25
1765579779006,CH1,POWER,3.25
1765579779014,CH1,POWER,3.25
1765579779020,CH1,POWER,3.25
1765579779025,CH1,POWER,3.25
1765579779030,CH1,POWER,3.25
1765579779036,CH1,POWER,3.25
1765579779041,CH1,POWER,3.25
1765579779046,CH1,POWER,3.25
1765579779050,CH1,POWER,3.25
1765579779056,CH1,POWER,3.25
1765579779061,CH1,POWER,3.25
1765579779066,CH1,POWER,3.25
1765579779070,CH1,POWER,3.25
1765579779076,CH1,POWER,3.25
1765579779084,CH1,POWER,3.25
1765579779089,CH1,POWER,3.25
1765579779095,CH1,POWER,3.25
1765579779100,CH1,POWER,3.25
1765579779106,CH1,POWER,3.25
1765579779114,CH1,POWER,3.25
1765579779119,CH1,POWER,3.25
1765579779123,CH1,POWER,3.25
1765579779125,CH1,POWER,3.70
1765579779128,CH1,POWER,3.70
1765579779130,CH1,POWER,3.70
1765579779158,CH1,POWER,3.70
1765579779163,CH1,POWER,3.70
1765579779168,CH1,POWER,3.70
1765579779172,CH1,POWER,3.70
1765579779178,CH1,POWER,3.70
1765579779186,CH1,POWER,3.70
1765579779190,CH1,POWER,3.70
1765579779198,CH1,POWER,3.70
1765579779203,CH1,POWER,3.70
1765579779208,CH1,POWER,3.70
1765579779216,CH1,POWER,3.70
1765579779220,CH1,POWER,3.70
1765579779225,CH1,POWER,3.70
1765579779229,CH1,POWER,3.70
1765579779236,CH1,POWER,3.70
1765579779241,CH1,POWER,3.70
1765579779248,CH1,POWER,3.70
1765579779253,CH1,POWER,3.70
1765579779258,CH1,POWER,3.70
1765579779263,CH1,POWER,3.70
1765579779268,CH1,POWER,3.70
1765579779272,CH1,POWER,3.70
1765579779278,CH1,POWER,3.70
1765579779282,CH1,POWER,3.70
1765579779287,CH1,POWER,3.70
1765579779292,CH1,POWER,3.70
1765579779298,CH1,POWER,3.70
1765579779302,CH1,POWER,3.70
1765579779308,CH1,POWER,3.70
1765579779316,CH1,POWER,3.70
1765579779320,CH1,POWER,3.70
1765579779328,CH1,POWER,3.70
1765579779333,CH1,POWER,3.70
1765579779338,CH1,POWER,3.70
1765579779346,CH1,POWER,3.70
1765579779352,CH1,POWER,3.70
1765579779357,CH1,POWER,3.70
1765579779361,CH1,POWER,3.70
1765579779368,CH1,POWER,3.70
1765579779372,CH1,POWER,3.70
1765579779377,CH1,POWER,3.70
1765579779382,CH1,POWER,3.70
1765579779387,CH1,POWER,3.70
1765579779392,CH1,POWER,3.70
1765579779398,CH1,POWER,3.70
1765579779403,CH1,POWER,3.70
1765579779408,CH1,POWER,3.70
1765579779412,CH1,POWER,3.70
1765579779418,CH1,POWER,3.70
1765579779426,CH1,POWER,3.70
1765579779431,CH1,POWER,3.70
1765579779438,CH1,POWER,3.70
1765579779442,CH1,POWER,3.70
1765579779447,CH1,POWER,3.70
1765579779451,CH1,POWER,3.70
1765579779457,CH1,POWER,3.70
1765579779462,CH1,POWER,3.70
1765579779468,CH1,POWER,3.70
1765579779473,CH1,POWER,3.70
1765579779478,CH1,POWER,3.70
1765579779483,CH1,POWER,3.70
1765579779488,CH1,POWER,3.70
1765579779493,CH1,POWER,3.70
1765579779498,CH1,POWER,3.70
1765579779503,CH1,POWER,3.70
1765579779508,CH1,POWER,3.70
1765579779513,CH1,POWER,3.70
1765579779517,CH1,POWER,3.70
1765579779520,CH1,POWER,3.60
1765579779522,CH1,POWER,3.60
1765579779550,CH1,POWER,3.60
1765579779555,CH1,POWER,3.60
1765579779560,CH1,POWER,3.60
1765579779564,CH1,POWER,3.60
1765579779569,CH1,POWER,3.60
1765579779574,CH1,POWER,3.60
1765579779579,CH1,POWER,3.60
1765579779583,CH1,POWER,3.60
1765579779590,CH1,POWER,3.60
1765579779598,CH1,POWER,3.60
1765579779603,CH1,POWER,3.60
1765579779610,CH1,POWER,3.60
1765579779615,CH1,POWER,3.60
1765579779620,CH1,POWER,3.60
1765579779628,CH1,POWER,3.60
1765579779632,CH1,POWER,3.60
1765579779637,CH1,POWER,3.60
1765579779641,CH1,POWER,3.60
1765579779645,CH1,POWER,3.60
1765579779650,CH1,POWER,3.60
1765579779654,CH1,POWER,3.60
1765579779660,CH1,POWER,3.60
1765579779664,CH1,POWER,3.60
1765579779670,CH1,POWER,3.60
1765579779678,CH1,POWER,3.60
1765579779683,CH1,POWER,3.60
1765579779687,CH1,POWER,3.60
1765579779691,CH1,POWER,3.60
1765579779697,CH1,POWER,3.60
1765579779701,CH1,POWER,3.60
1765579779705,CH1,POWER,3.60
1765579779710,CH1,POWER,3.60
1765579779718,CH1,POWER,3.60
1765579779723,CH1,POWER,3.60
1765579779730,CH1,POWER,3.60
1765579779735,CH1,POWER,3.60
1765579779740,CH1,POWER,3.60
1765579779745,CH1,POWER,3.60
1765579779750,CH1,POWER,3.60
1765579779754,CH1,POWER,3.60
1765579779760,CH1,POWER,3.60
1765579779765,CH1,POWER,3.60
1765579779770,CH1,POWER,3.60
1765579779774,CH1,POWER,3.60
1765579779780,CH1,POWER,3.60
1765579779788,CH1,POWER,3.60
1765579779793,CH1,POWER,3.60
1765579779800,CH1,POWER,3.60
1765579779804,CH1,POWER,3.60
1765579779809,CH1,POWER,3.60
1765579779813,CH1,POWER,3.60
1765579779820,CH1,POWER,3.60
1765579779825,CH1,POWER,3.60
1765579779830,CH1,POWER,3.60
1765579779835,CH1,POWER,3.60
1765579779840,CH1,POWER,3.60
1765579779844,CH1,POWER,3.60
1765579779849,CH1,POWER,3.60
1765579779855,CH1,POWER,3.60
1765579779860,CH1,POWER,3.60
1765579779868,CH1,POWER,3.60
1765579779872,CH1,POWER,3.60
1765579779877,CH1,POWER,3.60
1765579779881,CH1,POWER,3.60
1765579779888,CH1,POWER,3.60
1765579779894,CH1,POWER,3.60
1765579779899,CH1,POWER,3.60
1765579779904,CH1,POWER,3.60
1765579779910,CH1,POWER,3.60
1765579779913,CH1,POWER,2.95
1765579779941,CH1,POWER,2.95
1765579779946,CH1,POWER,2.95
1765579779951,CH1,POWER,2.95
1765579779955,CH1,POWER,2.95
1765579779959,CH1,POWER,2.95
1765579779963,CH1,POWER,2.95
1765579779970,CH1,POWER,2.95
1765579779975,CH1,POWER,2.95
1765579779979,CH1,POWER,2.95
1765579779984,CH1,POWER,2.95
1765579779989,CH1,POWER,2.95
1765579779993,CH1,POWER,2.95
1765579779997,CH1,POWER,2.95
1765579780002,CH1,POWER,2.95
1765579780007,CH1,POWER,2.95
1765579780012,CH1,POWER,2.95
1765579780016,CH1,POWER,2.95
1765579780021,CH1,POWER,2.95
1765579780025,CH1,POWER,2.95
1765579780032,CH1,POWER,2.95
1765579780036,CH1,POWER,2.95
1765579780042,CH1,POWER,2.95
1765579780047,CH1,POWER,2.95
1765579780052,CH1,POWER,2.95
1765579780057,CH1,POWER,2.95
1765579780062,CH1,POWER,2.95
1765579780067,CH1,POWER,2.95
1765579780072,CH1,POWER,2.95
1765579780076,CH1,POWER,2.95
1765579780082,CH1,POWER,2.95
1765579780090,CH1,POWER,2.95
1765579780094,CH1,POWER,2.95
1765579780102,CH1,POWER,2.95
1765579780106,CH1,POWER,2.95
1765579780111,CH1,POWER,2.95
1765579780116,CH1,POWER,2.95
1765579780121,CH1,POWER,2.95
1765579780127,CH1,POWER,2.95
1765579780132,CH1,POWER,2.95
1765579780137,CH1,POWER,2.95
1765579780142,CH1,POWER,2.95
1765579780146,CH1,POWER,2.95
1765579780152,CH1,POWER,2.95
1765579780156,CH1,POWER,2.95
1765579780162,CH1,POWER,2.95
1765579780167,CH1,POWER,2.95
1765579780172,CH1,POWER,2.95
1765579780180,CH1,POWER,2.95
1765579780184,CH1,POWER,2.95
1765579780189,CH1,POWER,2.95
1765579780194,CH1,POWER,2.95
1765579780202,CH1,POWER,2.95
1765579780210,CH1,POWER,2.95
1765579780215,CH1,POWER,2.95
1765579780222,CH1,POWER,2.95
1765579780226,CH1,POWER,2.95
1765579780232,CH1,POWER,2.95
1765579780236,CH1,POWER,2.95
1765579780242,CH1,POWER,2.95
1765579780246,CH1,POWER,2.95
1765579780252,CH1,POWER,2.95
1765579780257,CH1,POWER,2.95
1765579780262,CH1,POWER,2.95
1765579780266,CH1,POWER,2.95
1765579780271,CH1,POWER,2.95
1765579780275,CH1,POWER,2.95
1765579780282,CH1,POWER,2.95
1765579780286,CH1,POWER,2.95
1765579780291,CH1,POWER,2.95
1765579780295,CH1,POWER,2.95
1765579780299,CH1,POWER,2.95
1765579780303,CH1,POWER,2.95
1765579780306,CH1,POWER,3.25
1765579780333,CH1,POWER,3.25
1765579780338,CH1,POWER,3.25
1765579780343,CH1,POWER,3.25
1765579780347,CH1,POWER,3.25
1765579780350,CH1,POWER,3.25
1765579780355,CH1,POWER,3.25
1765579780359,CH1,POWER,3.25
1765579780364,CH1,POWER,3.25
1765579780372,CH1,POWER,3.25
1765579780377,CH1,POWER,3.25
1765579780384,CH1,POWER,3.25
1765579780392,CH1,POWER,3.25
1765579780396,CH1,POWER,3.25
1765579780401,CH1,POWER,3.25
1765579780406,CH1,POWER,3.25
1765579780411,CH1,POWER,3.25
1765579780416,CH1,POWER,3.25
1765579780424,CH1,POWER,3.25
1765579780429,CH1,POWER,3.25
1765579780434,CH1,POWER,3.25
1765579780438,CH1,POWER,3.25
1765579780443,CH1,POWER,3.25
1765579780449,CH1,POWER,3.25
1765579780454,CH1,POWER,3.25
1765579780459,CH1,POWER,3.25
1765579780464,CH1,POWER,3.25
1765579780468,CH1,POWER,3.25
1765579780473,CH1,POWER,3.25
1765579780477,CH1,POWER,3.25
1765579780484,CH1,POWER,3.25
1765579780488,CH1,POWER,3.25
1765579780493,CH1,POWER,3.25
1765579780498,CH1,POWER,3.25
1765579780502,CH1,POWER,3.25
1765579780507,CH1,POWER,3.25
1765579780514,CH1,POWER,3.25
1765579780522,CH1,POWER,3.25
1765579780527,CH1,POWER,3.25
1765579780534,CH1,POWER,3.25
1765579780539,CH1,POWER,3.25
1765579780544,CH1,POWER,3.25
1765579780549,CH1,POWER,3.25
1765579780554,CH1,POWER,3.25
1765579780559,CH1,POWER,3.25
1765579780564,CH1,POWER,3.25
1765579780571,CH1,POWER,3.25
1765579780576,CH1,POWER,3.25
1765579780584,CH1,POWER,3.25
1765579780589,CH1,POWER,3.25
1765579780594,CH1,POWER,3.25
1765579780599,CH1,POWER,3.25
1765579780604,CH1,POWER,3.25
1765579780608,CH1,POWER,3.25
1765579780614,CH1,POWER,3.25
1765579780618,CH1,POWER,3.25
1765579780624,CH1,POWER,3.25
1765579780629,CH1,POWER,3.25
1765579780634,CH1,POWER,3.25
1765579780638,CH1,POWER,3.25
1765579780644,CH1,POWER,3.25
1765579780648,CH1,POWER,3.25
1765579780653,CH1,POWER,3.25
1765579780658,CH1,POWER,3.25
1765579780664,CH1,POWER,3.25
1765579780672,CH1,POWER,3.25
1765579780677,CH1,POWER,3.25
1765579780684,CH1,POWER,3.25
1765579780688,CH1,POWER,3.25
1765579780694,CH1,POWER,3.25
1765579780697,CH1,POWER,2.60
1765579780723,CH1,POWER,2.60
1765579780728,CH1,POWER,2.60
1765579780733,CH1,POWER,2.60
1765579780737,CH1,POWER,2.60
1765579780743,CH1,POWER,2.60
1765579780748,CH1,POWER,2.60
1765579780754,CH1,POWER,2.60
1765579780759,CH1,POWER,2.60
1765579780763,CH1,POWER,2.60
1765579780769,CH1,POWER,2.60
1765579780773,CH1,POWER,2.60
1765579780779,CH1,POWER,2.60
1765579780783,CH1,POWER,2.60
1765579780788,CH1,POWER,2.60
1765579780794,CH1,POWER,2.60
1765579780800,CH1,POWER,2.60
1765579780806,CH1,POWER,2.60
1765579780811,CH1,POWER,2.60
1765579780816,CH1,POWER,2.60
1765579780821,CH1,POWER,2.60
1765579780826,CH1,POWER,2.60
1765579780830,CH1,POWER,2.60
1765579780836,CH1,POWER,2.60
1765579780840,CH1,POWER,2.60
1765579780845,CH1,POWER,2.60
1765579780849,CH1,POWER,2.60
1765579780855,CH1,POWER,2.60
1765579780859,CH1,POWER,2.60
1765579780866,CH1,POWER,2.60
1765579780871,CH1,POWER,2.60
1765579780876,CH1,POWER,2.60
1765579780884,CH1,POWER,2.60
1765579780889,CH1,POWER,2.60
1765579780895,CH1,POWER,2.60
1765579780900,CH1,POWER,2.60
1765579780906,CH1,POWER,2.60
1765579780914,CH1,POWER,2.60
1765579780919,CH1,POWER,2.60
1765579780926,CH1,POWER,2.60
1765579780931,CH1,POWER,2.60
1765579780936,CH1,POWER,2.60
1765579780941,CH1,POWER,2.60
1765579780946,CH1,POWER,2.60
1765579780951,CH1,POWER,2.60
1765579780956,CH1,POWER,2.60
1765579780961,CH1,POWER,2.60
1765579780966,CH1,POWER,2.60
1765579780974,CH1,POWER,2.60
1765579780979,CH1,POWER,2.60
1765579780983,CH1,POWER,2.60
1765579780988,CH1,POWER,2.60
1765579780994,CH1,POWER,2.60
1765579780998,CH1,POWER,2.60
1765579781003,CH1,POWER,2.60
1765579781007,CH1,POWER,2.60
1765579781011,CH1,POWER,2.60
1765579781016,CH1,POWER,2.60
1765579781020,CH1,POWER,2.60
1765579781026,CH1,POWER,2.60
1765579781030,CH1,POWER,2.60
1765579781036,CH1,POWER,2.60
1765579781041,CH1,POWER,2.60
1765579781046,CH1,POWER,2.60
1765579781054,CH1,POWER,2.60
1765579781059,CH1,POWER,2.60
1765579781063,CH1,POWER,2.60
1765579781068,CH1,POWER,2.60
1765579781073,CH1,POWER,2.60
1765579781077,CH1,POWER,2.60
1765579781084,CH1,POWER,2.60
1765579781090,CH1,POWER,2.60
1765579781117,CH1,POWER,3.00
1765579781122,CH1,POWER,3.00
1765579781127,CH1,POWER,3.00
1765579781131,CH1,POWER,3.00
1765579781138,CH1,POWER,3.00
1765579781143,CH1,POWER,3.00
1765579781148,CH1,POWER,3.00
1765579781153,CH1,POWER,3.00
1765579781158,CH1,POWER,3.00
1765579781162,CH1,POWER,3.00
1765579781168,CH1,POWER,3.00
1765579781173,CH1,POWER,3.00
1765579781178,CH1,POWER,3.00
1765579781182,CH1,POWER,3.00
1765579781187,CH1,POWER,3.00
1765579781192,CH1,POWER,3.00
1765579781197,CH1,POWER,3.00
1765579781201,CH1,POWER,3.00
1765579781207,CH1,POWER,3.00
1765579781212,CH1,POWER,3.00
1765579781217,CH1,POWER,3.00
1765579781222,CH1,POWER,3.00
1765579781228,CH1,POWER,3.00
1765579781231,CH1,POWER,3.00
1765579781238,CH1,POWER,3.00
1765579781242,CH1,POWER,3.00
1765579781248,CH1,POWER,3.00
1765579781253,CH1,POWER,3.00
1765579781258,CH1,POWER,3.00
1765579781263,CH1,POWER,3.00
1765579781268,CH1,POWER,3.00
1765579781273,CH1,POWER,3.00
1765579781278,CH1,POWER,3.00
1765579781282,CH1,POWER,3.00
1765579781288,CH1,POWER,3.00
1765579781293,CH1,POWER,3.00
1765579781298,CH1,POWER,3.00
1765579781303,CH1,POWER,3.00
1765579781308,CH1,POWER,3.00
1765579781313,CH1,POWER,3.00
1765579781318,CH1,POWER,3.00
1765579781322,CH1,POWER,3.00
1765579781327,CH1,POWER,3.00
1765579781332,CH1,POWER,3.00
1765579781337,CH1,POWER,3.00
1765579781342,CH1,POWER,3.00
1765579781348,CH1,POWER,3.00
1765579781353,CH1,POWER,3.00
1765579781358,CH1,POWER,3.00
1765579781362,CH1,POWER,3.00
1765579781367,CH1,POWER,3.00
1765579781372,CH1,POWER,3.00
1765579781378,CH1,POWER,3.00
1765579781383,CH1,POWER,3.00
1765579781388,CH1,POWER,3.00
1765579781393,CH1,POWER,3.00
1765579781398,CH1,POWER,3.00
1765579781402,CH1,POWER,3.00
1765579781407,CH1,POWER,3.00
1765579781411,CH1,POWER,3.00
1765579781417,CH1,POWER,3.00
1765579781422,CH1,POWER,3.00
1765579781427,CH1,POWER,3.00
1765579781432,CH1,POWER,3.00
1765579781437,CH1,POWER,3.00
1765579781442,CH1,POWER,3.00
1765579781448,CH1,POWER,3.00
1765579781453,CH1,POWER,3.00
1765579781458,CH1,POWER,3.00
1765579781462,CH1,POWER,3.00
1765579781466,CH1,POWER,3.00
1765579781471,CH1,POWER,3.00
1765579781475,CH1,POWER,3.00
1765579781479,CH1,POWER,3.00
1765579781481,CH1,POWER,2.80
1765579781509,CH1,POWER,2.80
1765579781514,CH1,POWER,2.80
1765579781520,CH1,POWER,2.80
1765579781525,CH1,POWER,2.80
1765579781529,CH1,POWER,2.80
1765579781533,CH1,POWER,2.80
1765579781540,CH1,POWER,2.80
1765579781544,CH1,POWER,2.80
1765579781550,CH1,POWER,2.80
1765579781554,CH1,POWER,2.80
1765579781558,CH1,POWER,2.80
1765579781563,CH1,POWER,2.80
1765579781570,CH1,POWER,2.80
1765579781575,CH1,POWER,2.80
1765579781580,CH1,POWER,2.80
1765579781584,CH1,POWER,2.80
1765579781589,CH1,POWER,2.80
1765579781594,CH1,POWER,2.80
1765579781599,CH1,POWER,2.80
1765579781604,CH1,POWER,2.80
1765579781610,CH1,POWER,2.80
1765579781615,CH1,POWER,2.80
1765579781620,CH1,POWER,2.80
1765579781625,CH1,POWER,2.80
1765579781630,CH1,POWER,2.80
1765579781635,CH1,POWER,2.80
1765579781640,CH1,POWER,2.80
1765579781644,CH1,POWER,2.80
1765579781649,CH1,POWER,2.80
1765579781654,CH1,POWER,2.80
1765579781659,CH1,POWER,2.80
1765579781664,CH1,POWER,2.80
1765579781669,CH1,POWER,2.80
1765579781674,CH1,POWER,2.80
1765579781680,CH1,POWER,2.80
1765579781688,CH1,POWER,2.80
1765579781693,CH1,POWER,2.80
1765579781699,CH1,POWER,2.80
1765579781704,CH1,POWER,2.80
1765579781709,CH1,POWER,2.80
1765579781715,CH1,POWER,2.80
1765579781720,CH1,POWER,2.80
1765579781725,CH1,POWER,2.80
1765579781730,CH1,POWER,2.80
1765579781735,CH1,POWER,2.80
1765579781739,CH1,POWER,2.80
1765579781744,CH1,POWER,2.80
1765579781748,CH1,POWER,2.80
1765579781753,CH1,POWER,2.80
1765579781758,CH1,POWER,2.80
1765579781762,CH1,POWER,2.80
1765579781766,CH1,POWER,2.80
1765579781770,CH1,POWER,2.80
1765579781775,CH1,POWER,2.80
1765579781779,CH1,POWER,2.80
1765579781783,CH1,POWER,2.80
1765579781789,CH1,POWER,2.80
1765579781793,CH1,POWER,2.80
1765579781800,CH1,POWER,2.80
1765579781805,CH1,POWER,2.80
1765579781809,CH1,POWER,2.80
1765579781813,CH1,POWER,2.80
1765579781820,CH1,POWER,2.80
1765579781825,CH1,POWER,2.80
1765579781830,CH1,POWER,2.80
1765579781835,CH1,POWER,2.80
1765579781840,CH1,POWER,2.80
1765579781847,CH1,POWER,2.80
1765579781852,CH1,POWER,2.80
1765579781857,CH1,POWER,2.80
1765579781861,CH1,POWER,2.80
1765579781867,CH1,POWER,2.80
1765579781869,CH1,POWER,2.75
1765579781872,CH1,POWER,2.75
1765579781874,CH1,POWER,2.75
1765579781902,CH1,POWER,2.75
1765579781907,CH1,POWER,2.75
1765579781911,CH1,POWER,2.75
1765579781916,CH1,POWER,2.75
1765579781921,CH1,POWER,2.75
1765579781924,CH1,POWER,2.75
1765579781929,CH1,POWER,2.75
1765579781933,CH1,POWER,2.75
1765579781940,CH1,POWER,2.75
1765579781944,CH1,POWER,2.75
1765579781949,CH1,POWER,2.75
1765579781952,CH1,POWER,2.75
1765579781957,CH1,POWER,2.75
1765579781961,CH1,POWER,2.75
1765579781965,CH1,POWER,2.75
1765579781971,CH1,POWER,2.75
1765579781975,CH1,POWER,2.75
1765579781982,CH1,POWER,2.75
1765579781987,CH1,POWER,2.75
1765579781991,CH1,POWER,2.75
1765579781996,CH1,POWER,2.75
1765579782000,CH1,POWER,2.75
1765579782004,CH1,POWER,2.75
1765579782008,CH1,POWER,2.75
1765579782013,CH1,POWER,2.75
1765579782018,CH1,POWER,2.75
1765579782023,CH1,POWER,2.75
1765579782030,CH1,POWER,2.75
1765579782035,CH1,POWER,2.75
1765579782041,CH1,POWER,2.75
1765579782046,CH1,POWER,2.75
1765579782052,CH1,POWER,2.75
1765579782057,CH1,POWER,2.75
1765579782061,CH1,POWER,2.75
1765579782065,CH1,POWER,2.75
1765579782072,CH1,POWER,2.75
1765579782077,CH1,POWER,2.75
1765579782081,CH1,POWER,2.75
1765579782086,CH1,POWER,2.75
1765579782090,CH1,POWER,2.75
1765579782095,CH1,POWER,2.75
1765579782102,CH1,POWER,2.75
1765579782107,CH1,POWER,2.75
1765579782112,CH1,POWER,2.75
1765579782117,CH1,POWER,2.75
1765579782122,CH1,POWER,2.75
1765579782127,CH1,POWER,2.75
1765579782131,CH1,POWER,2.75
1765579782136,CH1,POWER,2.75
1765579782141,CH1,POWER,2.75
1765579782146,CH1,POWER,2.75
1765579782152,CH1,POWER,2.75
1765579782160,CH1,POWER,2.75
1765579782165,CH1,POWER,2.75
1765579782172,CH1,POWER,2.75
1765579782177,CH1,POWER,2.75
1765579782182,CH1,POWER,2.75
1765579782187,CH1,POWER,2.75
1765579782192,CH1,POWER,2.75
1765579782197,CH1,POWER,2.75
1765579782202,CH1,POWER,2.75
1765579782210,CH1,POWER,2.75
1765579782215,CH1,POWER,2.75
1765579782222,CH1,POWER,2.75
1765579782227,CH1,POWER,2.75
1765579782231,CH1,POWER,2.75
1765579782236,CH1,POWER,2.75
1765579782241,CH1,POWER,2.75
1765579782246,CH1,POWER,2.75
1765579782250,CH1,POWER,2.75
1765579782255,CH1,POWER,2.75
1765579782262,CH1,POWER,2.75
1765579782266,CH1,POWER,3.20
1765579782294,CH1,POWER,3.20
1765579782299,CH1,POWER,3.20
1765579782303,CH1,POWER,3.20
1765579782308,CH1,POWER,3.20
1765579782313,CH1,POWER,3.20
1765579782318,CH1,POWER,3.20
1765579782323,CH1,POWER,3.20
1765579782328,CH1,POWER,3.20
1765579782334,CH1,POWER,3.20
1765579782342,CH1,POWER,3.20
1765579782346,CH1,POWER,3.20
1765579782351,CH1,POWER,3.20
1765579782355,CH1,POWER,3.20
1765579782362,CH1,POWER,3.20
1765579782367,CH1,POWER,3.20
1765579782371,CH1,POWER,3.20
1765579782376,CH1,POWER,3.20
1765579782381,CH1,POWER,3.20
1765579782386,CH1,POWER,3.20
1765579782391,CH1,POWER,3.20
1765579782395,CH1,POWER,3.20
1765579782402,CH1,POWER,3.20
1765579782407,CH1,POWER,3.20
1765579782414,CH1,POWER,3.20
1765579782422,CH1,POWER,3.20
1765579782427,CH1,POWER,3.20
1765579782434,CH1,POWER,3.20
1765579782439,CH1,POWER,3.20
1765579782444,CH1,POWER,3.20
1765579782449,CH1,POWER,3.20
1765579782454,CH1,POWER,3.20
1765579782462,CH1,POWER,3.20
1765579782467,CH1,POWER,3.20
1765579782474,CH1,POWER,3.20
1765579782479,CH1,POWER,3.20
1765579782484,CH1,POWER,3.20
1765579782489,CH1,POWER,3.20
1765579782493,CH1,POWER,3.20
1765579782497,CH1,POWER,3.20
1765579782504,CH1,POWER,3.20
1765579782509,CH1,POWER,3.20
1765579782513,CH1,POWER,3.20
1765579782518,CH1,POWER,3.20
1765579782522,CH1,POWER,3.20
1765579782527,CH1,POWER,3.20
1765579782534,CH1,POWER,3.20
1765579782542,CH1,POWER,3.20
1765579782546,CH1,POWER,3.20
1765579782551,CH1,POWER,3.20
1765579782556,CH1,POWER,3.20
1765579782560,CH1,POWER,3.20
1765579782565,CH1,POWER,3.20
1765579782570,CH1,POWER,3.20
1765579782576,CH1,POWER,3.20
1765579782580,CH1,POWER,3.20
1765579782584,CH1,POWER,3.20
1765579782589,CH1,POWER,3.20
1765579782594,CH1,POWER,3.20
1765579782599,CH1,POWER,3.20
1765579782604,CH1,POWER,3.20
1765579782609,CH1,POWER,3.20
1765579782613,CH1,POWER,3.20
1765579782617,CH1,POWER,3.20
1765579782624,CH1,POWER,3.20
1765579782629,CH1,POWER,3.20
1765579782634,CH1,POWER,3.20
1765579782639,CH1,POWER,3.20
1765579782644,CH1,POWER,3.20
1765579782649,CH1,POWER,3.20
1765579782652,CH1,POWER,3.60
1765579782655,CH1,POWER,3.60
1765579782657,CH1,POWER,3.60
1765579782685,CH1,POWER,3.60
1765579782690,CH1,POWER,3.60
1765579782694,CH1,POWER,3.60
1765579782699,CH1,POWER,3.60
1765579782706,CH1,POWER,3.60
1765579782711,CH1,POWER,3.60
1765579782715,CH1,POWER,3.60
1765579782720,CH1,POWER,3.60
1765579782725,CH1,POWER,3.60
1765579782731,CH1,POWER,3.60
1765579782736,CH1,POWER,3.60
1765579782744,CH1,POWER,3.60
1765579782749,CH1,POWER,3.60
1765579782755,CH1,POWER,3.60
1765579782760,CH1,POWER,3.60
1765579782764,CH1,POWER,3.60
1765579782768,CH1,POWER,3.60
1765579782772,CH1,POWER,3.60
1765579782776,CH1,POWER,3.60
1765579782781,CH1,POWER,3.60
1765579782786,CH1,POWER,3.60
1765579782794,CH1,POWER,3.60
1765579782800,CH1,POWER,3.60
1765579782805,CH1,POWER,3.60
1765579782809,CH1,POWER,3.60
1765579782816,CH1,POWER,3.60
1765579782821,CH1,POWER,3.60
1765579782825,CH1,POWER,3.60
1765579782829,CH1,POWER,3.60
1765579782836,CH1,POWER,3.60
1765579782844,CH1,POWER,3.60
1765579782848,CH1,POWER,3.60
1765579782852,CH1,POWER,3.60
1765579782857,CH1,POWER,3.60
1765579782864,CH1,POWER,3.60
1765579782868,CH1,POWER,3.60
1765579782873,CH1,POWER,3.60
1765579782878,CH1,POWER,3.60
1765579782886,CH1,POWER,3.60
1765579782891,CH1,POWER,3.60
1765579782895,CH1,POWER,3.60
1765579782902,CH1,POWER,3.60
1765579782906,CH1,POWER,3.60
1765579782913,CH1,POWER,3.60
1765579782919,CH1,POWER,3.60
1765579782926,CH1,POWER,3.60
1765579782931,CH1,POWER,3.60
1765579782935,CH1,POWER,3.60
1765579782940,CH1,POWER,3.60
1765579782946,CH1,POWER,3.60
1765579782951,CH1,POWER,3.60
1765579782956,CH1,POWER,3.60
1765579782961,CH1,POWER,3.60
1765579782966,CH1,POWER,3.60
1765579782971,CH1,POWER,3.60
1765579782975,CH1,POWER,3.60
1765579782979,CH1,POWER,3.60
1765579782985,CH1,POWER,3.60
1765579782989,CH1,POWER,3.60
1765579782994,CH1,POWER,3.60
1765579782999,CH1,POWER,3.60
1765579783006,CH1,POWER,3.60
1765579783014,CH1,POWER,3.60
1765579783019,CH1,POWER,3.60
1765579783026,CH1,POWER,3.60
1765579783031,CH1,POWER,3.60
1765579783036,CH1,POWER,3.60
1765579783041,CH1,POWER,3.60
1765579783046,CH1,POWER,3.60
1765579783048,CH1,POWER,3.25
1765579783075,CH1,POWER,3.25
1765579783080,CH1,POWER,3.25
1765579783084,CH1,POWER,3.25
1765579783090,CH1,POWER,3.25
1765579783095,CH1,POWER,3.25
1765579783099,CH1,POWER,3.25
1765579783106,CH1,POWER,3.25
1765579783110,CH1,POWER,3.25
1765579783115,CH1,POWER,3.25
1765579783119,CH1,POWER,3.25
1765579783126,CH1,POWER,3.25
1765579783130,CH1,POWER,3.25
1765579783135,CH1,POWER,3.25
1765579783139,CH1,POWER,3.25
1765579783146,CH1,POWER,3.25
1765579783151,CH1,POWER,3.25
1765579783156,CH1,POWER,3.25
1765579783163,CH1,POWER,3.25
1765579783167,CH1,POWER,3.25
1765579783175,CH1,POWER,3.25
1765579783181,CH1,POWER,3.25
1765579783187,CH1,POWER,3.25
1765579783191,CH1,POWER,3.25
1765579783198,CH1,POWER,3.25
1765579783203,CH1,POWER,3.25
1765579783207,CH1,POWER,3.25
1765579783212,CH1,POWER,3.25
1765579783218,CH1,POWER,3.25
1765579783223,CH1,POWER,3.25
1765579783228,CH1,POWER,3.25
1765579783233,CH1,POWER,3.25
1765579783238,CH1,POWER,3.25
1765579783243,CH1,POWER,3.25
1765579783247,CH1,POWER,3.25
1765579783253,CH1,POWER,3.25
1765579783257,CH1,POWER,3.25
1765579783265,CH1,POWER,3.25
1765579783269,CH1,POWER,3.25
1765579783275,CH1,POWER,3.25
1765579783280,CH1,POWER,3.25
1765579783285,CH1,POWER,3.25
1765579783289,CH1,POWER,3.25
1765579783296,CH1,POWER,3.25
1765579783301,CH1,POWER,3.25
1765579783307,CH1,POWER,3.25
1765579783312,CH1,POWER,3.25
1765579783316,CH1,POWER,3.25
1765579783321,CH1,POWER,3.25
1765579783328,CH1,POWER,3.25
1765579783333,CH1,POWER,3.25
1765579783337,CH1,POWER,3.25
1765579783342,CH1,POWER,3.25
1765579783346,CH1,POWER,3.25
1765579783351,CH1,POWER,3.25
1765579783358,CH1,POWER,3.25
1765579783366,CH1,POWER,3.25
1765579783370,CH1,POWER,3.25
1765579783375,CH1,POWER,3.25
1765579783379,CH1,POWER,3.25
1765579783388,CH1,POWER,3.25
1765579783393,CH1,POWER,3.25
1765579783398,CH1,POWER,3.25
1765579783403,CH1,POWER,3.25
1765579783408,CH1,POWER,3.25
1765579783413,CH1,POWER,3.25
1765579783418,CH1,POWER,3.25
1765579783423,CH1,POWER,3.25
1765579783428,CH1,POWER,3.25
1765579783433,CH1,POWER,3.25
1765579783437,CH1,POWER,3.25
1765579783441,CH1,POWER,3.25
1765579783469,CH1,POWER,3.25
1765579783474,CH1,POWER,3.25
1765579783478,CH1,POWER,3.25
1765579783483,CH1,POWER,3.25
1765579783488,CH1,POWER,3.25
1765579783493,CH1,POWER,3.25
1765579783499,CH1,POWER,3.25
1765579783507,CH1,POWER,3.25
1765579783514,CH1,POWER,3.25
1765579783518,CH1,POWER,3.25
1765579783525,CH1,POWER,3.25
1765579783530,CH1,POWER,3.25
1765579783538,CH1,POWER,3.25
1765579783543,CH1,POWER,3.25
1765579783549,CH1,POWER,3.25
1765579783553,CH1,POWER,3.25
1765579783560,CH1,POWER,3.25
1765579783565,CH1,POWER,3.25
1765579783570,CH1,POWER,3.25
1765579783575,CH1,POWER,3.25
1765579783580,CH1,POWER,3.25
1765579783585,CH1,POWER,3.25
1765579783589,CH1,POWER,3.25
1765579783595,CH1,POWER,3.25
1765579783599,CH1,POWER,3.25
1765579783605,CH1,POWER,3.25
1765579783609,CH1,POWER,3.25
1765579783617,CH1,POWER,3.25
1765579783622,CH1,POWER,3.25
1765579783626,CH1,POWER,3.25
1765579783631,CH1,POWER,3.25
1765579783637,CH1,POWER,3.25
1765579783643,CH1,POWER,3.25
1765579783649,CH1,POWER,3.25
1765579783653,CH1,POWER,3.25
1765579783658,CH1,POWER,3.25
1765579783663,CH1,POWER,3.25
1765579783670,CH1,POWER,3.25
1765579783675,CH1,POWER,3.25
1765579783680,CH1,POWER,3.25
1765579783685,CH1,POWER,3.25
1765579783690,CH1,POWER,3.25
1765579783695,CH1,POWER,3.25
1765579783700,CH1,POWER,3.25
1765579783705,CH1,POWER,3.25
1765579783709,CH1,POWER,3.25
1765579783713,CH1,POWER,3.25
1765579783720,CH1,POWER,3.25
1765579783725,CH1,POWER,3.25
1765579783730,CH1,POWER,3.25
1765579783735,CH1,POWER,3.25
1765579783740,CH1,POWER,3.25
1765579783745,CH1,POWER,3.25
1765579783749,CH1,POWER,3.25
1765579783754,CH1,POWER,3.25
1765579783758,CH1,POWER,3.25
1765579783762,CH1,POWER,3.25
1765579783766,CH1,POWER,3.25
1765579783770,CH1,POWER,3.25
1765579783777,CH1,POWER,3.25
1765579783782,CH1,POWER,3.25
1765579783790,CH1,POWER,3.25
1765579783795,CH1,POWER,3.25
1765579783799,CH1,POWER,3.25
1765579783804,CH1,POWER,3.25
1765579783809,CH1,POWER,3.25
1765579783813,CH1,POWER,3.25
1765579783820,CH1,POWER,3.25
1765579783825,CH1,POWER,3.25
1765579783828,CH1,POWER,3.30
1765579783830,CH1,POWER,3.30
1765579783833,CH1,POWER,3.30
1765579783859,CH1,POWER,3.30
1765579783864,CH1,POWER,3.30
1765579783868,CH1,POWER,3.30
1765579783872,CH1,POWER,3.30
1765579783878,CH1,POWER,3.30
1765579783884,CH1,POWER,3.30
1765579783888,CH1,POWER,3.30
1765579783892,CH1,POWER,3.30
1765579783897,CH1,POWER,3.30
1765579783902,CH1,POWER,3.30
1765579783907,CH1,POWER,3.30
1765579783911,CH1,POWER,3.30
1765579783917,CH1,POWER,3.30
1765579783921,CH1,POWER,3.30
1765579783925,CH1,POWER,3.30
1765579783932,CH1,POWER,3.30
1765579783937,CH1,POWER,3.30
1765579783942,CH1,POWER,3.30
1765579783947,CH1,POWER,3.30
1765579783951,CH1,POWER,3.30
1765579783960,CH1,POWER,3.30
1765579783965,CH1,POWER,3.30
1765579783972,CH1,POWER,3.30
1765579783977,CH1,POWER,3.30
1765579783982,CH1,POWER,3.30
1765579783987,CH1,POWER,3.30
1765579783991,CH1,POWER,3.30
1765579784000,CH1,POWER,3.30
1765579784004,CH1,POWER,3.30
1765579784012,CH1,POWER,3.30
1765579784017,CH1,POWER,3.30
1765579784022,CH1,POWER,3.30
1765579784027,CH1,POWER,3.30
1765579784031,CH1,POWER,3.30
1765579784036,CH1,POWER,3.30
1765579784040,CH1,POWER,3.30
1765579784047,CH1,POWER,3.30
1765579784052,CH1,POWER,3.30
1765579784057,CH1,POWER,3.30
1765579784061,CH1,POWER,3.30
1765579784066,CH1,POWER,3.30
1765579784070,CH1,POWER,3.30
1765579784077,CH1,POWER,3.30
1765579784081,CH1,POWER,3.30
1765579784085,CH1,POWER,3.30
1765579784092,CH1,POWER,3.30
1765579784097,CH1,POWER,3.30
1765579784101,CH1,POWER,3.30
1765579784105,CH1,POWER,3.30
1765579784110,CH1,POWER,3.30
1765579784117,CH1,POWER,3.30
1765579784121,CH1,POWER,3.30
1765579784130,CH1,POWER,3.30
1765579784134,CH1,POWER,3.30
1765579784138,CH1,POWER,3.30
1765579784142,CH1,POWER,3.30
1765579784147,CH1,POWER,3.30
1765579784152,CH1,POWER,3.30
1765579784157,CH1,POWER,3.30
1765579784161,CH1,POWER,3.30
1765579784170,CH1,POWER,3.30
1765579784175,CH1,POWER,3.30
1765579784182,CH1,POWER,3.30
1765579784187,CH1,POWER,3.30
1765579784192,CH1,POWER,3.30
1765579784197,CH1,POWER,3.30
1765579784202,CH1,POWER,3.30
1765579784207,CH1,POWER,3.30
1765579784211,CH1,POWER,3.30
1765579784216,CH1,POWER,3.30
1765579784220,CH1,POWER,3.30
1765579784224,CH1,POWER,3.30
1765579784230,CH1,POWER,3.30
1765579784233,CH1,POWER,3.60
1765579784235,CH1,POWER,3.60
1765579784264,CH1,POWER,3.60
1765579784269,CH1,POWER,3.60
1765579784273,CH1,POWER,3.60
1765579784277,CH1,POWER,3.60
1765579784283,CH1,POWER,3.60
1765579784289,CH1,POWER,3.60
1765579784294,CH1,POWER,3.60
1765579784299,CH1,POWER,3.60
1765579784304,CH1,POWER,3.60
1765579784309,CH1,POWER,3.60
1765579784313,CH1,POWER,3.60
1765579784317,CH1,POWER,3.60
1765579784322,CH1,POWER,3.60
1765579784327,CH1,POWER,3.60
1765579784333,CH1,POWER,3.60
1765579784339,CH1,POWER,3.60
1765579784343,CH1,POWER,3.60
1765579784347,CH1,POWER,3.60
1765579784353,CH1,POWER,3.60
1765579784357,CH1,POWER,3.60
1765579784364,CH1,POWER,3.60
1765579784369,CH1,POWER,3.60
1765579784373,CH1,POWER,3.60
1765579784377,CH1,POWER,3.60
1765579784382,CH1,POWER,3.60
1765579784387,CH1,POWER,3.60
1765579784393,CH1,POWER,3.60
1765579784399,CH1,POWER,3.60
1765579784403,CH1,POWER,3.60
1765579784407,CH1,POWER,3.60
1765579784413,CH1,POWER,3.60
1765579784417,CH1,POWER,3.60
1765579784424,CH1,POWER,3.60
1765579784429,CH1,POWER,3.60
1765579784433,CH1,POWER,3.60
1765579784437,CH1,POWER,3.60
1765579784443,CH1,POWER,3.60
1765579784449,CH1,POWER,3.60
1765579784453,CH1,POWER,3.60
1765579784459,CH1,POWER,3.60
1765579784464,CH1,POWER,3.60
1765579784469,CH1,POWER,3.60
1765579784473,CH1,POWER,3.60
1765579784477,CH1,POWER,3.60
1765579784483,CH1,POWER,3.60
1765579784489,CH1,POWER,3.60
1765579784493,CH1,POWER,3.60
1765579784499,CH1,POWER,3.60
1765579784503,CH1,POWER,3.60
1765579784508,CH1,POWER,3.60
1765579784512,CH1,POWER,3.60
1765579784519,CH1,POWER,3.60
1765579784523,CH1,POWER,3.60
1765579784529,CH1,POWER,3.60
1765579784533,CH1,POWER,3.60
1765579784538,CH1,POWER,3.60
1765579784542,CH1,POWER,3.60
1765579784549,CH1,POWER,3.60
1765579784553,CH1,POWER,3.60
1765579784559,CH1,POWER,3.60
1765579784563,CH1,POWER,3.60
1765579784567,CH1,POWER,3.60
1765579784572,CH1,POWER,3.60
1765579784577,CH1,POWER,3.60
1765579784584,CH1,POWER,3.60
1765579784589,CH1,POWER,3.60
1765579784594,CH1,POWER,3.60
1765579784599,CH1,POWER,3.60
1765579784603,CH1,POWER,3.60
1765579784611,CH1,POWER,3.60
1765579784615,CH1,POWER,3.60
1765579784621,CH1,POWER,3.65
1765579784624,CH1,POWER,3.65
1765579784626,CH1,POWER,3.65
1765579784652,CH1,POWER,3.65
1765579784658,CH1,POWER,3.65
1765579784662,CH1,POWER,3.65
1765579784666,CH1,POWER,3.65
1765579784671,CH1,POWER,3.65
1765579784675,CH1,POWER,3.65
1765579784679,CH1,POWER,3.65
1765579784685,CH1,POWER,3.65
1765579784691,CH1,POWER,3.65
1765579784695,CH1,POWER,3.65
1765579784701,CH1,POWER,3.65
1765579784705,CH1,POWER,3.65
1765579784709,CH1,POWER,3.65
1765579784715,CH1,POWER,3.65
1765579784719,CH1,POWER,3.65
1765579784725,CH1,POWER,3.65
1765579784731,CH1,POWER,3.65
1765579784735,CH1,POWER,3.65
1765579784744,CH1,POWER,3.65
1765579784748,CH1,POWER,3.65
1765579784755,CH1,POWER,3.65
1765579784759,CH1,POWER,3.65
1765579784764,CH1,POWER,3.65
1765579784769,CH1,POWER,3.65
1765579784775,CH1,POWER,3.65
1765579784779,CH1,POWER,3.65
1765579784785,CH1,POWER,3.65
1765579784791,CH1,POWER,3.65
1765579784795,CH1,POWER,3.65
1765579784799,CH1,POWER,3.65
1765579784805,CH1,POWER,3.65
1765579784809,CH1,POWER,3.65
1765579784815,CH1,POWER,3.65
1765579784821,CH1,POWER,3.65
1765579784825,CH1,POWER,3.65
1765579784829,CH1,POWER,3.65
1765579784834,CH1,POWER,3.65
1765579784838,CH1,POWER,3.65
1765579784845,CH1,POWER,3.65
1765579784851,CH1,POWER,3.65
1765579784855,CH1,POWER,3.65
1765579784859,CH1,POWER,3.65
1765579784865,CH1,POWER,3.65
1765579784871,CH1,POWER,3.65
1765579784875,CH1,POWER,3.65
1765579784881,CH1,POWER,3.65
1765579784885,CH1,POWER,3.65
1765579784891,CH1,POWER,3.65
1765579784895,CH1,POWER,3.65
1765579784900,CH1,POWER,3.65
1765579784904,CH1,POWER,3.65
1765579784909,CH1,POWER,3.65
1765579784915,CH1,POWER,3.65
1765579784921,CH1,POWER,3.65
1765579784925,CH1,POWER,3.65
1765579784931,CH1,POWER,3.65
1765579784935,CH1,POWER,3.65
1765579784944,CH1,POWER,3.65
1765579784948,CH1,POWER,3.65
1765579784955,CH1,POWER,3.65
1765579784963,CH1,POWER,3.65
1765579784969,CH1,POWER,3.65
1765579784975,CH1,POWER,3.65
1765579784980,CH1,POWER,3.65
1765579784984,CH1,POWER,3.65
1765579784991,CH1,POWER,3.65
1765579784995,CH1,POWER,3.65
1765579785001,CH1,POWER,3.65
1765579785005,CH1,POWER,3.65
1765579785009,CH1,POWER,3.65
1765579785015,CH1,POWER,3.65
1765579785021,CH1,POWER,3.65
1765579785024,CH1,POWER,3.25
1765579785026,CH1,POWER,3.25
1765579785029,CH1,POWER,3.25
1765579785056,CH1,POWER,3.25
1765579785061,CH1,POWER,3.25
1765579785066,CH1,POWER,3.25
1765579785070,CH1,POWER,3.25
1765579785074,CH1,POWER,3.25
1765579785079,CH1,POWER,3.25
1765579785087,CH1,POWER,3.25
1765579785093,CH1,POWER,3.25
1765579785097,CH1,POWER,3.25
1765579785101,CH1,POWER,3.25
1765579785107,CH1,POWER,3.25
1765579785113,CH1,POWER,3.25
1765579785117,CH1,POWER,3.25
1765579785123,CH1,POWER,3.25
1765579785127,CH1,POWER,3.25
1765579785135,CH1,POWER,3.25
1765579785140,CH1,POWER,3.25
1765579785147,CH1,POWER,3.25
1765579785153,CH1,POWER,3.25
1765579785157,CH1,POWER,3.25
1765579785163,CH1,POWER,3.25
1765579785167,CH1,POWER,3.25
1765579785171,CH1,POWER,3.25
1765579785177,CH1,POWER,3.25
1765579785181,CH1,POWER,3.25
1765579785187,CH1,POWER,3.25
1765579785191,CH1,POWER,3.25
1765579785197,CH1,POWER,3.25
1765579785203,CH1,POWER,3.25
1765579785207,CH1,POWER,3.25
1765579785211,CH1,POWER,3.25
1765579785217,CH1,POWER,3.25
1765579785223,CH1,POWER,3.25
1765579785227,CH1,POWER,3.25
1765579785231,CH1,POWER,3.25
1765579785237,CH1,POWER,3.25
1765579785245,CH1,POWER,3.25
1765579785250,CH1,POWER,3.25
1765579785256,CH1,POWER,3.25
1765579785260,CH1,POWER,3.25
1765579785267,CH1,POWER,3.25
1765579785271,CH1,POWER,3.25
1765579785277,CH1,POWER,3.25
1765579785283,CH1,POWER,3.25
1765579785287,CH1,POWER,3.25
1765579785293,CH1,POWER,3.25
1765579785297,CH1,POWER,3.25
1765579785305,CH1,POWER,3.25
1765579785310,CH1,POWER,3.25
1765579785317,CH1,POWER,3.25
1765579785323,CH1,POWER,3.25
1765579785327,CH1,POWER,3.25
1765579785331,CH1,POWER,3.25
1765579785336,CH1,POWER,3.25
1765579785341,CH1,POWER,3.25
1765579785346,CH1,POWER,3.25
1765579785350,CH1,POWER,3.25
1765579785357,CH1,POWER,3.25
1765579785363,CH1,POWER,3.25
1765579785367,CH1,POWER,3.25
1765579785371,CH1,POWER,3.25
1765579785377,CH1,POWER,3.25
1765579785383,CH1,POWER,3.25
1765579785387,CH1,POWER,3.25
1765579785393,CH1,POWER,3.25
1765579785397,CH1,POWER,3.25
1765579785403,CH1,POWER,3.25
1765579785407,CH1,POWER,3.25
1765579785411,CH1,POWER,3.25
1765579785416,CH1,POWER,3.25
1765579785445,CH1,POWER,3.25
1765579785449,CH1,POWER,3.25
1765579785455,CH1,POWER,3.25
1765579785459,CH1,POWER,3.25
1765579785463,CH1,POWER,3.25
1765579785469,CH1,POWER,3.25
1765579785475,CH1,POWER,3.25
1765579785479,CH1,POWER,3.25
1765579785485,CH1,POWER,3.25
1765579785489,CH1,POWER,3.25
1765579785493,CH1,POWER,3.25
1765579785498,CH1,POWER,3.25
1765579785505,CH1,POWER,3.25
1765579785509,CH1,POWER,3.25
1765579785515,CH1,POWER,3.25
1765579785519,CH1,POWER,3.25
1765579785523,CH1,POWER,3.25
1765579785528,CH1,POWER,3.25
1765579785535,CH1,POWER,3.25
1765579785539,CH1,POWER,3.25
1765579785545,CH1,POWER,3.25
1765579785549,CH1,POWER,3.25
1765579785553,CH1,POWER,3.25
1765579785558,CH1,POWER,3.25
1765579785563,CH1,POWER,3.25
1765579785568,CH1,POWER,3.25
1765579785573,CH1,POWER,3.25
1765579785579,CH1,POWER,3.25
1765579785583,CH1,POWER,3.25
1765579785588,CH1,POWER,3.25
1765579785595,CH1,POWER,3.25
1765579785599,CH1,POWER,3.25
1765579785605,CH1,POWER,3.25
1765579785609,CH1,POWER,3.25
1765579785613,CH1,POWER,3.25
1765579785619,CH1,POWER,3.25
1765579785623,CH1,POWER,3.25
1765579785628,CH1,POWER,3.25
1765579785633,CH1,POWER,3.25
1765579785638,CH1,POWER,3.25
1765579785642,CH1,POWER,3.25
1765579785646,CH1,POWER,3.25
1765579785650,CH1,POWER,3.25
1765579785657,CH1,POWER,3.25
1765579785663,CH1,POWER,3.25
1765579785668,CH1,POWER,3.25
1765579785672,CH1,POWER,3.25
1765579785679,CH1,POWER,3.25
1765579785687,CH1,POWER,3.25
1765579785692,CH1,POWER,3.25
1765579785699,CH1,POWER,3.25
1765579785705,CH1,POWER,3.25
1765579785709,CH1,POWER,3.25
1765579785715,CH1,POWER,3.25
1765579785719,CH1,POWER,3.25
1765579785727,CH1,POWER,3.25
1765579785731,CH1,POWER,3.25
1765579785736,CH1,POWER,3.25
1765579785740,CH1,POWER,3.25
1765579785746,CH1,POWER,3.25
1765579785750,CH1,POWER,3.25
1765579785755,CH1,POWER,3.25
1765579785759,CH1,POWER,3.25
1765579785765,CH1,POWER,3.25
1765579785769,CH1,POWER,3.25
1765579785773,CH1,POWER,3.25
1765579785779,CH1,POWER,3.25
1765579785787,CH1,POWER,3.25
1765579785791,CH1,POWER,3.25
1765579785797,CH1,POWER,3.25
1765579785802,CH1,POWER,3.25
1765579785808,CH1,POWER,3.25
1765579785812,CH1,POWER,3.25
1765579785838,CH1,POWER,3.25
1765579785843,CH1,POWER,3.25
1765579785848,CH1,POWER,3.25
1765579785852,CH1,POWER,3.25
1765579785858,CH1,POWER,3.25
1765579785863,CH1,POWER,3.25
1765579785871,CH1,POWER,3.25
1765579785875,CH1,POWER,3.25
1765579785881,CH1,POWER,3.25
1765579785887,CH1,POWER,3.25
1765579785891,CH1,POWER,3.25
1765579785895,CH1,POWER,3.25
1765579785901,CH1,POWER,3.25
1765579785905,CH1,POWER,3.25
1765579785910,CH1,POWER,3.25
1765579785914,CH1,POWER,3.25
1765579785921,CH1,POWER,3.25
1765579785929,CH1,POWER,3.25
1765579785935,CH1,POWER,3.25
1765579785940,CH1,POWER,3.25
1765579785944,CH1,POWER,3.25
1765579785951,CH1,POWER,3.25
1765579785955,CH1,POWER,3.25
1765579785960,CH1,POWER,3.25
1765579785964,CH1,POWER,3.25
1765579785970,CH1,POWER,3.25
1765579785975,CH1,POWER,3.25
1765579785981,CH1,POWER,3.25
1765579785987,CH1,POWER,3.25
1765579785991,CH1,POWER,3.25
1765579785997,CH1,POWER,3.25
1765579786001,CH1,POWER,3.25
1765579786005,CH1,POWER,3.25
1765579786011,CH1,POWER,3.25
1765579786015,CH1,POWER,3.25
1765579786020,CH1,POWER,3.25
1765579786024,CH1,POWER,3.25
1765579786028,CH1,POWER,3.25
1765579786033,CH1,POWER,3.25
1765579786041,CH1,POWER,3.25
1765579786047,CH1,POWER,3.25
1765579786051,CH1,POWER,3.25
1765579786055,CH1,POWER,3.25
1765579786061,CH1,POWER,3.25
1765579786067,CH1,POWER,3.25
1765579786071,CH1,POWER,3.25
1765579786077,CH1,POWER,3.25
1765579786081,CH1,POWER,3.25
1765579786087,CH1,POWER,3.25
1765579786091,CH1,POWER,3.25
1765579786095,CH1,POWER,3.25
1765579786100,CH1,POWER,3.25
1765579786105,CH1,POWER,3.25
1765579786111,CH1,POWER,3.25
1765579786117,CH1,POWER,3.25
1765579786121,CH1,POWER,3.25
1765579786127,CH1,POWER,3.25
1765579786131,CH1,POWER,3.25
1765579786137,CH1,POWER,3.25
1765579786141,CH1,POWER,3.25
1765579786145,CH1,POWER,3.25
1765579786150,CH1,POWER,3.25
1765579786154,CH1,POWER,3.25
1765579786158,CH1,POWER,3.25
1765579786163,CH1,POWER,3.25
1765579786169,CH1,POWER,3.25
1765579786174,CH1,POWER,3.25
1765579786181,CH1,POWER,3.25
1765579786185,CH1,POWER,3.25
1765579786190,CH1,POWER,3.25
1765579786195,CH1,POWER,3.25
1765579786200,CH1,POWER,3.25
1765579786204,CH1,POWER,3.60
1765579786230,CH1,POWER,3.60
1765579786234,CH1,POWER,3.60
1765579786239,CH1,POWER,3.60
1765579786243,CH1,POWER,3.60
1765579786247,CH1,POWER,3.60
1765579786253,CH1,POWER,3.60
1765579786257,CH1,POWER,3.60
1765579786262,CH1,POWER,3.60
1765579786269,CH1,POWER,3.60
1765579786273,CH1,POWER,3.60
1765579786277,CH1,POWER,3.60
1765579786283,CH1,POWER,3.60
1765579786289,CH1,POWER,3.60
1765579786293,CH1,POWER,3.60
1765579786297,CH1,POWER,3.60
1765579786303,CH1,POWER,3.60
1765579786309,CH1,POWER,3.60
1765579786313,CH1,POWER,3.60
1765579786317,CH1,POWER,3.60
1765579786323,CH1,POWER,3.60
1765579786329,CH1,POWER,3.60
1765579786333,CH1,POWER,3.60
1765579786337,CH1,POWER,3.60
1765579786343,CH1,POWER,3.60
1765579786347,CH1,POWER,3.60
1765579786353,CH1,POWER,3.60
1765579786359,CH1,POWER,3.60
1765579786363,CH1,POWER,3.60
1765579786367,CH1,POWER,3.60
1765579786373,CH1,POWER,3.60
1765579786379,CH1,POWER,3.60
1765579786383,CH1,POWER,3.60
1765579786389,CH1,POWER,3.60
1765579786393,CH1,POWER,3.60
1765579786397,CH1,POWER,3.60
1765579786403,CH1,POWER,3.60
1765579786409,CH1,POWER,3.60
1765579786413,CH1,POWER,3.60
1765579786419,CH1,POWER,3.60
1765579786423,CH1,POWER,3.60
1765579786429,CH1,POWER,3.60
1765579786433,CH1,POWER,3.60
1765579786439,CH1,POWER,3.60
1765579786443,CH1,POWER,3.60
1765579786447,CH1,POWER,3.60
1765579786453,CH1,POWER,3.60
1765579786459,CH1,POWER,3.60
1765579786463,CH1,POWER,3.60
1765579786469,CH1,POWER,3.60
1765579786473,CH1,POWER,3.60
1765579786479,CH1,POWER,3.60
1765579786483,CH1,POWER,3.60
1765579786487,CH1,POWER,3.60
1765579786492,CH1,POWER,3.60
1765579786497,CH1,POWER,3.60
1765579786503,CH1,POWER,3.60
1765579786509,CH1,POWER,3.60
1765579786513,CH1,POWER,3.60
1765579786517,CH1,POWER,3.60
1765579786523,CH1,POWER,3.60
1765579786529,CH1,POWER,3.60
1765579786533,CH1,POWER,3.60
1765579786539,CH1,POWER,3.60
1765579786543,CH1,POWER,3.60
1765579786547,CH1,POWER,3.60
1765579786553,CH1,POWER,3.60
1765579786559,CH1,POWER,3.60
1765579786563,CH1,POWER,3.60
1765579786567,CH1,POWER,3.60
1765579786572,CH1,POWER,3.60
1765579786577,CH1,POWER,3.60
1765579786583,CH1,POWER,3.60
1765579786587,CH1,POWER,3.60
1765579786592,CH1,POWER,3.60
1765579786596,CH1,POWER,3.25
1765579786622,CH1,POWER,3.25
1765579786627,CH1,POWER,3.25
1765579786632,CH1,POWER,3.25
1765579786636,CH1,POWER,3.25
1765579786643,CH1,POWER,3.25
1765579786648,CH1,POWER,3.25
1765579786652,CH1,POWER,3.25
1765579786657,CH1,POWER,3.25
1765579786662,CH1,POWER,3.25
1765579786666,CH1,POWER,3.25
1765579786673,CH1,POWER,3.25
1765579786677,CH1,POWER,3.25
1765579786682,CH1,POWER,3.25
1765579786687,CH1,POWER,3.25
1765579786692,CH1,POWER,3.25
1765579786697,CH1,POWER,3.25
1765579786703,CH1,POWER,3.25
1765579786709,CH1,POWER,3.25
1765579786714,CH1,POWER,3.25
1765579786718,CH1,POWER,3.25
1765579786725,CH1,POWER,3.25
1765579786729,CH1,POWER,3.25
1765579786734,CH1,POWER,3.25
1765579786738,CH1,POWER,3.25
1765579786745,CH1,POWER,3.25
1765579786751,CH1,POWER,3.25
1765579786755,CH1,POWER,3.25
1765579786759,CH1,POWER,3.25
1765579786765,CH1,POWER,3.25
1765579786771,CH1,POWER,3.25
1765579786775,CH1,POWER,3.25
1765579786779,CH1,POWER,3.25
1765579786785,CH1,POWER,3.25
1765579786791,CH1,POWER,3.25
1765579786795,CH1,POWER,3.25
1765579786801,CH1,POWER,3.25
1765579786805,CH1,POWER,3.25
1765579786809,CH1,POWER,3.25
1765579786815,CH1,POWER,3.25
1765579786819,CH1,POWER,3.25
1765579786824,CH1,POWER,3.25
1765579786828,CH1,POWER,3.25
1765579786832,CH1,POWER,3.25
1765579786837,CH1,POWER,3.25
1765579786843,CH1,POWER,3.25
1765579786848,CH1,POWER,3.25
1765579786855,CH1,POWER,3.25
1765579786859,CH1,POWER,3.25
1765579786864,CH1,POWER,3.25
1765579786868,CH1,POWER,3.25
1765579786875,CH1,POWER,3.25
1765579786881,CH1,POWER,3.25
1765579786885,CH1,POWER,3.25
1765579786891,CH1,POWER,3.25
1765579786895,CH1,POWER,3.25
1765579786899,CH1,POWER,3.25
1765579786904,CH1,POWER,3.25
1765579786908,CH1,POWER,3.25
1765579786915,CH1,POWER,3.25
1765579786919,CH1,POWER,3.25
1765579786925,CH1,POWER,3.25
1765579786929,CH1,POWER,3.25
1765579786934,CH1,POWER,3.25
1765579786938,CH1,POWER,3.25
1765579786945,CH1,POWER,3.25
1765579786951,CH1,POWER,3.25
1765579786955,CH1,POWER,3.25
1765579786959,CH1,POWER,3.25
1765579786964,CH1,POWER,3.25
1765579786968,CH1,POWER,3.25
1765579786972,CH1,POWER,3.25
1765579786976,CH1,POWER,3.25
1765579786981,CH1,POWER,3.25
1765579786985,CH1,POWER,3.25
1765579786988,CH1,POWER,3.25
1765579787014,CH1,POWER,3.25
1765579787019,CH1,POWER,3.25
1765579787025,CH1,POWER,3.25
1765579787030,CH1,POWER,3.25
1765579787037,CH1,POWER,3.25
1765579787045,CH1,POWER,3.25
1765579787050,CH1,POWER,3.25
1765579787054,CH1,POWER,3.25
1765579787059,CH1,POWER,3.25
1765579787065,CH1,POWER,3.25
1765579787070,CH1,POWER,3.25
1765579787077,CH1,POWER,3.25
1765579787085,CH1,POWER,3.25
1765579787090,CH1,POWER,3.25
1765579787096,CH1,POWER,3.25
1765579787101,CH1,POWER,3.25
1765579787107,CH1,POWER,3.25
1765579787113,CH1,POWER,3.25
1765579787117,CH1,POWER,3.25
1765579787125,CH1,POWER,3.25
1765579787130,CH1,POWER,3.25
1765579787137,CH1,POWER,3.25
1765579787145,CH1,POWER,3.25
1765579787150,CH1,POWER,3.25
1765579787157,CH1,POWER,3.25
1765579787161,CH1,POWER,3.25
1765579787167,CH1,POWER,3.25
1765579787173,CH1,POWER,3.25
1765579787177,CH1,POWER,3.25
1765579787185,CH1,POWER,3.25
1765579787189,CH1,POWER,3.25
1765579787194,CH1,POWER,3.25
1765579787198,CH1,POWER,3.25
1765579787205,CH1,POWER,3.25
1765579787210,CH1,POWER,3.25
1765579787214,CH1,POWER,3.25
1765579787219,CH1,POWER,3.25
1765579787225,CH1,POWER,3.25
1765579787231,CH1,POWER,3.25
1765579787236,CH1,POWER,3.25
1765579787240,CH1,POWER,3.25
1765579787247,CH1,POWER,3.25
1765579787251,CH1,POWER,3.25
1765579787257,CH1,POWER,3.25
1765579787261,CH1,POWER,3.25
1765579787266,CH1,POWER,3.25
1765579787271,CH1,POWER,3.25
1765579787277,CH1,POWER,3.25
1765579787283,CH1,POWER,3.25
1765579787287,CH1,POWER,3.25
1765579787291,CH1,POWER,3.25
1765579787297,CH1,POWER,3.25
1765579787303,CH1,POWER,3.25
1765579787307,CH1,POWER,3.25
1765579787315,CH1,POWER,3.25
1765579787319,CH1,POWER,3.25
1765579787324,CH1,POWER,3.25
1765579787328,CH1,POWER,3.25
1765579787334,CH1,POWER,3.25
1765579787339,CH1,POWER,3.25
1765579787345,CH1,POWER,3.25
1765579787350,CH1,POWER,3.25
1765579787354,CH1,POWER,3.25
1765579787358,CH1,POWER,3.25
1765579787365,CH1,POWER,3.25
1765579787370,CH1,POWER,3.25
1765579787374,CH1,POWER,2.90
1765579787376,CH1,POWER,2.90
1765579787378,CH1,POWER,2.90
1765579787381,CH1,POWER,2.90
1765579787408,CH1,POWER,2.90
1765579787413,CH1,POWER,2.90
1765579787418,CH1,POWER,2.90
1765579787422,CH1,POWER,2.90
1765579787428,CH1,POWER,2.90
1765579787433,CH1,POWER,2.90
1765579787439,CH1,POWER,2.90
1765579787447,CH1,POWER,2.90
1765579787453,CH1,POWER,2.90
1765579787458,CH1,POWER,2.90
1765579787465,CH1,POWER,2.90
1765579787469,CH1,POWER,2.90
1765579787473,CH1,POWER,2.90
1765579787479,CH1,POWER,2.90
1765579787483,CH1,POWER,2.90
1765579787489,CH1,POWER,2.90
1765579787495,CH1,POWER,2.90
1765579787499,CH1,POWER,2.90
1765579787503,CH1,POWER,2.90
1765579787508,CH1,POWER,2.90
1765579787512,CH1,POWER,2.90
1765579787519,CH1,POWER,2.90
1765579787523,CH1,POWER,2.90
1765579787528,CH1,POWER,2.90
1765579787533,CH1,POWER,2.90
1765579787539,CH1,POWER,2.90
1765579787545,CH1,POWER,2.90
1765579787549,CH1,POWER,2.90
1765579787554,CH1,POWER,2.90
1765579787559,CH1,POWER,2.90
1765579787563,CH1,POWER,2.90
1765579787569,CH1,POWER,2.90
1765579787573,CH1,POWER,2.90
1765579787579,CH1,POWER,2.90
1765579787585,CH1,POWER,2.90
1765579787589,CH1,POWER,2.90
1765579787595,CH1,POWER,2.90
1765579787599,CH1,POWER,2.90
1765579787605,CH1,POWER,2.90
1765579787609,CH1,POWER,2.90
1765579787617,CH1,POWER,2.90
1765579787622,CH1,POWER,2.90
1765579787629,CH1,POWER,2.90
1765579787633,CH1,POWER,2.90
1765579787638,CH1,POWER,2.90
1765579787643,CH1,POWER,2.90
1765579787649,CH1,POWER,2.90
1765579787653,CH1,POWER,2.90
1765579787658,CH1,POWER,2.90
1765579787662,CH1,POWER,2.90
1765579787666,CH1,POWER,2.90
1765579787672,CH1,POWER,2.90
1765579787676,CH1,POWER,2.90
1765579787680,CH1,POWER,2.90
1765579787687,CH1,POWER,2.90
1765579787691,CH1,POWER,2.90
1765579787696,CH1,POWER,2.90
1765579787701,CH1,POWER,2.90
1765579787707,CH1,POWER,2.90
1765579787712,CH1,POWER,2.90
1765579787716,CH1,POWER,2.90
1765579787720,CH1,POWER,2.90
1765579787725,CH1,POWER,2.90
1765579787729,CH1,POWER,2.90
1765579787734,CH1,POWER,2.90
1765579787739,CH1,POWER,2.90
1765579787745,CH1,POWER,2.90
1765579787749,CH1,POWER,2.90
1765579787753,CH1,POWER,2.90
1765579787759,CH1,POWER,2.90
1765579787763,CH1,POWER,2.90
1765579787766,CH1,POWER,3.00
1765579787769,CH1,POWER,3.00
1765579787771,CH1,POWER,3.00
1765579787773,CH1,POWER,3.00
1765579787801,CH1,POWER,3.00
1765579787807,CH1,POWER,3.00
1765579787811,CH1,POWER,3.00
1765579787819,CH1,POWER,3.00
1765579787825,CH1,POWER,3.00
1765579787830,CH1,POWER,3.00
1765579787834,CH1,POWER,3.00
1765579787841,CH1,POWER,3.00
1765579787845,CH1,POWER,3.00
1765579787850,CH1,POWER,3.00
1765579787854,CH1,POWER,3.00
1765579787861,CH1,POWER,3.00
1765579787867,CH1,POWER,3.00
1765579787871,CH1,POWER,3.00
1765579787879,CH1,POWER,3.00
1765579787883,CH1,POWER,3.00
1765579787889,CH1,POWER,3.00
1765579787894,CH1,POWER,3.00
1765579787901,CH1,POWER,3.00
1765579787906,CH1,POWER,3.00
1765579787911,CH1,POWER,3.00
1765579787915,CH1,POWER,3.00
1765579787921,CH1,POWER,3.00
1765579787925,CH1,POWER,3.00
1765579787930,CH1,POWER,3.00
1765579787934,CH1,POWER,3.00
1765579787941,CH1,POWER,3.00
1765579787945,CH1,POWER,3.00
1765579787951,CH1,POWER,3.00
1765579787957,CH1,POWER,3.00
1765579787961,CH1,POWER,3.00
1765579787965,CH1,POWER,3.00
1765579787971,CH1,POWER,3.00
1765579787979,CH1,POWER,3.00
1765579787984,CH1,POWER,3.00
1765579787988,CH1,POWER,3.00
1765579787993,CH1,POWER,3.00
1765579787999,CH1,POWER,3.00
1765579788003,CH1,POWER,3.00
1765579788008,CH1,POWER,3.00
1765579788014,CH1,POWER,3.00
1765579788021,CH1,POWER,3.00
1765579788027,CH1,POWER,3.00
1765579788031,CH1,POWER,3.00
1765579788036,CH1,POWER,3.00
1765579788041,CH1,POWER,3.00
1765579788045,CH1,POWER,3.00
1765579788050,CH1,POWER,3.00
1765579788054,CH1,POWER,3.00
1765579788060,CH1,POWER,3.00
1765579788065,CH1,POWER,3.00
1765579788071,CH1,POWER,3.00
1765579788077,CH1,POWER,3.00
1765579788081,CH1,POWER,3.00
1765579788085,CH1,POWER,3.00
1765579788091,CH1,POWER,3.00
1765579788099,CH1,POWER,3.00
1765579788104,CH1,POWER,3.00
1765579788108,CH1,POWER,3.00
1765579788113,CH1,POWER,3.00
1765579788119,CH1,POWER,3.00
1765579788124,CH1,POWER,3.00
1765579788131,CH1,POWER,3.00
1765579788139,CH1,POWER,3.00
1765579788144,CH1,POWER,3.00
1765579788148,CH1,POWER,3.00
1765579788154,CH1,POWER,3.00
1765579788160,CH1,POWER,3.00
1765579788163,CH1,POWER,3.00
1765579788165,CH1,POWER,3.00
1765579788192,CH1,POWER,3.00
1765579788197,CH1,POWER,3.00
1765579788203,CH1,POWER,3.00
1765579788207,CH1,POWER,3.00
1765579788213,CH1,POWER,3.00
1765579788217,CH1,POWER,3.00
1765579788223,CH1,POWER,3.00
1765579788227,CH1,POWER,3.00
1765579788233,CH1,POWER,3.00
1765579788239,CH1,POWER,3.00
1765579788243,CH1,POWER,3.00
1765579788249,CH1,POWER,3.00
1765579788253,CH1,POWER,3.00
1765579788261,CH1,POWER,3.00
1765579788265,CH1,POWER,3.00
1765579788270,CH1,POWER,3.00
1765579788275,CH1,POWER,3.00
1765579788280,CH1,POWER,3.00
1765579788285,CH1,POWER,3.00
1765579788291,CH1,POWER,3.00
1765579788296,CH1,POWER,3.00
1765579788302,CH1,POWER,3.00
1765579788306,CH1,POWER,3.00
1765579788310,CH1,POWER,3.00
1765579788316,CH1,POWER,3.00
1765579788323,CH1,POWER,3.00
1765579788328,CH1,POWER,3.00
1765579788333,CH1,POWER,3.00
1765579788338,CH1,POWER,3.00
1765579788343,CH1,POWER,3.00
1765579788351,CH1,POWER,3.00
1765579788356,CH1,POWER,3.00
1765579788360,CH1,POWER,3.00
1765579788365,CH1,POWER,3.00
1765579788371,CH1,POWER,3.00
1765579788376,CH1,POWER,3.00
1765579788383,CH1,POWER,3.00
1765579788387,CH1,POWER,3.00
1765579788393,CH1,POWER,3.00
1765579788397,CH1,POWER,3.00
1765579788402,CH1,POWER,3.00
1765579788407,CH1,POWER,3.00
1765579788413,CH1,POWER,3.00
1765579788419,CH1,POWER,3.00
1765579788423,CH1,POWER,3.00
1765579788431,CH1,POWER,3.00
1765579788436,CH1,POWER,3.00
1765579788443,CH1,POWER,3.00
1765579788451,CH1,POWER,3.00
1765579788456,CH1,POWER,3.00
1765579788460,CH1,POWER,3.00
1765579788466,CH1,POWER,3.00
1765579788473,CH1,POWER,3.00
1765579788479,CH1,POWER,3.00
1765579788483,CH1,POWER,3.00
1765579788491,CH1,POWER,3.00
1765579788496,CH1,POWER,3.00
1765579788502,CH1,POWER,3.00
1765579788506,CH1,POWER,3.00
1765579788512,CH1,POWER,3.00
1765579788519,CH1,POWER,3.00
1765579788523,CH1,POWER,3.00
1765579788529,CH1,POWER,3.00
1765579788533,CH1,POWER,3.00
1765579788541,CH1,POWER,3.00
1765579788546,CH1,POWER,3.00
1765579788552,CH1,POWER,3.00
1765579788557,CH1,POWER,3.00
1765579788584,CH1,POWER,2.70
1765579788589,CH1,POWER,2.70
1765579788594,CH1,POWER,2.70
1765579788598,CH1,POWER,2.70
1765579788602,CH1,POWER,2.70
1765579788607,CH1,POWER,2.70
1765579788613,CH1,POWER,2.70
1765579788618,CH1,POWER,2.70
1765579788625,CH1,POWER,2.70
1765579788633,CH1,POWER,2.70
1765579788638,CH1,POWER,2.70
1765579788642,CH1,POWER,2.70
1765579788647,CH1,POWER,2.70
1765579788653,CH1,POWER,2.70
1765579788659,CH1,POWER,2.70
1765579788664,CH1,POWER,2.70
1765579788668,CH1,POWER,2.70
1765579788672,CH1,POWER,2.70
1765579788676,CH1,POWER,2.70
1765579788682,CH1,POWER,2.70
1765579788687,CH1,POWER,2.70
1765579788693,CH1,POWER,2.70
1765579788698,CH1,POWER,2.70
1765579788702,CH1,POWER,2.70
1765579788707,CH1,POWER,2.70
1765579788713,CH1,POWER,2.70
1765579788718,CH1,POWER,2.70
1765579788725,CH1,POWER,2.70
1765579788729,CH1,POWER,2.70
1765579788734,CH1,POWER,2.70
1765579788738,CH1,POWER,2.70
1765579788744,CH1,POWER,2.70
1765579788749,CH1,POWER,2.70
1765579788755,CH1,POWER,2.70
1765579788761,CH1,POWER,2.70
1765579788765,CH1,POWER,2.70
1765579788769,CH1,POWER,2.70
1765579788775,CH1,POWER,2.70
1765579788781,CH1,POWER,2.70
1765579788785,CH1,POWER,2.70
1765579788789,CH1,POWER,2.70
1765579788794,CH1,POWER,2.70
1765579788799,CH1,POWER,2.70
1765579788805,CH1,POWER,2.70
1765579788809,CH1,POWER,2.70
1765579788814,CH1,POWER,2.70
1765579788821,CH1,POWER,2.70
1765579788825,CH1,POWER,2.70
1765579788833,CH1,POWER,2.70
1765579788837,CH1,POWER,2.70
1765579788843,CH1,POWER,2.70
1765579788847,CH1,POWER,2.70
1765579788855,CH1,POWER,2.70
1765579788863,CH1,POWER,2.70
1765579788868,CH1,POWER,2.70
1765579788875,CH1,POWER,2.70
1765579788881,CH1,POWER,2.70
1765579788885,CH1,POWER,2.70
1765579788891,CH1,POWER,2.70
1765579788895,CH1,POWER,2.70
1765579788900,CH1,POWER,2.70
1765579788905,CH1,POWER,2.70
1765579788911,CH1,POWER,2.70
1765579788915,CH1,POWER,2.70
1765579788919,CH1,POWER,2.70
1765579788925,CH1,POWER,2.70
1765579788931,CH1,POWER,2.70
1765579788935,CH1,POWER,2.70
1765579788940,CH1,POWER,2.70
1765579788945,CH1,POWER,2.70
1765579788951,CH1,POWER,2.70
1765579788953,CH1,POWER,3.00
1765579788956,CH1,POWER,3.00
1765579788958,CH1,POWER,3.00
1765579788984,CH1,POWER,3.00
1765579788989,CH1,POWER,3.00
1765579788994,CH1,POWER,3.00
1765579788998,CH1,POWER,3.00
1765579789005,CH1,POWER,3.00
1765579789010,CH1,POWER,3.00
1765579789017,CH1,POWER,3.00
1765579789021,CH1,POWER,3.00
1765579789026,CH1,POWER,3.00
1765579789031,CH1,POWER,3.00
1765579789036,CH1,POWER,3.00
1765579789040,CH1,POWER,3.00
1765579789047,CH1,POWER,3.00
1765579789051,CH1,POWER,3.00
1765579789056,CH1,POWER,3.00
1765579789060,CH1,POWER,3.00
1765579789067,CH1,POWER,3.00
1765579789075,CH1,POWER,3.00
1765579789080,CH1,POWER,3.00
1765579789087,CH1,POWER,3.00
1765579789093,CH1,POWER,3.00
1765579789097,CH1,POWER,3.00
1765579789103,CH1,POWER,3.00
1765579789107,CH1,POWER,3.00
1765579789112,CH1,POWER,3.00
1765579789117,CH1,POWER,3.00
1765579789123,CH1,POWER,3.00
1765579789127,CH1,POWER,3.00
1765579789133,CH1,POWER,3.00
1765579789137,CH1,POWER,3.00
1765579789142,CH1,POWER,3.00
1765579789147,CH1,POWER,3.00
1765579789153,CH1,POWER,3.00
1765579789157,CH1,POWER,3.00
1765579789162,CH1,POWER,3.00
1765579789167,CH1,POWER,3.00
1765579789171,CH1,POWER,3.00
1765579789177,CH1,POWER,3.00
1765579789183,CH1,POWER,3.00
1765579789187,CH1,POWER,3.00
1765579789195,CH1,POWER,3.00
1765579789200,CH1,POWER,3.00
1765579789207,CH1,POWER,3.00
1765579789215,CH1,POWER,3.00
1765579789220,CH1,POWER,3.00
1765579789224,CH1,POWER,3.00
1765579789228,CH1,POWER,3.00
1765579789232,CH1,POWER,3.00
1765579789237,CH1,POWER,3.00
1765579789241,CH1,POWER,3.00
1765579789247,CH1,POWER,3.00
1765579789253,CH1,POWER,3.00
1765579789257,CH1,POWER,3.00
1765579789263,CH1,POWER,3.00
1765579789267,CH1,POWER,3.00
1765579789275,CH1,POWER,3.00
1765579789280,CH1,POWER,3.00
1765579789287,CH1,POWER,3.00
1765579789291,CH1,POWER,3.00
1765579789297,CH1,POWER,3.00
1765579789303,CH1,POWER,3.00
1765579789307,CH1,POWER,3.00
1765579789311,CH1,POWER,3.00
1765579789317,CH1,POWER,3.00
1765579789323,CH1,POWER,3.00
1765579789327,CH1,POWER,3.00
1765579789332,CH1,POWER,3.00
1765579789337,CH1,POWER,3.00
1765579789342,CH1,POWER,3.00
1765579789347,CH1,POWER,3.00
1765579789351,CH1,POWER,2.95
1765579789379,CH1,POWER,2.95
1765579789385,CH1,POWER,2.95
1765579789389,CH1,POWER,2.95
1765579789395,CH1,POWER,2.95
1765579789399,CH1,POWER,2.95
1765579789404,CH1,POWER,2.95
1765579789409,CH1,POWER,2.95
1765579789417,CH1,POWER,2.95
1765579789422,CH1,POWER,2.95
1765579789429,CH1,POWER,2.95
1765579789434,CH1,POWER,2.95
1765579789439,CH1,POWER,2.95
1765579789445,CH1,POWER,2.95
1765579789449,CH1,POWER,2.95
1765579789457,CH1,POWER,2.95
1765579789463,CH1,POWER,2.95
1765579789469,CH1,POWER,2.95
1765579789477,CH1,POWER,2.95
1765579789483,CH1,POWER,2.95
1765579789488,CH1,POWER,2.95
1765579789494,CH1,POWER,2.95
1765579789499,CH1,POWER,2.95
1765579789504,CH1,POWER,2.95
1765579789509,CH1,POWER,2.95
1765579789517,CH1,POWER,2.95
1765579789522,CH1,POWER,2.95
1765579789528,CH1,POWER,2.95
1765579789533,CH1,POWER,2.95
1765579789539,CH1,POWER,2.95
1765579789547,CH1,POWER,2.95
1765579789552,CH1,POWER,2.95
1765579789559,CH1,POWER,2.95
1765579789563,CH1,POWER,2.95
1765579789568,CH1,POWER,2.95
1765579789572,CH1,POWER,2.95
1765579789578,CH1,POWER,2.95
1765579789583,CH1,POWER,2.95
1765579789589,CH1,POWER,2.95
1765579789594,CH1,POWER,2.95
1765579789599,CH1,POWER,2.95
1765579789604,CH1,POWER,2.95
1765579789609,CH1,POWER,2.95
1765579789615,CH1,POWER,2.95
1765579789619,CH1,POWER,2.95
1765579789625,CH1,POWER,2.95
1765579789629,CH1,POWER,2.95
1765579789634,CH1,POWER,2.95
1765579789639,CH1,POWER,2.95
1765579789643,CH1,POWER,2.95
1765579789648,CH1,POWER,2.95
1765579789652,CH1,POWER,2.95
1765579789658,CH1,POWER,2.95
1765579789663,CH1,POWER,2.95
1765579789669,CH1,POWER,2.95
1765579789677,CH1,POWER,2.95
1765579789682,CH1,POWER,2.95
1765579789689,CH1,POWER,2.95
1765579789695,CH1,POWER,2.95
1765579789699,CH1,POWER,2.95
1765579789704,CH1,POWER,2.95
1765579789709,CH1,POWER,2.95
1765579789714,CH1,POWER,2.95
1765579789719,CH1,POWER,2.95
1765579789724,CH1,POWER,2.95
1765579789729,CH1,POWER,2.95
1765579789737,CH1,POWER,2.95
1765579789742,CH1,POWER,3.25
1765579789768,CH1,POWER,3.25
1765579789773,CH1,POWER,3.25
1765579789779,CH1,POWER,3.25
1765579789784,CH1,POWER,3.25
1765579789788,CH1,POWER,3.25
1765579789793,CH1,POWER,3.25
1765579789801,CH1,POWER,3.25
1765579789807,CH1,POWER,3.25
1765579789811,CH1,POWER,3.25
1765579789816,CH1,POWER,3.25
1765579789821,CH1,POWER,3.25
1765579789826,CH1,POWER,3.25
1765579789831,CH1,POWER,3.25
1765579789835,CH1,POWER,3.25
1765579789840,CH1,POWER,3.25
1765579789845,CH1,POWER,3.25
1765579789851,CH1,POWER,3.25
1765579789857,CH1,POWER,3.25
1765579789861,CH1,POWER,3.25
1765579789867,CH1,POWER,3.25
1765579789871,CH1,POWER,3.25
1765579789879,CH1,POWER,3.25
1765579789884,CH1,POWER,3.25
1765579789891,CH1,POWER,3.25
1765579789897,CH1,POWER,3.25
1765579789901,CH1,POWER,3.25
1765579789909,CH1,POWER,3.25
1765579789914,CH1,POWER,3.25
1765579789921,CH1,POWER,3.25
1765579789929,CH1,POWER,3.25
1765579789933,CH1,POWER,3.25
1765579789938,CH1,POWER,3.25
1765579789943,CH1,POWER,3.25
1765579789948,CH1,POWER,3.25
1765579789954,CH1,POWER,3.25
1765579789961,CH1,POWER,3.25
1765579789967,CH1,POWER,3.25
1765579789971,CH1,POWER,3.25
1765579789979,CH1,POWER,3.25
1765579789984,CH1,POWER,3.25
1765579789991,CH1,POWER,3.25
1765579789995,CH1,POWER,3.25
1765579790001,CH1,POWER,3.25
1765579790007,CH1,POWER,3.25
1765579790011,CH1,POWER,3.25
1765579790016,CH1,POWER,3.25
1765579790021,CH1,POWER,3.25
1765579790025,CH1,POWER,3.25
1765579790031,CH1,POWER,3.25
1765579790036,CH1,POWER,3.25
1765579790041,CH1,POWER,3.25
1765579790046,CH1,POWER,3.25
1765579790051,CH1,POWER,3.25
1765579790055,CH1,POWER,3.25
1765579790060,CH1,POWER,3.25
1765579790067,CH1,POWER,3.25
1765579790071,CH1,POWER,3.25
1765579790077,CH1,POWER,3.25
1765579790081,CH1,POWER,3.25
1765579790087,CH1,POWER,3.25
1765579790091,CH1,POWER,3.25
1765579790097,CH1,POWER,3.25
1765579790101,CH1,POWER,3.25
1765579790109,CH1,POWER,3.25
1765579790114,CH1,POWER,3.25
1765579790118,CH1,POWER,3.25
1765579790123,CH1,POWER,3.25
1765579790129,CH1,POWER,3.25
1765579790132,CH1,POWER,3.25
1765579790134,CH1,POWER,3.25
1765579790160,CH1,POWER,3.25
1765579790165,CH1,POWER,3.25
1765579790171,CH1,POWER,3.25
1765579790175,CH1,POWER,3.25
1765579790181,CH1,POWER,3.25
1765579790185,CH1,POWER,3.25
1765579790191,CH1,POWER,3.25
1765579790195,CH1,POWER,3.25
1765579790201,CH1,POWER,3.25
1765579790205,CH1,POWER,3.25
1765579790213,CH1,POWER,3.25
1765579790221,CH1,POWER,3.25
1765579790226,CH1,POWER,3.25
1765579790233,CH1,POWER,3.25
1765579790239,CH1,POWER,3.25
1765579790243,CH1,POWER,3.25
1765579790248,CH1,POWER,3.25
1765579790253,CH1,POWER,3.25
1765579790258,CH1,POWER,3.25
1765579790263,CH1,POWER,3.25
1765579790267,CH1,POWER,3.25
1765579790273,CH1,POWER,3.25
1765579790278,CH1,POWER,3.25
1765579790283,CH1,POWER,3.25
1765579790287,CH1,POWER,3.25
1765579790293,CH1,POWER,3.25
1765579790299,CH1,POWER,3.25
1765579790303,CH1,POWER,3.25
1765579790311,CH1,POWER,3.25
1765579790316,CH1,POWER,3.25
1765579790323,CH1,POWER,3.25
1765579790331,CH1,POWER,3.25
1765579790336,CH1,POWER,3.25
1765579790343,CH1,POWER,3.25
1765579790348,CH1,POWER,3.25
1765579790353,CH1,POWER,3.25
1765579790358,CH1,POWER,3.25
1765579790363,CH1,POWER,3.25
1765579790371,CH1,POWER,3.25
1765579790376,CH1,POWER,3.25
1765579790382,CH1,POWER,3.25
1765579790387,CH1,POWER,3.25
1765579790393,CH1,POWER,3.25
1765579790398,CH1,POWER,3.25
1765579790403,CH1,POWER,3.25
1765579790407,CH1,POWER,3.25
1765579790413,CH1,POWER,3.25
1765579790421,CH1,POWER,3.25
1765579790427,CH1,POWER,3.25
1765579790433,CH1,POWER,3.25
1765579790438,CH1,POWER,3.25
1765579790443,CH1,POWER,3.25
1765579790448,CH1,POWER,3.25
1765579790453,CH1,POWER,3.25
1765579790457,CH1,POWER,3.25
1765579790462,CH1,POWER,3.25
1765579790466,CH1,POWER,3.25
1765579790473,CH1,POWER,3.25
1765579790478,CH1,POWER,3.25
1765579790483,CH1,POWER,3.25
1765579790488,CH1,POWER,3.25
1765579790493,CH1,POWER,3.25
1765579790497,CH1,POWER,3.25
1765579790502,CH1,POWER,3.25
1765579790506,CH1,POWER,3.25
1765579790510,CH1,POWER,3.25
1765579790514,CH1,POWER,3.25
1765579790518,CH1,POWER,3.25
1765579790523,CH1,POWER,3.25
1765579790525,CH1,POWER,3.25
1765579790552,CH1,POWER,3.25
1765579790557,CH1,POWER,3.25
1765579790562,CH1,POWER,3.25
1765579790566,CH1,POWER,3.25
1765579790573,CH1,POWER,3.25
1765579790578,CH1,POWER,3.25
1765579790584,CH1,POWER,3.25
1765579790589,CH1,POWER,3.25
1765579790595,CH1,POWER,3.25
1765579790600,CH1,POWER,3.25
1765579790605,CH1,POWER,3.25
1765579790609,CH1,POWER,3.25
1765579790615,CH1,POWER,3.25
1765579790623,CH1,POWER,3.25
1765579790628,CH1,POWER,3.25
1765579790632,CH1,POWER,3.25
1765579790637,CH1,POWER,3.25
1765579790643,CH1,POWER,3.25
1765579790647,CH1,POWER,3.25
1765579790652,CH1,POWER,3.25
1765579790656,CH1,POWER,3.25
1765579790660,CH1,POWER,3.25
1765579790665,CH1,POWER,3.25
1765579790669,CH1,POWER,3.25
1765579790675,CH1,POWER,3.25
1765579790683,CH1,POWER,3.25
1765579790688,CH1,POWER,3.25
1765579790695,CH1,POWER,3.25
1765579790700,CH1,POWER,3.25
1765579790705,CH1,POWER,3.25
1765579790713,CH1,POWER,3.25
1765579790718,CH1,POWER,3.25
1765579790725,CH1,POWER,3.25
1765579790733,CH1,POWER,3.25
1765579790738,CH1,POWER,3.25
1765579790745,CH1,POWER,3.25
1765579790750,CH1,POWER,3.25
1765579790755,CH1,POWER,3.25
1765579790760,CH1,POWER,3.25
1765579790765,CH1,POWER,3.25
1765579790770,CH1,POWER,3.25
1765579790775,CH1,POWER,3.25
1765579790779,CH1,POWER,3.25
1765579790785,CH1,POWER,3.25
1765579790790,CH1,POWER,3.25
1765579790795,CH1,POWER,3.25
1765579790799,CH1,POWER,3.25
1765579790805,CH1,POWER,3.25
1765579790813,CH1,POWER,3.25
1765579790818,CH1,POWER,3.25
1765579790825,CH1,POWER,3.25
1765579790833,CH1,POWER,3.25
1765579790838,CH1,POWER,3.25
1765579790845,CH1,POWER,3.25
1765579790850,CH1,POWER,3.25
1765579790855,CH1,POWER,3.25
1765579790859,CH1,POWER,3.25
1765579790865,CH1,POWER,3.25
1765579790870,CH1,POWER,3.25
1765579790875,CH1,POWER,3.25
1765579790879,CH1,POWER,3.25
1765579790884,CH1,POWER,3.25
1765579790890,CH1,POWER,3.25
1765579790895,CH1,POWER,3.25
1765579790899,CH1,POWER,3.25
1765579790904,CH1,POWER,3.25
1765579790908,CH1,POWER,3.25
1765579790912,CH1,POWER,3.25
1765579790915,CH1,POWER,3.25
1765579790917,CH1,POWER,3.25
1765579790920,CH1,POWER,3.25
1765579790947,CH1,POWER,3.25
1765579790955,CH1,POWER,3.25
1765579790961,CH1,POWER,3.25
1765579790966,CH1,POWER,3.25
1765579790971,CH1,POWER,3.25
1765579790977,CH1,POWER,3.25
1765579790982,CH1,POWER,3.25
1765579790987,CH1,POWER,3.25
1765579790991,CH1,POWER,3.25
1765579790996,CH1,POWER,3.25
1765579791001,CH1,POWER,3.25
1765579791007,CH1,POWER,3.25
1765579791012,CH1,POWER,3.25
1765579791017,CH1,POWER,3.25
1765579791021,CH1,POWER,3.25
1765579791027,CH1,POWER,3.25
1765579791032,CH1,POWER,3.25
1765579791037,CH1,POWER,3.25
1765579791042,CH1,POWER,3.25
1765579791047,CH1,POWER,3.25
1765579791055,CH1,POWER,3.25
1765579791060,CH1,POWER,3.25
1765579791067,CH1,POWER,3.25
1765579791072,CH1,POWER,3.25
1765579791077,CH1,POWER,3.25
1765579791082,CH1,POWER,3.25
1765579791087,CH1,POWER,3.25
1765579791091,CH1,POWER,3.25
1765579791096,CH1,POWER,3.25
1765579791100,CH1,POWER,3.25
1765579791104,CH1,POWER,3.25
1765579791108,CH1,POWER,3.25
1765579791115,CH1,POWER,3.25
1765579791121,CH1,POWER,3.25
1765579791126,CH1,POWER,3.25
1765579791130,CH1,POWER,3.25
1765579791137,CH1,POWER,3.25
1765579791141,CH1,POWER,3.25
1765579791147,CH1,POWER,3.25
1765579791152,CH1,POWER,3.25
1765579791157,CH1,POWER,3.25
1765579791161,CH1,POWER,3.25
1765579791166,CH1,POWER,3.25
1765579791171,CH1,POWER,3.25
1765579791176,CH1,POWER,3.25
1765579791180,CH1,POWER,3.25
1765579791184,CH1,POWER,3.25
1765579791190,CH1,POWER,3.25
1765579791197,CH1,POWER,3.25
1765579791205,CH1,POWER,3.25
1765579791210,CH1,POWER,3.25
1765579791217,CH1,POWER,3.25
1765579791222,CH1,POWER,3.25
1765579791227,CH1,POWER,3.25
1765579791232,CH1,POWER,3.25
1765579791237,CH1,POWER,3.25
1765579791242,CH1,POWER,3.25
1765579791247,CH1,POWER,3.25
1765579791252,CH1,POWER,3.25
1765579791257,CH1,POWER,3.25
1765579791262,CH1,POWER,3.25
1765579791267,CH1,POWER,3.25
1765579791275,CH1,POWER,3.25
1765579791281,CH1,POWER,3.25
1765579791286,CH1,POWER,3.25
1765579791290,CH1,POWER,3.25
1765579791296,CH1,POWER,3.25
1765579791301,CH1,POWER,3.25
1765579791328,CH1,POWER,3.70
1765579791333,CH1,POWER,3.70
1765579791338,CH1,POWER,3.70
1765579791342,CH1,POWER,3.70
1765579791346,CH1,POWER,3.70
1765579791350,CH1,POWER,3.70
1765579791356,CH1,POWER,3.70
1765579791361,CH1,POWER,3.70
1765579791366,CH1,POWER,3.70
1765579791370,CH1,POWER,3.70
1765579791376,CH1,POWER,3.70
1765579791381,CH1,POWER,3.70
1765579791387,CH1,POWER,3.70
1765579791392,CH1,POWER,3.70
1765579791396,CH1,POWER,3.70
1765579791401,CH1,POWER,3.70
1765579791407,CH1,POWER,3.70
1765579791412,CH1,POWER,3.70
1765579791416,CH1,POWER,3.70
1765579791421,CH1,POWER,3.70
1765579791427,CH1,POWER,3.70
1765579791432,CH1,POWER,3.70
1765579791436,CH1,POWER,3.70
1765579791441,CH1,POWER,3.70
1765579791446,CH1,POWER,3.70
1765579791451,CH1,POWER,3.70
1765579791457,CH1,POWER,3.70
1765579791461,CH1,POWER,3.70
1765579791466,CH1,POWER,3.70
1765579791470,CH1,POWER,3.70
1765579791477,CH1,POWER,3.70
1765579791482,CH1,POWER,3.70
1765579791488,CH1,POWER,3.70
1765579791493,CH1,POWER,3.70
1765579791499,CH1,POWER,3.70
1765579791507,CH1,POWER,3.70
1765579791512,CH1,POWER,3.70
1765579791519,CH1,POWER,3.70
1765579791524,CH1,POWER,3.70
1765579791529,CH1,POWER,3.70
1765579791534,CH1,POWER,3.70
1765579791539,CH1,POWER,3.70
1765579791544,CH1,POWER,3.70
1765579791549,CH1,POWER,3.70
1765579791554,CH1,POWER,3.70
1765579791559,CH1,POWER,3.70
1765579791564,CH1,POWER,3.70
1765579791569,CH1,POWER,3.70
1765579791574,CH1,POWER,3.70
1765579791579,CH1,POWER,3.70
1765579791584,CH1,POWER,3.70
1765579791589,CH1,POWER,3.70
1765579791597,CH1,POWER,3.70
1765579791602,CH1,POWER,3.70
1765579791609,CH1,POWER,3.70
1765579791614,CH1,POWER,3.70
1765579791619,CH1,POWER,3.70
1765579791624,CH1,POWER,3.70
1765579791629,CH1,POWER,3.70
1765579791633,CH1,POWER,3.70
1765579791639,CH1,POWER,3.70
1765579791643,CH1,POWER,3.70
1765579791648,CH1,POWER,3.70
1765579791653,CH1,POWER,3.70
1765579791659,CH1,POWER,3.70
1765579791667,CH1,POWER,3.70
1765579791672,CH1,POWER,3.70
1765579791676,CH1,POWER,3.70
1765579791681,CH1,POWER,3.70
1765579791687,CH1,POWER,3.70
1765579791692,CH1,POWER,3.70
1765579791696,CH1,POWER,3.65
1765579791699,CH1,POWER,3.65
1765579791702,CH1,POWER,3.65
1765579791728,CH1,POWER,3.65
1765579791733,CH1,POWER,3.65
1765579791738,CH1,POWER,3.65
1765579791742,CH1,POWER,3.65
1765579791749,CH1,POWER,3.65
1765579791754,CH1,POWER,3.65
1765579791761,CH1,POWER,3.65
1765579791766,CH1,POWER,3.65
1765579791771,CH1,POWER,3.65
1765579791776,CH1,POWER,3.65
1765579791781,CH1,POWER,3.65
1765579791785,CH1,POWER,3.65
1765579791791,CH1,POWER,3.65
1765579791795,CH1,POWER,3.65
1765579791800,CH1,POWER,3.65
1765579791806,CH1,POWER,3.65
1765579791811,CH1,POWER,3.65
1765579791816,CH1,POWER,3.65
1765579791821,CH1,POWER,3.65
1765579791829,CH1,POWER,3.65
1765579791834,CH1,POWER,3.65
1765579791841,CH1,POWER,3.65
1765579791846,CH1,POWER,3.65
1765579791851,CH1,POWER,3.65
1765579791856,CH1,POWER,3.65
1765579791861,CH1,POWER,3.65
1765579791866,CH1,POWER,3.65
1765579791871,CH1,POWER,3.65
1765579791876,CH1,POWER,3.65
1765579791881,CH1,POWER,3.65
1765579791889,CH1,POWER,3.65
1765579791893,CH1,POWER,3.65
1765579791898,CH1,POWER,3.65
1765579791902,CH1,POWER,3.65
1765579791906,CH1,POWER,3.65
1765579791911,CH1,POWER,3.65
1765579791916,CH1,POWER,3.65
1765579791921,CH1,POWER,3.65
1765579791926,CH1,POWER,3.65
1765579791931,CH1,POWER,3.65
1765579791936,CH1,POWER,3.65
1765579791941,CH1,POWER,3.65
1765579791949,CH1,POWER,3.65
1765579791954,CH1,POWER,3.65
1765579791961,CH1,POWER,3.65
1765579791969,CH1,POWER,3.65
1765579791974,CH1,POWER,3.65
1765579791978,CH1,POWER,3.65
1765579791984,CH1,POWER,3.65
1765579791988,CH1,POWER,3.65
1765579791993,CH1,POWER,3.65
1765579791998,CH1,POWER,3.65
1765579792002,CH1,POWER,3.65
1765579792009,CH1,POWER,3.65
1765579792014,CH1,POWER,3.65
1765579792021,CH1,POWER,3.65
1765579792025,CH1,POWER,3.65
1765579792031,CH1,POWER,3.65
1765579792036,CH1,POWER,3.65
1765579792041,CH1,POWER,3.65
1765579792046,CH1,POWER,3.65
1765579792051,CH1,POWER,3.65
1765579792055,CH1,POWER,3.65
1765579792061,CH1,POWER,3.65
1765579792066,CH1,POWER,3.65
1765579792071,CH1,POWER,3.65
1765579792079,CH1,POWER,3.65
1765579792085,CH1,POWER,3.65
1765579792090,CH1,POWER,3.65
1765579792093,CH1,POWER,3.25
1765579792095,CH1,POWER,3.25
1765579792123,CH1,POWER,3.25
1765579792131,CH1,POWER,3.25
1765579792136,CH1,POWER,3.25
1765579792143,CH1,POWER,3.25
1765579792148,CH1,POWER,3.25
1765579792153,CH1,POWER,3.25
1765579792158,CH1,POWER,3.25
1765579792163,CH1,POWER,3.25
1765579792167,CH1,POWER,3.25
1765579792173,CH1,POWER,3.25
1765579792178,CH1,POWER,3.25
1765579792183,CH1,POWER,3.25
1765579792187,CH1,POWER,3.25
1765579792192,CH1,POWER,3.25
1765579792197,CH1,POWER,3.25
1765579792202,CH1,POWER,3.25
1765579792207,CH1,POWER,3.25
1765579792212,CH1,POWER,3.25
1765579792218,CH1,POWER,3.25
1765579792223,CH1,POWER,3.25
1765579792231,CH1,POWER,3.25
1765579792235,CH1,POWER,3.25
1765579792240,CH1,POWER,3.25
1765579792246,CH1,POWER,3.25
1765579792253,CH1,POWER,3.25
1765579792258,CH1,POWER,3.25
1765579792263,CH1,POWER,3.25
1765579792268,CH1,POWER,3.25
1765579792273,CH1,POWER,3.25
1765579792277,CH1,POWER,3.25
1765579792282,CH1,POWER,3.25
1765579792286,CH1,POWER,3.25
1765579792293,CH1,POWER,3.25
1765579792297,CH1,POWER,3.25
1765579792302,CH1,POWER,3.25
1765579792308,CH1,POWER,3.25
1765579792313,CH1,POWER,3.25
1765579792318,CH1,POWER,3.25
1765579792323,CH1,POWER,3.25
1765579792328,CH1,POWER,3.25
1765579792333,CH1,POWER,3.25
1765579792341,CH1,POWER,3.25
1765579792345,CH1,POWER,3.25
1765579792350,CH1,POWER,3.25
1765579792354,CH1,POWER,3.25
1765579792361,CH1,POWER,3.25
1765579792365,CH1,POWER,3.25
1765579792373,CH1,POWER,3.25
1765579792378,CH1,POWER,3.25
1765579792383,CH1,POWER,3.25
1765579792388,CH1,POWER,3.25
1765579792393,CH1,POWER,3.25
1765579792397,CH1,POWER,3.25
1765579792403,CH1,POWER,3.25
1765579792408,CH1,POWER,3.25
1765579792413,CH1,POWER,3.25
1765579792421,CH1,POWER,3.25
1765579792426,CH1,POWER,3.25
1765579792433,CH1,POWER,3.25
1765579792441,CH1,POWER,3.25
1765579792446,CH1,POWER,3.25
1765579792453,CH1,POWER,3.25
1765579792458,CH1,POWER,3.25
1765579792463,CH1,POWER,3.25
1765579792468,CH1,POWER,3.25
1765579792473,CH1,POWER,3.25
1765579792478,CH1,POWER,3.25
1765579792482,CH1,POWER,3.25
1765579792485,CH1,POWER,3.25
1765579792487,CH1,POWER,3.25
1765579792515,CH1,POWER,3.25
1765579792520,CH1,POWER,3.25
1765579792525,CH1,POWER,3.25
1765579792533,CH1,POWER,3.25
1765579792538,CH1,POWER,3.25
1765579792544,CH1,POWER,3.25
1765579792549,CH1,POWER,3.25
1765579792555,CH1,POWER,3.25
1765579792563,CH1,POWER,3.25
1765579792568,CH1,POWER,3.25
1765579792575,CH1,POWER,3.25
1765579792583,CH1,POWER,3.25
1765579792588,CH1,POWER,3.25
1765579792595,CH1,POWER,3.25
1765579792600,CH1,POWER,3.25
1765579792605,CH1,POWER,3.25
1765579792610,CH1,POWER,3.25
1765579792615,CH1,POWER,3.25
1765579792620,CH1,POWER,3.25
1765579792625,CH1,POWER,3.25
1765579792630,CH1,POWER,3.25
1765579792635,CH1,POWER,3.25
1765579792640,CH1,POWER,3.25
1765579792645,CH1,POWER,3.25
1765579792650,CH1,POWER,3.25
1765579792655,CH1,POWER,3.25
1765579792663,CH1,POWER,3.25
1765579792668,CH1,POWER,3.25
1765579792675,CH1,POWER,3.25
1765579792680,CH1,POWER,3.25
1765579792685,CH1,POWER,3.25
1765579792690,CH1,POWER,3.25
1765579792695,CH1,POWER,3.25
1765579792699,CH1,POWER,3.25
1765579792705,CH1,POWER,3.25
1765579792709,CH1,POWER,3.25
1765579792715,CH1,POWER,3.25
1765579792720,CH1,POWER,3.25
1765579792725,CH1,POWER,3.25
1765579792733,CH1,POWER,3.25
1765579792739,CH1,POWER,3.25
1765579792744,CH1,POWER,3.25
1765579792750,CH1,POWER,3.25
1765579792755,CH1,POWER,3.25
1765579792760,CH1,POWER,3.25
1765579792765,CH1,POWER,3.25
1765579792768,CH1,POWER,3.25
1765579792775,CH1,POWER,3.25
1765579792783,CH1,POWER,3.25
1765579792787,CH1,POWER,3.25
1765579792792,CH1,POWER,3.25
1765579792796,CH1,POWER,3.25
1765579792802,CH1,POWER,3.25
1765579792806,CH1,POWER,3.25
1765579792810,CH1,POWER,3.25
1765579792815,CH1,POWER,3.25
1765579792820,CH1,POWER,3.25
1765579792825,CH1,POWER,3.25
1765579792830,CH1,POWER,3.25
1765579792835,CH1,POWER,3.25
1765579792840,CH1,POWER,3.25
1765579792845,CH1,POWER,3.25
1765579792849,CH1,POWER,3.25
1765579792854,CH1,POWER,3.25
1765579792858,CH1,POWER,3.25
1765579792864,CH1,POWER,3.25
1765579792867,CH1,POWER,3.30
1765579792870,CH1,POWER,3.30
1765579792897,CH1,POWER,3.30
1765579792902,CH1,POWER,3.30
1765579792907,CH1,POWER,3.30
1765579792911,CH1,POWER,3.30
1765579792917,CH1,POWER,3.30
1765579792921,CH1,POWER,3.30
1765579792926,CH1,POWER,3.30
1765579792929,CH1,POWER,3.30
1765579792934,CH1,POWER,3.30
1765579792940,CH1,POWER,3.30
1765579792946,CH1,POWER,3.30
1765579792950,CH1,POWER,3.30
1765579792954,CH1,POWER,3.30
1765579792959,CH1,POWER,3.30
1765579792967,CH1,POWER,3.30
1765579792975,CH1,POWER,3.30
1765579792981,CH1,POWER,3.30
1765579792986,CH1,POWER,3.30
1765579792992,CH1,POWER,3.30
1765579792997,CH1,POWER,3.30
1765579793005,CH1,POWER,3.30
1765579793009,CH1,POWER,3.30
1765579793014,CH1,POWER,3.30
1765579793019,CH1,POWER,3.30
1765579793025,CH1,POWER,3.30
1765579793029,CH1,POWER,3.30
1765579793034,CH1,POWER,3.30
1765579793039,CH1,POWER,3.30
1765579793044,CH1,POWER,3.30
1765579793049,CH1,POWER,3.30
1765579793055,CH1,POWER,3.30
1765579793060,CH1,POWER,3.30
1765579793064,CH1,POWER,3.30
1765579793070,CH1,POWER,3.30
1765579793074,CH1,POWER,3.30
1765579793078,CH1,POWER,3.30
1765579793082,CH1,POWER,3.30
1765579793087,CH1,POWER,3.30
1765579793092,CH1,POWER,3.30
1765579793097,CH1,POWER,3.30
1765579793101,CH1,POWER,3.30
1765579793106,CH1,POWER,3.30
1765579793110,CH1,POWER,3.30
1765579793117,CH1,POWER,3.30
1765579793125,CH1,POWER,3.30
1765579793130,CH1,POWER,3.30
1765579793137,CH1,POWER,3.30
1765579793145,CH1,POWER,3.30
1765579793151,CH1,POWER,3.30
1765579793156,CH1,POWER,3.30
1765579793161,CH1,POWER,3.30
1765579793166,CH1,POWER,3.30
1765579793171,CH1,POWER,3.30
1765579793177,CH1,POWER,3.30
1765579793185,CH1,POWER,3.30
1765579793190,CH1,POWER,3.30
1765579793196,CH1,POWER,3.30
1765579793201,CH1,POWER,3.30
1765579793207,CH1,POWER,3.30
1765579793212,CH1,POWER,3.30
1765579793217,CH1,POWER,3.30
1765579793225,CH1,POWER,3.30
1765579793229,CH1,POWER,3.30
1765579793233,CH1,POWER,3.30
1765579793238,CH1,POWER,3.30
1765579793245,CH1,POWER,3.30
1765579793249,CH1,POWER,3.30
1765579793254,CH1,POWER,3.30
1765579793258,CH1,POWER,3.30
1765579793260,CH1,POWER,3.50
1765579793288,CH1,POWER,3.50
1765579793293,CH1,POWER,3.50
1765579793298,CH1,POWER,3.50
1765579793304,CH1,POWER,3.50
1765579793309,CH1,POWER,3.50
1765579793317,CH1,POWER,3.50
1765579793322,CH1,POWER,3.50
1765579793328,CH1,POWER,3.50
1765579793333,CH1,POWER,3.50
1765579793338,CH1,POWER,3.50
1765579793342,CH1,POWER,3.50
1765579793348,CH1,POWER,3.50
1765579793353,CH1,POWER,3.50
1765579793358,CH1,POWER,3.50
1765579793362,CH1,POWER,3.50
1765579793369,CH1,POWER,3.50
1765579793373,CH1,POWER,3.50
1765579793378,CH1,POWER,3.50
1765579793383,CH1,POWER,3.50
1765579793388,CH1,POWER,3.50
1765579793392,CH1,POWER,3.50
1765579793399,CH1,POWER,3.50
1765579793404,CH1,POWER,3.50
1765579793409,CH1,POWER,3.50
1765579793413,CH1,POWER,3.50
1765579793418,CH1,POWER,3.50
1765579793423,CH1,POWER,3.50
1765579793429,CH1,POWER,3.50
1765579793434,CH1,POWER,3.50
1765579793439,CH1,POWER,3.50
1765579793444,CH1,POWER,3.50
1765579793449,CH1,POWER,3.50
1765579793454,CH1,POWER,3.50
1765579793459,CH1,POWER,3.50
1765579793463,CH1,POWER,3.50
1765579793468,CH1,POWER,3.50
1765579793472,CH1,POWER,3.50
1765579793479,CH1,POWER,3.50
1765579793484,CH1,POWER,3.50
1765579793489,CH1,POWER,3.50
1765579793493,CH1,POWER,3.50
1765579793498,CH1,POWER,3.50
1765579793502,CH1,POWER,3.50
1765579793509,CH1,POWER,3.50
1765579793514,CH1,POWER,3.50
1765579793519,CH1,POWER,3.50
1765579793524,CH1,POWER,3.50
1765579793529,CH1,POWER,3.50
1765579793533,CH1,POWER,3.50
1765579793538,CH1,POWER,3.50
1765579793542,CH1,POWER,3.50
1765579793549,CH1,POWER,3.50
1765579793553,CH1,POWER,3.50
1765579793558,CH1,POWER,3.50
1765579793562,CH1,POWER,3.50
1765579793569,CH1,POWER,3.50
1765579793577,CH1,POWER,3.50
1765579793583,CH1,POWER,3.50
1765579793588,CH1,POWER,3.50
1765579793592,CH1,POWER,3.50
1765579793598,CH1,POWER,3.50
1765579793602,CH1,POWER,3.50
1765579793606,CH1,POWER,3.50
1765579793611,CH1,POWER,3.50
1765579793616,CH1,POWER,3.50
1765579793621,CH1,POWER,3.50
1765579793628,CH1,POWER,3.50
1765579793633,CH1,POWER,3.50
1765579793639,CH1,POWER,3.50
1765579793644,CH1,POWER,3.50
1765579793649,CH1,POWER,3.50
1765579793651,CH1,POWER,3.25
1765579793676,CH1,POWER,3.25
1765579793681,CH1,POWER,3.25
1765579793686,CH1,POWER,3.25
1765579793691,CH1,POWER,3.25
1765579793696,CH1,POWER,3.25
1765579793701,CH1,POWER,3.25
1765579793705,CH1,POWER,3.25
1765579793709,CH1,POWER,3.25
1765579793714,CH1,POWER,3.25
1765579793721,CH1,POWER,3.25
1765579793726,CH1,POWER,3.25
1765579793731,CH1,POWER,3.25
1765579793735,CH1,POWER,3.25
1765579793740,CH1,POWER,3.25
1765579793746,CH1,POWER,3.25
1765579793751,CH1,POWER,3.25
1765579793756,CH1,POWER,3.25
1765579793761,CH1,POWER,3.25
1765579793769,CH1,POWER,3.25
1765579793775,CH1,POWER,3.25
1765579793780,CH1,POWER,3.25
1765579793785,CH1,POWER,3.25
1765579793791,CH1,POWER,3.25
1765579793796,CH1,POWER,3.25
1765579793801,CH1,POWER,3.25
1765579793808,CH1,POWER,3.25
1765579793813,CH1,POWER,3.25
1765579793818,CH1,POWER,3.25
1765579793822,CH1,POWER,3.25
1765579793829,CH1,POWER,3.25
1765579793834,CH1,POWER,3.25
1765579793841,CH1,POWER,3.25
1765579793846,CH1,POWER,3.25
1765579793851,CH1,POWER,3.25
1765579793856,CH1,POWER,3.25
1765579793861,CH1,POWER,3.25
1765579793865,CH1,POWER,3.25
1765579793871,CH1,POWER,3.25
1765579793875,CH1,POWER,3.25
1765579793880,CH1,POWER,3.25
1765579793885,CH1,POWER,3.25
1765579793891,CH1,POWER,3.25
1765579793896,CH1,POWER,3.25
1765579793901,CH1,POWER,3.25
1765579793909,CH1,POWER,3.25
1765579793915,CH1,POWER,3.25
1765579793920,CH1,POWER,3.25
1765579793926,CH1,POWER,3.25
1765579793931,CH1,POWER,3.25
1765579793936,CH1,POWER,3.25
1765579793941,CH1,POWER,3.25
1765579793946,CH1,POWER,3.25
1765579793951,CH1,POWER,3.25
1765579793956,CH1,POWER,3.25
1765579793961,CH1,POWER,3.25
1765579793966,CH1,POWER,3.25
1765579793971,CH1,POWER,3.25
1765579793976,CH1,POWER,3.25
1765579793981,CH1,POWER,3.25
1765579793986,CH1,POWER,3.25
1765579793991,CH1,POWER,3.25
1765579793996,CH1,POWER,3.25
1765579794001,CH1,POWER,3.25
1765579794006,CH1,POWER,3.25
1765579794011,CH1,POWER,3.25
1765579794019,CH1,POWER,3.25
1765579794023,CH1,POWER,3.25
1765579794031,CH1,POWER,3.25
1765579794036,CH1,POWER,3.25
1765579794041,CH1,POWER,3.25
1765579794044,CH1,POWER,3.25
1765579794072,CH1,POWER,3.25
1765579794077,CH1,POWER,3.25
1765579794082,CH1,POWER,3.25
1765579794086,CH1,POWER,3.25
1765579794093,CH1,POWER,3.25
1765579794101,CH1,POWER,3.25
1765579794106,CH1,POWER,3.25
1765579794113,CH1,POWER,3.25
1765579794121,CH1,POWER,3.25
1765579794126,CH1,POWER,3.25
1765579794133,CH1,POWER,3.25
1765579794138,CH1,POWER,3.25
1765579794143,CH1,POWER,3.25
1765579794148,CH1,POWER,3.25
1765579794153,CH1,POWER,3.25
1765579794161,CH1,POWER,3.25
1765579794166,CH1,POWER,3.25
1765579794172,CH1,POWER,3.25
1765579794177,CH1,POWER,3.25
1765579794183,CH1,POWER,3.25
1765579794188,CH1,POWER,3.25
1765579794193,CH1,POWER,3.25
1765579794198,CH1,POWER,3.25
1765579794203,CH1,POWER,3.25
1765579794208,CH1,POWER,3.25
1765579794213,CH1,POWER,3.25
1765579794221,CH1,POWER,3.25
1765579794225,CH1,POWER,3.25
1765579794230,CH1,POWER,3.25
1765579794234,CH1,POWER,3.25
1765579794241,CH1,POWER,3.25
1765579794246,CH1,POWER,3.25
1765579794253,CH1,POWER,3.25
1765579794257,CH1,POWER,3.25
1765579794261,CH1,POWER,3.25
1765579794266,CH1,POWER,3.25
1765579794271,CH1,POWER,3.25
1765579794276,CH1,POWER,3.25
1765579794282,CH1,POWER,3.25
1765579794287,CH1,POWER,3.25
1765579794293,CH1,POWER,3.25
1765579794301,CH1,POWER,3.25
1765579794306,CH1,POWER,3.25
1765579794313,CH1,POWER,3.25
1765579794321,CH1,POWER,3.25
1765579794326,CH1,POWER,3.25
1765579794333,CH1,POWER,3.25
1765579794338,CH1,POWER,3.25
1765579794343,CH1,POWER,3.25
1765579794348,CH1,POWER,3.25
1765579794352,CH1,POWER,3.25
1765579794357,CH1,POWER,3.25
1765579794361,CH1,POWER,3.25
1765579794366,CH1,POWER,3.25
1765579794373,CH1,POWER,3.25
1765579794378,CH1,POWER,3.25
1765579794383,CH1,POWER,3.25
1765579794388,CH1,POWER,3.25
1765579794393,CH1,POWER,3.25
1765579794401,CH1,POWER,3.25
1765579794406,CH1,POWER,3.25
1765579794412,CH1,POWER,3.25
1765579794417,CH1,POWER,3.25
1765579794423,CH1,POWER,3.25
1765579794430,CH1,POWER,3.25
1765579794433,CH1,POWER,3.25
1765579794436,CH1,POWER,3.25
1765579794462,CH1,POWER,3.25
1765579794467,CH1,POWER,3.25
1765579794472,CH1,POWER,3.25
1765579794478,CH1,POWER,3.25
1765579794485,CH1,POWER,3.25
1765579794490,CH1,POWER,3.25
1765579794495,CH1,POWER,3.25
1765579794503,CH1,POWER,3.25
1765579794508,CH1,POWER,3.25
1765579794515,CH1,POWER,3.25
1765579794520,CH1,POWER,3.25
1765579794525,CH1,POWER,3.25
1765579794530,CH1,POWER,3.25
1765579794535,CH1,POWER,3.25
1765579794543,CH1,POWER,3.25
1765579794548,CH1,POWER,3.25
1765579794554,CH1,POWER,3.25
1765579794559,CH1,POWER,3.25
1765579794564,CH1,POWER,3.25
1765579794569,CH1,POWER,3.25
1765579794575,CH1,POWER,3.25
1765579794580,CH1,POWER,3.25
1765579794584,CH1,POWER,3.25
1765579794589,CH1,POWER,3.25
1765579794594,CH1,POWER,3.25
1765579794600,CH1,POWER,3.25
1765579794605,CH1,POWER,3.25
1765579794610,CH1,POWER,3.25
1765579794614,CH1,POWER,3.25
1765579794619,CH1,POWER,3.25
1765579794623,CH1,POWER,3.25
1765579794628,CH1,POWER,3.25
1765579794635,CH1,POWER,3.25
1765579794643,CH1,POWER,3.25
1765579794648,CH1,POWER,3.25
1765579794655,CH1,POWER,3.25
1765579794663,CH1,POWER,3.25
1765579794668,CH1,POWER,3.25
1765579794675,CH1,POWER,3.25
1765579794680,CH1,POWER,3.25
1765579794685,CH1,POWER,3.25
1765579794690,CH1,POWER,3.25
1765579794695,CH1,POWER,3.25
1765579794703,CH1,POWER,3.25
1765579794708,CH1,POWER,3.25
1765579794714,CH1,POWER,3.25
1765579794719,CH1,POWER,3.25
1765579794725,CH1,POWER,3.25
1765579794730,CH1,POWER,3.25
1765579794735,CH1,POWER,3.25
1765579794740,CH1,POWER,3.25
1765579794745,CH1,POWER,3.25
1765579794750,CH1,POWER,3.25
1765579794755,CH1,POWER,3.25
1765579794760,CH1,POWER,3.25
1765579794765,CH1,POWER,3.25
1765579794771,CH1,POWER,3.25
1765579794776,CH1,POWER,3.25
1765579794783,CH1,POWER,3.25
1765579794789,CH1,POWER,3.25
1765579794794,CH1,POWER,3.25
1765579794800,CH1,POWER,3.25
1765579794805,CH1,POWER,3.25
1765579794813,CH1,POWER,3.25
1765579794817,CH1,POWER,2.90
1765579794842,CH1,POWER,2.90
1765579794847,CH1,POWER,2.90
1765579794852,CH1,POWER,2.90
1765579794856,CH1,POWER,2.90
1765579794860,CH1,POWER,2.90
1765579794866,CH1,POWER,2.90
1765579794871,CH1,POWER,2.90
1765579794876,CH1,POWER,2.90
1765579794882,CH1,POWER,2.90
1765579794887,CH1,POWER,2.90
1765579794892,CH1,POWER,2.90
1765579794897,CH1,POWER,2.90
1765579794902,CH1,POWER,2.90
1765579794906,CH1,POWER,2.90
1765579794911,CH1,POWER,2.90
1765579794917,CH1,POWER,2.90
1765579794922,CH1,POWER,2.90
1765579794927,CH1,POWER,2.90
1765579794932,CH1,POWER,2.90
1765579794937,CH1,POWER,2.90
1765579794942,CH1,POWER,2.90
1765579794946,CH1,POWER,2.90
1765579794951,CH1,POWER,2.90
1765579794955,CH1,POWER,2.90
1765579794960,CH1,POWER,2.90
1765579794967,CH1,POWER,2.90
1765579794972,CH1,POWER,2.90
1765579794977,CH1,POWER,2.90
1765579794982,CH1,POWER,2.90
1765579794986,CH1,POWER,2.90
1765579794990,CH1,POWER,2.90
1765579794997,CH1,POWER,2.90
1765579795002,CH1,POWER,2.90
1765579795006,CH1,POWER,2.90
1765579795011,CH1,POWER,2.90
1765579795015,CH1,POWER,2.90
1765579795019,CH1,POWER,2.90
1765579795024,CH1,POWER,2.90
1765579795029,CH1,POWER,2.90
1765579795033,CH1,POWER,2.90
1765579795038,CH1,POWER,2.90
1765579795045,CH1,POWER,2.90
1765579795050,CH1,POWER,2.90
1765579795056,CH1,POWER,2.90
1765579795062,CH1,POWER,2.90
1765579795067,CH1,POWER,2.90
1765579795072,CH1,POWER,2.90
1765579795077,CH1,POWER,2.90
1765579795085,CH1,POWER,2.90
1765579795090,CH1,POWER,2.90
1765579795097,CH1,POWER,2.90
1765579795102,CH1,POWER,2.90
1765579795107,CH1,POWER,2.90
1765579795115,CH1,POWER,2.90
1765579795120,CH1,POWER,2.90
1765579795127,CH1,POWER,2.90
1765579795135,CH1,POWER,2.90
1765579795140,CH1,POWER,2.90
1765579795147,CH1,POWER,2.90
1765579795152,CH1,POWER,2.90
1765579795157,CH1,POWER,2.90
1765579795162,CH1,POWER,2.90
1765579795166,CH1,POWER,2.90
1765579795171,CH1,POWER,2.90
1765579795176,CH1,POWER,2.90
1765579795182,CH1,POWER,2.90
1765579795187,CH1,POWER,2.90
1765579795192,CH1,POWER,2.90
1765579795197,CH1,POWER,2.90
1765579795202,CH1,POWER,2.90
1765579795206,CH1,POWER,2.90
1765579795211,CH1,POWER,2.90
1765579795214,CH1,POWER,2.90
1765579795217,CH1,POWER,2.90
1765579795219,CH1,POWER,2.90
1765579795246,CH1,POWER,2.90
1765579795251,CH1,POWER,2.90
1765579795255,CH1,POWER,2.90
1765579795260,CH1,POWER,2.90
1765579795266,CH1,POWER,2.90
1765579795271,CH1,POWER,2.90
1765579795275,CH1,POWER,2.90
1765579795279,CH1,POWER,2.90
1765579795284,CH1,POWER,2.90
1765579795289,CH1,POWER,2.90
1765579795294,CH1,POWER,2.90
1765579795299,CH1,POWER,2.90
1765579795304,CH1,POWER,2.90
1765579795309,CH1,POWER,2.90
1765579795314,CH1,POWER,2.90
1765579795318,CH1,POWER,2.90
1765579795322,CH1,POWER,2.90
1765579795329,CH1,POWER,2.90
1765579795334,CH1,POWER,2.90
1765579795339,CH1,POWER,2.90
1765579795344,CH1,POWER,2.90
1765579795349,CH1,POWER,2.90
1765579795354,CH1,POWER,2.90
1765579795358,CH1,POWER,2.90
1765579795362,CH1,POWER,2.90
1765579795368,CH1,POWER,2.90
1765579795372,CH1,POWER,2.90
1765579795378,CH1,POWER,2.90
1765579795384,CH1,POWER,2.90
1765579795388,CH1,POWER,2.90
1765579795392,CH1,POWER,2.90
1765579795398,CH1,POWER,2.90
1765579795404,CH1,POWER,2.90
1765579795408,CH1,POWER,2.90
1765579795413,CH1,POWER,2.90
1765579795418,CH1,POWER,2.90
1765579795424,CH1,POWER,2.90
1765579795429,CH1,POWER,2.90
1765579795434,CH1,POWER,2.90
1765579795438,CH1,POWER,2.90
1765579795443,CH1,POWER,2.90
1765579795448,CH1,POWER,2.90
1765579795454,CH1,POWER,2.90
1765579795459,CH1,POWER,2.90
1765579795464,CH1,POWER,2.90
1765579795469,CH1,POWER,2.90
1765579795474,CH1,POWER,2.90
1765579795478,CH1,POWER,2.90
1765579795483,CH1,POWER,2.90
1765579795487,CH1,POWER,2.90
1765579795491,CH1,POWER,2.90
1765579795499,CH1,POWER,2.90
1765579795504,CH1,POWER,2.90
1765579795508,CH1,POWER,2.90
1765579795512,CH1,POWER,2.90
1765579795518,CH1,POWER,2.90
1765579795523,CH1,POWER,2.90
1765579795527,CH1,POWER,2.90
1765579795531,CH1,POWER,2.90
1765579795536,CH1,POWER,2.90
1765579795541,CH1,POWER,2.90
1765579795545,CH1,POWER,2.90
1765579795550,CH1,POWER,2.90
1765579795557,CH1,POWER,2.90
1765579795562,CH1,POWER,2.90
1765579795568,CH1,POWER,2.90
1765579795573,CH1,POWER,2.90
1765579795578,CH1,POWER,2.90
1765579795582,CH1,POWER,2.90
1765579795588,CH1,POWER,2.90
1765579795593,CH1,POWER,2.90
1765579795597,CH1,POWER,2.90
1765579795602,CH1,POWER,2.90
1765579795607,CH1,POWER,2.90
1765579795610,CH1,POWER,3.25
1765579795613,CH1,POWER,3.25
1765579795640,CH1,POWER,3.25
1765579795645,CH1,POWER,3.25
1765579795649,CH1,POWER,3.25
1765579795656,CH1,POWER,3.25
1765579795661,CH1,POWER,3.25
1765579795666,CH1,POWER,3.25
1765579795671,CH1,POWER,3.25
1765579795676,CH1,POWER,3.25
1765579795680,CH1,POWER,3.25
1765579795686,CH1,POWER,3.25
1765579795691,CH1,POWER,3.25
1765579795696,CH1,POWER,3.25
1765579795701,CH1,POWER,3.25
1765579795706,CH1,POWER,3.25
1765579795711,CH1,POWER,3.25
1765579795719,CH1,POWER,3.25
1765579795723,CH1,POWER,3.25
1765579795728,CH1,POWER,3.25
1765579795732,CH1,POWER,3.25
1765579795737,CH1,POWER,3.25
1765579795742,CH1,POWER,3.25
1765579795749,CH1,POWER,3.25
1765579795754,CH1,POWER,3.25
1765579795760,CH1,POWER,3.25
1765579795765,CH1,POWER,3.25
1765579795769,CH1,POWER,3.25
1765579795773,CH1,POWER,3.25
1765579795777,CH1,POWER,3.25
1765579795782,CH1,POWER,3.25
1765579795789,CH1,POWER,3.25
1765579795794,CH1,POWER,3.25
1765579795800,CH1,POWER,3.25
1765579795805,CH1,POWER,3.25
1765579795809,CH1,POWER,3.25
1765579795816,CH1,POWER,3.25
1765579795820,CH1,POWER,3.25
1765579795824,CH1,POWER,3.25
1765579795831,CH1,POWER,3.25
1765579795836,CH1,POWER,3.25
1765579795841,CH1,POWER,3.25
1765579795849,CH1,POWER,3.25
1765579795853,CH1,POWER,3.25
1765579795861,CH1,POWER,3.25
1765579795869,CH1,POWER,3.25
1765579795874,CH1,POWER,3.25
1765579795880,CH1,POWER,3.25
1765579795885,CH1,POWER,3.25
1765579795889,CH1,POWER,3.25
1765579795896,CH1,POWER,3.25
1765579795901,CH1,POWER,3.25
1765579795906,CH1,POWER,3.25
1765579795910,CH1,POWER,3.25
1765579795918,CH1,POWER,3.25
1765579795922,CH1,POWER,3.25
1765579795929,CH1,POWER,3.25
1765579795933,CH1,POWER,3.25
1765579795940,CH1,POWER,3.25
1765579795945,CH1,POWER,3.25
1765579795950,CH1,POWER,3.25
1765579795955,CH1,POWER,3.25
1765579795960,CH1,POWER,3.25
1765579795965,CH1,POWER,3.25
1765579795971,CH1,POWER,3.25
1765579795976,CH1,POWER,3.25
1765579795980,CH1,POWER,3.25
1765579795985,CH1,POWER,3.25
1765579795990,CH1,POWER,3.25
1765579795995,CH1,POWER,3.25
1765579796023,CH1,POWER,3.50
1765579796028,CH1,POWER,3.50
1765579796032,CH1,POWER,3.50
1765579796036,CH1,POWER,3.50
1765579796043,CH1,POWER,3.50
1765579796048,CH1,POWER,3.50
1765579796053,CH1,POWER,3.50
1765579796058,CH1,POWER,3.50
1765579796063,CH1,POWER,3.50
1765579796070,CH1,POWER,3.50
1765579796074,CH1,POWER,3.50
1765579796080,CH1,POWER,3.50
1765579796084,CH1,POWER,3.50
1765579796091,CH1,POWER,3.50
1765579796096,CH1,POWER,3.50
1765579796102,CH1,POWER,3.50
1765579796111,CH1,POWER,3.50
1765579796116,CH1,POWER,3.50
1765579796122,CH1,POWER,3.50
1765579796126,CH1,POWER,3.50
1765579796132,CH1,POWER,3.50
1765579796136,CH1,POWER,3.50
1765579796142,CH1,POWER,3.50
1765579796147,CH1,POWER,3.50
1765579796152,CH1,POWER,3.50
1765579796156,CH1,POWER,3.50
1765579796162,CH1,POWER,3.50
1765579796166,CH1,POWER,3.50
1765579796172,CH1,POWER,3.50
1765579796177,CH1,POWER,3.50
1765579796183,CH1,POWER,3.50
1765579796188,CH1,POWER,3.50
1765579796192,CH1,POWER,3.50
1765579796196,CH1,POWER,3.50
1765579796202,CH1,POWER,3.50
1765579796206,CH1,POWER,3.50
1765579796213,CH1,POWER,3.50
1765579796218,CH1,POWER,3.50
1765579796223,CH1,POWER,3.50
1765579796228,CH1,POWER,3.50
1765579796232,CH1,POWER,3.50
1765579796236,CH1,POWER,3.50
1765579796243,CH1,POWER,3.50
1765579796248,CH1,POWER,3.50
1765579796253,CH1,POWER,3.50
1765579796258,CH1,POWER,3.50
1765579796262,CH1,POWER,3.50
1765579796266,CH1,POWER,3.50
1765579796271,CH1,POWER,3.50
1765579796276,CH1,POWER,3.50
1765579796283,CH1,POWER,3.50
1765579796288,CH1,POWER,3.50
1765579796293,CH1,POWER,3.50
1765579796298,CH1,POWER,3.50
1765579796302,CH1,POWER,3.50
1765579796311,CH1,POWER,3.50
1765579796316,CH1,POWER,3.50
1765579796323,CH1,POWER,3.50
1765579796328,CH1,POWER,3.50
1765579796333,CH1,POWER,3.50
1765579796338,CH1,POWER,3.50
1765579796342,CH1,POWER,3.50
1765579796347,CH1,POWER,3.50
1765579796352,CH1,POWER,3.50
1765579796356,CH1,POWER,3.50
1765579796362,CH1,POWER,3.50
1765579796366,CH1,POWER,3.50
1765579796372,CH1,POWER,3.50
1765579796378,CH1,POWER,3.50
1765579796382,CH1,POWER,3.50
1765579796386,CH1,POWER,3.50
1765579796390,CH1,POWER,3.25
1765579796393,CH1,POWER,3.25
1765579796396,CH1,POWER,3.25
1765579796422,CH1,POWER,3.25
1765579796427,CH1,POWER,3.25
1765579796431,CH1,POWER,3.25
1765579796435,CH1,POWER,3.25
1765579796442,CH1,POWER,3.25
1765579796446,CH1,POWER,3.25
1765579796455,CH1,POWER,3.25
1765579796460,CH1,POWER,3.25
1765579796465,CH1,POWER,3.25
1765579796470,CH1,POWER,3.25
1765579796474,CH1,POWER,3.25
1765579796479,CH1,POWER,3.25
1765579796484,CH1,POWER,3.25
1765579796488,CH1,POWER,3.25
1765579796494,CH1,POWER,3.25
1765579796500,CH1,POWER,3.25
1765579796504,CH1,POWER,3.25
1765579796508,CH1,POWER,3.25
1765579796514,CH1,POWER,3.25
1765579796518,CH1,POWER,3.25
1765579796524,CH1,POWER,3.25
1765579796528,CH1,POWER,3.25
1765579796534,CH1,POWER,3.25
1765579796538,CH1,POWER,3.25
1765579796544,CH1,POWER,3.25
1765579796549,CH1,POWER,3.25
1765579796554,CH1,POWER,3.25
1765579796562,CH1,POWER,3.25
1765579796567,CH1,POWER,3.25
1765579796574,CH1,POWER,3.25
1765579796578,CH1,POWER,3.25
1765579796585,CH1,POWER,3.25
1765579796590,CH1,POWER,3.25
1765579796595,CH1,POWER,3.25
1765579796600,CH1,POWER,3.25
1765579796604,CH1,POWER,3.25
1765579796610,CH1,POWER,3.25
1765579796614,CH1,POWER,3.25
1765579796618,CH1,POWER,3.25
1765579796624,CH1,POWER,3.25
1765579796628,CH1,POWER,3.25
1765579796635,CH1,POWER,3.25
1765579796640,CH1,POWER,3.25
1765579796644,CH1,POWER,3.25
1765579796648,CH1,POWER,3.25
1765579796654,CH1,POWER,3.25
1765579796658,CH1,POWER,3.25
1765579796665,CH1,POWER,3.25
1765579796670,CH1,POWER,3.25
1765579796674,CH1,POWER,3.25
1765579796678,CH1,POWER,3.25
1765579796684,CH1,POWER,3.25
1765579796693,CH1,POWER,3.25
1765579796698,CH1,POWER,3.25
1765579796704,CH1,POWER,3.25
1765579796709,CH1,POWER,3.25
1765579796713,CH1,POWER,3.25
1765579796717,CH1,POWER,3.25
1765579796725,CH1,POWER,3.25
1765579796730,CH1,POWER,3.25
1765579796735,CH1,POWER,3.25
1765579796740,CH1,POWER,3.25
1765579796744,CH1,POWER,3.25
1765579796749,CH1,POWER,3.25
1765579796754,CH1,POWER,3.25
1765579796758,CH1,POWER,3.25
1765579796764,CH1,POWER,3.25
1765579796768,CH1,POWER,3.25
1765579796773,CH1,POWER,3.25
1765579796779,CH1,POWER,3.25
1765579796783,CH1,POWER,3.25
1765579796787,CH1,POWER,3.25
1765579796791,CH1,POWER,3.25
1765579796795,CH1,POWER,3.25
1765579796798,CH1,POWER,3.25
1765579796824,CH1,POWER,3.25
1765579796828,CH1,POWER,3.25
1765579796834,CH1,POWER,3.25
1765579796840,CH1,POWER,3.25
1765579796847,CH1,POWER,3.25
1765579796852,CH1,POWER,3.25
1765579796856,CH1,POWER,3.25
1765579796860,CH1,POWER,3.25
1765579796867,CH1,POWER,3.25
1765579796872,CH1,POWER,3.25
1765579796877,CH1,POWER,3.25
1765579796882,CH1,POWER,3.25
1765579796886,CH1,POWER,3.25
1765579796890,CH1,POWER,3.25
1765579796895,CH1,POWER,3.25
1765579796900,CH1,POWER,3.25
1765579796906,CH1,POWER,3.25
1765579796910,CH1,POWER,3.25
1765579796916,CH1,POWER,3.25
1765579796920,CH1,POWER,3.25
1765579796925,CH1,POWER,3.25
1765579796929,CH1,POWER,3.25
1765579796936,CH1,POWER,3.25
1765579796940,CH1,POWER,3.25
1765579796946,CH1,POWER,3.25
1765579796950,CH1,POWER,3.25
1765579796956,CH1,POWER,3.25
1765579796960,CH1,POWER,3.25
1765579796967,CH1,POWER,3.25
1765579796972,CH1,POWER,3.25
1765579796976,CH1,POWER,3.25
1765579796980,CH1,POWER,3.25
1765579796987,CH1,POWER,3.25
1765579796992,CH1,POWER,3.25
1765579796996,CH1,POWER,3.25
1765579797002,CH1,POWER,3.25
1765579797006,CH1,POWER,3.25
1765579797011,CH1,POWER,3.25
1765579797015,CH1,POWER,3.25
1765579797022,CH1,POWER,3.25
1765579797027,CH1,POWER,3.25
1765579797032,CH1,POWER,3.25
1765579797036,CH1,POWER,3.25
1765579797041,CH1,POWER,3.25
1765579797045,CH1,POWER,3.25
1765579797052,CH1,POWER,3.25
1765579797056,CH1,POWER,3.25
1765579797064,CH1,POWER,3.25
1765579797070,CH1,POWER,3.25
1765579797075,CH1,POWER,3.25
1765579797080,CH1,POWER,3.25
1765579797085,CH1,POWER,3.25
1765579797089,CH1,POWER,3.25
1765579797093,CH1,POWER,3.25
1765579797098,CH1,POWER,3.25
1765579797105,CH1,POWER,3.25
1765579797109,CH1,POWER,3.25
1765579797116,CH1,POWER,3.25
1765579797125,CH1,POWER,3.25
1765579797129,CH1,POWER,3.25
1765579797136,CH1,POWER,3.25
1765579797140,CH1,POWER,3.25
1765579797146,CH1,POWER,3.25
1765579797150,CH1,POWER,3.25
1765579797156,CH1,POWER,3.25
1765579797160,CH1,POWER,3.25
1765579797166,CH1,POWER,3.25
1765579797170,CH1,POWER,3.25
1765579797176,CH1,POWER,3.25
1765579797180,CH1,POWER,3.25
1765579797186,CH1,POWER,3.25
1765579797189,CH1,POWER,3.45
1765579797216,CH1,POWER,3.45
1765579797220,CH1,POWER,3.45
1765579797226,CH1,POWER,3.45
1765579797230,CH1,POWER,3.45
1765579797236,CH1,POWER,3.45
1765579797242,CH1,POWER,3.45
1765579797249,CH1,POWER,3.45
1765579797254,CH1,POWER,3.45
1765579797259,CH1,POWER,3.45
1765579797264,CH1,POWER,3.45
1765579797268,CH1,POWER,3.45
1765579797272,CH1,POWER,3.45
1765579797279,CH1,POWER,3.45
1765579797284,CH1,POWER,3.45
1765579797288,CH1,POWER,3.45
1765579797292,CH1,POWER,3.45
1765579797298,CH1,POWER,3.45
1765579797302,CH1,POWER,3.45
1765579797309,CH1,POWER,3.45
1765579797314,CH1,POWER,3.45
1765579797318,CH1,POWER,3.45
1765579797324,CH1,POWER,3.45
1765579797329,CH1,POWER,3.45
1765579797334,CH1,POWER,3.45
1765579797338,CH1,POWER,3.45
1765579797342,CH1,POWER,3.45
1765579797348,CH1,POWER,3.45
1765579797352,CH1,POWER,3.45
1765579797359,CH1,POWER,3.45
1765579797364,CH1,POWER,3.45
1765579797368,CH1,POWER,3.45
1765579797374,CH1,POWER,3.45
1765579797378,CH1,POWER,3.45
1765579797382,CH1,POWER,3.45
1765579797388,CH1,POWER,3.45
1765579797394,CH1,POWER,3.45
1765579797398,CH1,POWER,3.45
1765579797404,CH1,POWER,3.45
1765579797408,CH1,POWER,3.45
1765579797414,CH1,POWER,3.45
1765579797418,CH1,POWER,3.45
1765579797422,CH1,POWER,3.45
1765579797429,CH1,POWER,3.45
1765579797434,CH1,POWER,3.45
1765579797439,CH1,POWER,3.45
1765579797444,CH1,POWER,3.45
1765579797448,CH1,POWER,3.45
1765579797452,CH1,POWER,3.45
1765579797457,CH1,POWER,3.45
1765579797464,CH1,POWER,3.45
1765579797468,CH1,POWER,3.45
1765579797472,CH1,POWER,3.45
1765579797479,CH1,POWER,3.45
1765579797484,CH1,POWER,3.45
1765579797488,CH1,POWER,3.45
1765579797492,CH1,POWER,3.45
1765579797498,CH1,POWER,3.45
1765579797502,CH1,POWER,3.45
1765579797508,CH1,POWER,3.45
1765579797517,CH1,POWER,3.45
1765579797521,CH1,POWER,3.45
1765579797528,CH1,POWER,3.45
1765579797534,CH1,POWER,3.45
1765579797539,CH1,POWER,3.45
1765579797544,CH1,POWER,3.45
1765579797549,CH1,POWER,3.45
1765579797554,CH1,POWER,3.45
1765579797558,CH1,POWER,3.45
1765579797562,CH1,POWER,3.45
1765579797567,CH1,POWER,3.45
1765579797574,CH1,POWER,3.45
1765579797578,CH1,POWER,3.45
1765579797581,CH1,POWER,3.55
1765579797607,CH1,POWER,3.55
1765579797612,CH1,POWER,3.55
1765579797620,CH1,POWER,3.55
1765579797626,CH1,POWER,3.55
1765579797630,CH1,POWER,3.55
1765579797634,CH1,POWER,3.55
1765579797640,CH1,POWER,3.55
1765579797646,CH1,POWER,3.55
1765579797650,CH1,POWER,3.55
1765579797656,CH1,POWER,3.55
1765579797660,CH1,POWER,3.55
1765579797664,CH1,POWER,3.55
1765579797669,CH1,POWER,3.55
1765579797676,CH1,POWER,3.55
1765579797680,CH1,POWER,3.55
1765579797686,CH1,POWER,3.55
1765579797690,CH1,POWER,3.55
1765579797694,CH1,POWER,3.55
1765579797699,CH1,POWER,3.55
1765579797706,CH1,POWER,3.55
1765579797710,CH1,POWER,3.55
1765579797716,CH1,POWER,3.55
1765579797720,CH1,POWER,3.55
1765579797724,CH1,POWER,3.55
1765579797729,CH1,POWER,3.55
1765579797736,CH1,POWER,3.55
1765579797740,CH1,POWER,3.55
1765579797746,CH1,POWER,3.55
1765579797750,CH1,POWER,3.55
1765579797754,CH1,POWER,3.55
1765579797759,CH1,POWER,3.55
1765579797764,CH1,POWER,3.55
1765579797770,CH1,POWER,3.55
1765579797774,CH1,POWER,3.55
1765579797780,CH1,POWER,3.55
1765579797788,CH1,POWER,3.55
1765579797794,CH1,POWER,3.55
1765579797799,CH1,POWER,3.55
1765579797804,CH1,POWER,3.55
1765579797810,CH1,POWER,3.55
1765579797816,CH1,POWER,3.55
1765579797820,CH1,POWER,3.55
1765579797824,CH1,POWER,3.55
1765579797830,CH1,POWER,3.55
1765579797836,CH1,POWER,3.55
1765579797840,CH1,POWER,3.55
1765579797844,CH1,POWER,3.55
1765579797849,CH1,POWER,3.55
1765579797854,CH1,POWER,3.55
1765579797860,CH1,POWER,3.55
1765579797868,CH1,POWER,3.55
1765579797873,CH1,POWER,3.55
1765579797877,CH1,POWER,3.55
1765579797882,CH1,POWER,3.55
1765579797890,CH1,POWER,3.55
1765579797896,CH1,POWER,3.55
1765579797900,CH1,POWER,3.55
1765579797904,CH1,POWER,3.55
1765579797910,CH1,POWER,3.55
1765579797916,CH1,POWER,3.55
1765579797920,CH1,POWER,3.55
1765579797926,CH1,POWER,3.55
1765579797930,CH1,POWER,3.55
1765579797934,CH1,POWER,3.55
1765579797939,CH1,POWER,3.55
1765579797943,CH1,POWER,3.55
1765579797950,CH1,POWER,3.55
1765579797958,CH1,POWER,3.55
1765579797963,CH1,POWER,3.55
1765579797968,CH1,POWER,3.60
1765579797971,CH1,POWER,3.60
1765579797973,CH1,POWER,3.60
1765579797999,CH1,POWER,3.60
1765579798004,CH1,POWER,3.60
1765579798009,CH1,POWER,3.60
1765579798013,CH1,POWER,3.60
1765579798018,CH1,POWER,3.60
1765579798022,CH1,POWER,3.60
1765579798026,CH1,POWER,3.60
1765579798032,CH1,POWER,3.60
1765579798036,CH1,POWER,3.60
1765579798042,CH1,POWER,3.60
1765579798048,CH1,POWER,3.60
1765579798052,CH1,POWER,3.60
1765579798056,CH1,POWER,3.60
1765579798062,CH1,POWER,3.60
1765579798068,CH1,POWER,3.60
1765579798072,CH1,POWER,3.60
1765579798078,CH1,POWER,3.60
1765579798082,CH1,POWER,3.60
1765579798086,CH1,POWER,3.60
1765579798091,CH1,POWER,3.60
1765579798098,CH1,POWER,3.60
1765579798102,CH1,POWER,3.60
1765579798108,CH1,POWER,3.60
1765579798112,CH1,POWER,3.60
1765579798116,CH1,POWER,3.60
1765579798122,CH1,POWER,3.60
1765579798128,CH1,POWER,3.60
1765579798132,CH1,POWER,3.60
1765579798138,CH1,POWER,3.60
1765579798142,CH1,POWER,3.60
1765579798146,CH1,POWER,3.60
1765579798151,CH1,POWER,3.60
1765579798155,CH1,POWER,3.60
1765579798159,CH1,POWER,3.60
1765579798164,CH1,POWER,3.60
1765579798172,CH1,POWER,3.60
1765579798178,CH1,POWER,3.60
1765579798182,CH1,POWER,3.60
1765579798186,CH1,POWER,3.60
1765579798192,CH1,POWER,3.60
1765579798196,CH1,POWER,3.60
1765579798202,CH1,POWER,3.60
1765579798208,CH1,POWER,3.60
1765579798212,CH1,POWER,3.60
1765579798216,CH1,POWER,3.60
1765579798221,CH1,POWER,3.60
1765579798225,CH1,POWER,3.60
1765579798229,CH1,POWER,3.60
1765579798233,CH1,POWER,3.60
1765579798238,CH1,POWER,3.60
1765579798242,CH1,POWER,3.60
1765579798246,CH1,POWER,3.60
1765579798252,CH1,POWER,3.60
1765579798260,CH1,POWER,3.60
1765579798264,CH1,POWER,3.60
1765579798270,CH1,POWER,3.60
1765579798275,CH1,POWER,3.60
1765579798279,CH1,POWER,3.60
1765579798285,CH1,POWER,3.60
1765579798289,CH1,POWER,3.60
1765579798293,CH1,POWER,3.60
1765579798298,CH1,POWER,3.60
1765579798302,CH1,POWER,3.60
1765579798306,CH1,POWER,3.60
1765579798311,CH1,POWER,3.60
1765579798315,CH1,POWER,3.60
1765579798322,CH1,POWER,3.60
1765579798328,CH1,POWER,3.60
1765579798332,CH1,POWER,3.60
1765579798338,CH1,POWER,3.60
1765579798342,CH1,POWER,3.60
1765579798346,CH1,POWER,3.60
1765579798352,CH1,POWER,3.60
1765579798356,CH1,POWER,3.60
1765579798362,CH1,POWER,3.60
1765579798366,CH1,POWER,3.60
1765579798393,CH1,POWER,3.25
1765579798398,CH1,POWER,3.25
1765579798403,CH1,POWER,3.25
1765579798407,CH1,POWER,3.25
1765579798411,CH1,POWER,3.25
1765579798416,CH1,POWER,3.25
1765579798422,CH1,POWER,3.25
1765579798428,CH1,POWER,3.25
1765579798433,CH1,POWER,3.25
1765579798437,CH1,POWER,3.25
1765579798444,CH1,POWER,3.25
1765579798448,CH1,POWER,3.25
1765579798454,CH1,POWER,3.25
1765579798458,CH1,POWER,3.25
1765579798464,CH1,POWER,3.25
1765579798470,CH1,POWER,3.25
1765579798474,CH1,POWER,3.25
1765579798480,CH1,POWER,3.25
1765579798484,CH1,POWER,3.25
1765579798490,CH1,POWER,3.25
1765579798494,CH1,POWER,3.25
1765579798498,CH1,POWER,3.25
1765579798504,CH1,POWER,3.25
1765579798508,CH1,POWER,3.25
1765579798514,CH1,POWER,3.25
1765579798518,CH1,POWER,3.25
1765579798524,CH1,POWER,3.25
1765579798528,CH1,POWER,3.25
1765579798534,CH1,POWER,3.25
1765579798540,CH1,POWER,3.25
1765579798544,CH1,POWER,3.25
1765579798550,CH1,POWER,3.25
1765579798554,CH1,POWER,3.25
1765579798558,CH1,POWER,3.25
1765579798563,CH1,POWER,3.25
1765579798570,CH1,POWER,3.25
1765579798574,CH1,POWER,3.25
1765579798580,CH1,POWER,3.25
1765579798584,CH1,POWER,3.25
1765579798588,CH1,POWER,3.25
1765579798593,CH1,POWER,3.25
1765579798597,CH1,POWER,3.25
1765579798601,CH1,POWER,3.25
1765579798605,CH1,POWER,3.25
1765579798610,CH1,POWER,3.25
1765579798614,CH1,POWER,3.25
1765579798620,CH1,POWER,3.25
1765579798624,CH1,POWER,3.25
1765579798628,CH1,POWER,3.25
1765579798634,CH1,POWER,3.25
1765579798638,CH1,POWER,3.25
1765579798643,CH1,POWER,3.25
1765579798650,CH1,POWER,3.25
1765579798654,CH1,POWER,3.25
1765579798660,CH1,POWER,3.25
1765579798664,CH1,POWER,3.25
1765579798668,CH1,POWER,3.25
1765579798673,CH1,POWER,3.25
1765579798677,CH1,POWER,3.25
1765579798681,CH1,POWER,3.25
1765579798685,CH1,POWER,3.25
1765579798690,CH1,POWER,3.25
1765579798694,CH1,POWER,3.25
1765579798698,CH1,POWER,3.25
1765579798703,CH1,POWER,3.25
1765579798707,CH1,POWER,3.25
1765579798711,CH1,POWER,3.25
1765579798715,CH1,POWER,3.25
1765579798720,CH1,POWER,3.25
1765579798724,CH1,POWER,3.25
1765579798728,CH1,POWER,3.25
1765579798733,CH1,POWER,3.25
1765579798737,CH1,POWER,3.25
1765579798741,CH1,POWER,3.25
1765579798746,CH1,POWER,3.25
1765579798752,CH1,POWER,3.25
1765579798757,CH1,POWER,3.25
1765579798783,CH1,POWER,3.25
1765579798788,CH1,POWER,3.25
1765579798794,CH1,POWER,3.25
1765579798798,CH1,POWER,3.25
1765579798803,CH1,POWER,3.25
1765579798807,CH1,POWER,3.25
1765579798812,CH1,POWER,3.25
1765579798816,CH1,POWER,3.25
1765579798820,CH1,POWER,3.25
1765579798826,CH1,POWER,3.25
1765579798830,CH1,POWER,3.25
1765579798836,CH1,POWER,3.25
1765579798842,CH1,POWER,3.25
1765579798846,CH1,POWER,3.25
1765579798850,CH1,POWER,3.25
1765579798856,CH1,POWER,3.25
1765579798862,CH1,POWER,3.25
1765579798866,CH1,POWER,3.25
1765579798870,CH1,POWER,3.25
1765579798876,CH1,POWER,3.25
1765579798882,CH1,POWER,3.25
1765579798886,CH1,POWER,3.25
1765579798890,CH1,POWER,3.25
1765579798896,CH1,POWER,3.25
1765579798902,CH1,POWER,3.25
1765579798906,CH1,POWER,3.25
1765579798910,CH1,POWER,3.25
1765579798916,CH1,POWER,3.25
1765579798920,CH1,POWER,3.25
1765579798925,CH1,POWER,3.25
1765579798929,CH1,POWER,3.25
1765579798933,CH1,POWER,3.25
1765579798938,CH1,POWER,3.25
1765579798944,CH1,POWER,3.25
1765579798949,CH1,POWER,3.25
1765579798953,CH1,POWER,3.25
1765579798957,CH1,POWER,3.25
1765579798962,CH1,POWER,3.25
1765579798966,CH1,POWER,3.25
1765579798970,CH1,POWER,3.25
1765579798976,CH1,POWER,3.25
1765579798982,CH1,POWER,3.25
1765579798986,CH1,POWER,3.25
1765579798992,CH1,POWER,3.25
1765579798996,CH1,POWER,3.25
1765579799000,CH1,POWER,3.25
1765579799006,CH1,POWER,3.25
1765579799012,CH1,POWER,3.25
1765579799016,CH1,POWER,3.25
1765579799020,CH1,POWER,3.25
1765579799026,CH1,POWER,3.25
1765579799032,CH1,POWER,3.25
1765579799036,CH1,POWER,3.25
1765579799042,CH1,POWER,3.25
1765579799046,CH1,POWER,3.25
1765579799054,CH1,POWER,3.25
1765579799058,CH1,POWER,3.25
1765579799063,CH1,POWER,3.25
1765579799067,CH1,POWER,3.25
1765579799072,CH1,POWER,3.25
1765579799076,CH1,POWER,3.25
1765579799080,CH1,POWER,3.25
1765579799086,CH1,POWER,3.25
1765579799092,CH1,POWER,3.25
1765579799096,CH1,POWER,3.25
1765579799100,CH1,POWER,3.25
1765579799106,CH1,POWER,3.25
1765579799114,CH1,POWER,3.25
1765579799118,CH1,POWER,3.25
1765579799124,CH1,POWER,3.25
1765579799129,CH1,POWER,3.25
1765579799133,CH1,POWER,3.25
1765579799139,CH1,POWER,3.25
1765579799143,CH1,POWER,3.25
1765579799147,CH1,POWER,3.25
1765579799154,CH1,POWER,3.25
1765579799157,CH1,POWER,3.35
1765579799159,CH1,POWER,3.35
1765579799185,CH1,POWER,3.35
1765579799190,CH1,POWER,3.35
1765579799195,CH1,POWER,3.35
1765579799199,CH1,POWER,3.35
1765579799204,CH1,POWER,3.35
1765579799208,CH1,POWER,3.35
1765579799212,CH1,POWER,3.35
1765579799218,CH1,POWER,3.35
1765579799224,CH1,POWER,3.35
1765579799228,CH1,POWER,3.35
1765579799234,CH1,POWER,3.35
1765579799238,CH1,POWER,3.35
1765579799244,CH1,POWER,3.35
1765579799248,CH1,POWER,3.35
1765579799252,CH1,POWER,3.35
1765579799257,CH1,POWER,3.35
1765579799261,CH1,POWER,3.35
1765579799265,CH1,POWER,3.35
1765579799269,CH1,POWER,3.35
1765579799274,CH1,POWER,3.35
1765579799278,CH1,POWER,3.35
1765579799284,CH1,POWER,3.35
1765579799288,CH1,POWER,3.35
1765579799294,CH1,POWER,3.35
1765579799298,CH1,POWER,3.35
1765579799302,CH1,POWER,3.35
1765579799307,CH1,POWER,3.35
1765579799311,CH1,POWER,3.35
1765579799318,CH1,POWER,3.35
1765579799322,CH1,POWER,3.35
1765579799328,CH1,POWER,3.35
1765579799334,CH1,POWER,3.35
1765579799338,CH1,POWER,3.35
1765579799344,CH1,POWER,3.35
1765579799348,CH1,POWER,3.35
1765579799352,CH1,POWER,3.35
1765579799358,CH1,POWER,3.35
1765579799364,CH1,POWER,3.35
1765579799368,CH1,POWER,3.35
1765579799372,CH1,POWER,3.35
1765579799378,CH1,POWER,3.35
1765579799384,CH1,POWER,3.35
1765579799388,CH1,POWER,3.35
1765579799394,CH1,POWER,3.35
1765579799398,CH1,POWER,3.35
1765579799402,CH1,POWER,3.35
1765579799408,CH1,POWER,3.35
1765579799414,CH1,POWER,3.35
1765579799418,CH1,POWER,3.35
1765579799422,CH1,POWER,3.35
1765579799428,CH1,POWER,3.35
1765579799434,CH1,POWER,3.35
1765579799438,CH1,POWER,3.35
1765579799444,CH1,POWER,3.35
1765579799448,CH1,POWER,3.35
1765579799452,CH1,POWER,3.35
1765579799458,CH1,POWER,3.35
1765579799464,CH1,POWER,3.35
1765579799468,CH1,POWER,3.35
1765579799474,CH1,POWER,3.35
1765579799478,CH1,POWER,3.35
1765579799484,CH1,POWER,3.35
1765579799488,CH1,POWER,3.35
1765579799492,CH1,POWER,3.35
1765579799498,CH1,POWER,3.35
1765579799504,CH1,POWER,3.35
1765579799508,CH1,POWER,3.35
1765579799512,CH1,POWER,3.35
1765579799517,CH1,POWER,3.35
1765579799522,CH1,POWER,3.35
1765579799528,CH1,POWER,3.35
1765579799534,CH1,POWER,3.35
1765579799538,CH1,POWER,3.35
1765579799542,CH1,POWER,3.35
1765579799548,CH1,POWER,3.35
1765579799553,CH1,POWER,3.55
1765579799580,CH1,POWER,3.55
1765579799586,CH1,POWER,3.55
1765579799590,CH1,POWER,3.55
1765579799596,CH1,POWER,3.55
1765579799600,CH1,POWER,3.55
1765579799605,CH1,POWER,3.55
1765579799610,CH1,POWER,3.55
1765579799614,CH1,POWER,3.55
1765579799620,CH1,POWER,3.55
1765579799624,CH1,POWER,3.55
1765579799629,CH1,POWER,3.55
1765579799633,CH1,POWER,3.55
1765579799637,CH1,POWER,3.55
1765579799642,CH1,POWER,3.55
1765579799648,CH1,POWER,3.55
1765579799652,CH1,POWER,3.55
1765579799657,CH1,POWER,3.55
1765579799661,CH1,POWER,3.55
1765579799666,CH1,POWER,3.55
1765579799670,CH1,POWER,3.55
1765579799676,CH1,POWER,3.55
1765579799680,CH1,POWER,3.55
1765579799686,CH1,POWER,3.55
1765579799690,CH1,POWER,3.55
1765579799694,CH1,POWER,3.55
1765579799699,CH1,POWER,3.55
1765579799704,CH1,POWER,3.55
1765579799710,CH1,POWER,3.55
1765579799716,CH1,POWER,3.55
1765579799720,CH1,POWER,3.55
1765579799726,CH1,POWER,3.55
1765579799730,CH1,POWER,3.55
1765579799734,CH1,POWER,3.55
1765579799740,CH1,POWER,3.55
1765579799746,CH1,POWER,3.55
1765579799750,CH1,POWER,3.55
1765579799754,CH1,POWER,3.55
1765579799760,CH1,POWER,3.55
1765579799766,CH1,POWER,3.55
1765579799770,CH1,POWER,3.55
1765579799776,CH1,POWER,3.55
1765579799780,CH1,POWER,3.55
1765579799784,CH1,POWER,3.55
1765579799790,CH1,POWER,3.55
1765579799794,CH1,POWER,3.55
1765579799800,CH1,POWER,3.55
1765579799804,CH1,POWER,3.55
1765579799810,CH1,POWER,3.55
1765579799816,CH1,POWER,3.55
1765579799820,CH1,POWER,3.55
1765579799826,CH1,POWER,3.55
1765579799830,CH1,POWER,3.55
1765579799834,CH1,POWER,3.55
1765579799840,CH1,POWER,3.55
1765579799846,CH1,POWER,3.55
1765579799850,CH1,POWER,3.55
1765579799854,CH1,POWER,3.55
1765579799860,CH1,POWER,3.55
1765579799868,CH1,POWER,3.55
1765579799873,CH1,POWER,3.55
1765579799880,CH1,POWER,3.55
1765579799884,CH1,POWER,3.55
1765579799889,CH1,POWER,3.55
1765579799893,CH1,POWER,3.55
1765579799897,CH1,POWER,3.55
1765579799902,CH1,POWER,3.55
1765579799908,CH1,POWER,3.55
1765579799912,CH1,POWER,3.55
1765579799917,CH1,POWER,3.55
1765579799922,CH1,POWER,3.55
1765579799930,CH1,POWER,3.55
1765579799936,CH1,POWER,3.55
1765579799940,CH1,POWER,3.55
1765579799946,CH1,POWER,3.55
1765579799949,CH1,POWER,3.60
1765579799951,CH1,POWER,3.60
1765579799954,CH1,POWER,3.60
1765579799981,CH1,POWER,3.60
1765579799986,CH1,POWER,3.60
1765579799992,CH1,POWER,3.60
1765579799998,CH1,POWER,3.60
1765579800002,CH1,POWER,3.60
1765579800006,CH1,POWER,3.60
1765579800012,CH1,POWER,3.60
1765579800016,CH1,POWER,3.60
1765579800022,CH1,POWER,3.60
1765579800026,CH1,POWER,3.60
1765579800032,CH1,POWER,3.60
1765579800038,CH1,POWER,3.60
1765579800042,CH1,POWER,3.60
1765579800048,CH1,POWER,3.60
1765579800052,CH1,POWER,3.60
1765579800056,CH1,POWER,3.60
1765579800062,CH1,POWER,3.60
1765579800068,CH1,POWER,3.60
1765579800072,CH1,POWER,3.60
1765579800076,CH1,POWER,3.60
1765579800081,CH1,POWER,3.60
1765579800086,CH1,POWER,3.60
1765579800092,CH1,POWER,3.60
1765579800096,CH1,POWER,3.60
1765579800101,CH1,POWER,3.60
1765579800108,CH1,POWER,3.60
1765579800112,CH1,POWER,3.60
1765579800116,CH1,POWER,3.60
1765579800122,CH1,POWER,3.60
1765579800126,CH1,POWER,3.60
1765579800131,CH1,POWER,3.60
1765579800135,CH1,POWER,3.60
1765579800139,CH1,POWER,3.60
1765579800144,CH1,POWER,3.60
1765579800150,CH1,POWER,3.60
1765579800155,CH1,POWER,3.60
1765579800161,CH1,POWER,3.60
1765579800165,CH1,POWER,3.60
1765579800171,CH1,POWER,3.60
1765579800175,CH1,POWER,3.60
1765579800182,CH1,POWER,3.60
1765579800188,CH1,POWER,3.60
1765579800192,CH1,POWER,3.60
1765579800196,CH1,POWER,3.60
1765579800202,CH1,POWER,3.60
1765579800208,CH1,POWER,3.60
1765579800212,CH1,POWER,3.60
1765579800216,CH1,POWER,3.60
1765579800222,CH1,POWER,3.60
1765579800227,CH1,POWER,3.60
1765579800232,CH1,POWER,3.60
1765579800240,CH1,POWER,3.60
1765579800246,CH1,POWER,3.60
1765579800251,CH1,POWER,3.60
1765579800255,CH1,POWER,3.60
1765579800261,CH1,POWER,3.60
1765579800265,CH1,POWER,3.60
1765579800269,CH1,POWER,3.60
1765579800275,CH1,POWER,3.60
1765579800279,CH1,POWER,3.60
1765579800283,CH1,POWER,3.60
1765579800290,CH1,POWER,3.60
1765579800294,CH1,POWER,3.60
1765579800299,CH1,POWER,3.60
1765579800303,CH1,POWER,3.60
1765579800308,CH1,POWER,3.60
1765579800312,CH1,POWER,3.60
1765579800320,CH1,POWER,3.60
1765579800325,CH1,POWER,3.60
1765579800331,CH1,POWER,3.60
1765579800338,CH1,POWER,3.60
1765579800342,CH1,POWER,3.60
1765579800346,CH1,POWER,3.60
1765579800374,CH1,POWER,3.25
1765579800380,CH1,POWER,3.25
1765579800384,CH1,POWER,3.25
1765579800392,CH1,POWER,3.25
1765579800397,CH1,POWER,3.25
1765579800404,CH1,POWER,3.25
1765579800410,CH1,POWER,3.25
1765579800414,CH1,POWER,3.25
1765579800422,CH1,POWER,3.25
1765579800427,CH1,POWER,3.25
1765579800434,CH1,POWER,3.25
1765579800438,CH1,POWER,3.25
1765579800443,CH1,POWER,3.25
1765579800447,CH1,POWER,3.25
1765579800451,CH1,POWER,3.25
1765579800456,CH1,POWER,3.25
1765579800461,CH1,POWER,3.25
1765579800466,CH1,POWER,3.25
1765579800471,CH1,POWER,3.25
1765579800475,CH1,POWER,3.25
1765579800482,CH1,POWER,3.25
1765579800486,CH1,POWER,3.25
1765579800492,CH1,POWER,3.25
1765579800497,CH1,POWER,3.25
1765579800501,CH1,POWER,3.25
1765579800505,CH1,POWER,3.25
1765579800510,CH1,POWER,3.25
1765579800514,CH1,POWER,3.25
1765579800519,CH1,POWER,3.25
1765579800524,CH1,POWER,3.25
1765579800530,CH1,POWER,3.25
1765579800534,CH1,POWER,3.25
1765579800538,CH1,POWER,3.25
1765579800544,CH1,POWER,3.25
1765579800550,CH1,POWER,3.25
1765579800554,CH1,POWER,3.25
1765579800560,CH1,POWER,3.25
1765579800564,CH1,POWER,3.25
1765579800568,CH1,POWER,3.25
1765579800573,CH1,POWER,3.25
1765579800579,CH1,POWER,3.25
1765579800584,CH1,POWER,3.25
1765579800588,CH1,POWER,3.25
1765579800593,CH1,POWER,3.25
1765579800597,CH1,POWER,3.25
1765579800601,CH1,POWER,3.25
1765579800606,CH1,POWER,3.25
1765579800611,CH1,POWER,3.25
1765579800617,CH1,POWER,3.25
1765579800623,CH1,POWER,3.25
1765579800628,CH1,POWER,3.25
1765579800633,CH1,POWER,3.25
1765579800637,CH1,POWER,3.25
1765579800644,CH1,POWER,3.25
1765579800649,CH1,POWER,3.25
1765579800654,CH1,POWER,3.25
1765579800658,CH1,POWER,3.25
1765579800663,CH1,POWER,3.25
1765579800667,CH1,POWER,3.25
1765579800671,CH1,POWER,3.25
1765579800675,CH1,POWER,3.25
1765579800682,CH1,POWER,3.25
1765579800687,CH1,POWER,3.25
1765579800693,CH1,POWER,3.25
1765579800698,CH1,POWER,3.25
1765579800704,CH1,POWER,3.25
1765579800708,CH1,POWER,3.25
1765579800714,CH1,POWER,3.25
1765579800720,CH1,POWER,3.25
1765579800724,CH1,POWER,3.25
1765579800728,CH1,POWER,3.25
1765579800732,CH1,POWER,2.90
1765579800734,CH1,POWER,2.90
1765579800737,CH1,POWER,2.90
1765579800763,CH1,POWER,2.90
1765579800768,CH1,POWER,2.90
1765579800773,CH1,POWER,2.90
1765579800779,CH1,POWER,2.90
1765579800786,CH1,POWER,2.90
1765579800791,CH1,POWER,2.90
1765579800796,CH1,POWER,2.90
1765579800800,CH1,POWER,2.90
1765579800806,CH1,POWER,2.90
1765579800810,CH1,POWER,2.90
1765579800815,CH1,POWER,2.90
1765579800822,CH1,POWER,2.90
1765579800826,CH1,POWER,2.90
1765579800831,CH1,POWER,2.90
1765579800836,CH1,POWER,2.90
1765579800842,CH1,POWER,2.90
1765579800846,CH1,POWER,2.90
1765579800852,CH1,POWER,2.90
1765579800856,CH1,POWER,2.90
1765579800861,CH1,POWER,2.90
1765579800866,CH1,POWER,2.90
1765579800870,CH1,POWER,2.90
1765579800876,CH1,POWER,2.90
1765579800884,CH1,POWER,2.90
1765579800889,CH1,POWER,2.90
1765579800896,CH1,POWER,2.90
1765579800904,CH1,POWER,2.90
1765579800909,CH1,POWER,2.90
1765579800915,CH1,POWER,2.90
1765579800920,CH1,POWER,2.90
1765579800926,CH1,POWER,2.90
1765579800934,CH1,POWER,2.90
1765579800940,CH1,POWER,2.90
1765579800945,CH1,POWER,2.90
1765579800949,CH1,POWER,2.90
1765579800956,CH1,POWER,2.90
1765579800960,CH1,POWER,2.90
1765579800966,CH1,POWER,2.90
1765579800974,CH1,POWER,2.90
1765579800979,CH1,POWER,2.90
1765579800986,CH1,POWER,2.90
1765579800994,CH1,POWER,2.90
1765579800999,CH1,POWER,2.90
1765579801005,CH1,POWER,2.90
1765579801010,CH1,POWER,2.90
1765579801016,CH1,POWER,2.90
1765579801022,CH1,POWER,2.90
1765579801026,CH1,POWER,2.90
1765579801030,CH1,POWER,2.90
1765579801036,CH1,POWER,2.90
1765579801040,CH1,POWER,2.90
1765579801045,CH1,POWER,2.90
1765579801049,CH1,POWER,2.90
1765579801055,CH1,POWER,2.90
1765579801059,CH1,POWER,2.90
1765579801065,CH1,POWER,2.90
1765579801069,CH1,POWER,2.90
1765579801076,CH1,POWER,2.90
1765579801080,CH1,POWER,2.90
1765579801085,CH1,POWER,2.90
1765579801089,CH1,POWER,2.90
1765579801093,CH1,POWER,2.90
1765579801098,CH1,POWER,2.90
1765579801103,CH1,POWER,2.90
1765579801109,CH1,POWER,2.90
1765579801116,CH1,POWER,2.90
1765579801122,CH1,POWER,2.90
1765579801124,CH1,POWER,2.75
1765579801127,CH1,POWER,2.75
1765579801129,CH1,POWER,2.75
1765579801155,CH1,POWER,2.75
1765579801160,CH1,POWER,2.75
1765579801166,CH1,POWER,2.75
1765579801170,CH1,POWER,2.75
1765579801178,CH1,POWER,2.75
1765579801182,CH1,POWER,2.75
1765579801188,CH1,POWER,2.75
1765579801194,CH1,POWER,2.75
1765579801198,CH1,POWER,2.75
1765579801204,CH1,POWER,2.75
1765579801208,CH1,POWER,2.75
1765579801214,CH1,POWER,2.75
1765579801218,CH1,POWER,2.75
1765579801226,CH1,POWER,2.75
1765579801230,CH1,POWER,2.75
1765579801238,CH1,POWER,2.75
1765579801246,CH1,POWER,2.75
1765579801251,CH1,POWER,2.75
1765579801258,CH1,POWER,2.75
1765579801266,CH1,POWER,2.75
1765579801271,CH1,POWER,2.75
1765579801275,CH1,POWER,2.75
1765579801280,CH1,POWER,2.75
1765579801286,CH1,POWER,2.75
1765579801291,CH1,POWER,2.75
1765579801298,CH1,POWER,2.75
1765579801302,CH1,POWER,2.75
1765579801307,CH1,POWER,2.75
1765579801311,CH1,POWER,2.75
1765579801318,CH1,POWER,2.75
1765579801324,CH1,POWER,2.75
1765579801328,CH1,POWER,2.75
1765579801334,CH1,POWER,2.75
1765579801338,CH1,POWER,2.75
1765579801342,CH1,POWER,2.75
1765579801347,CH1,POWER,2.75
1765579801351,CH1,POWER,2.75
1765579801355,CH1,POWER,2.75
1765579801361,CH1,POWER,2.75
1765579801368,CH1,POWER,2.75
1765579801373,CH1,POWER,2.75
1765579801378,CH1,POWER,2.75
1765579801383,CH1,POWER,2.75
1765579801388,CH1,POWER,2.75
1765579801394,CH1,POWER,2.75
1765579801398,CH1,POWER,2.75
1765579801406,CH1,POWER,2.75
1765579801411,CH1,POWER,2.75
1765579801418,CH1,POWER,2.75
1765579801426,CH1,POWER,2.75
1765579801431,CH1,POWER,2.75
1765579801435,CH1,POWER,2.75
1765579801440,CH1,POWER,2.75
1765579801446,CH1,POWER,2.75
1765579801451,CH1,POWER,2.75
1765579801458,CH1,POWER,2.75
1765579801466,CH1,POWER,2.75
1765579801472,CH1,POWER,2.75
1765579801478,CH1,POWER,2.75
1765579801486,CH1,POWER,2.75
1765579801491,CH1,POWER,2.75
1765579801498,CH1,POWER,2.75
1765579801504,CH1,POWER,2.75
1765579801508,CH1,POWER,2.75
1765579801516,CH1,POWER,2.75
1765579801518,CH1,POWER,2.80
1765579801521,CH1,POWER,2.80
1765579801547,CH1,POWER,2.80
1765579801552,CH1,POWER,2.80
1765579801557,CH1,POWER,2.80
1765579801561,CH1,POWER,2.80
1765579801568,CH1,POWER,2.80
1765579801573,CH1,POWER,2.80
1765579801580,CH1,POWER,2.80
1765579801585,CH1,POWER,2.80
1765579801590,CH1,POWER,2.80
1765579801595,CH1,POWER,2.80
1765579801600,CH1,POWER,2.80
1765579801604,CH1,POWER,2.80
1765579801609,CH1,POWER,2.80
1765579801613,CH1,POWER,2.80
1765579801620,CH1,POWER,2.80
1765579801625,CH1,POWER,2.80
1765579801630,CH1,POWER,2.80
1765579801636,CH1,POWER,2.80
1765579801640,CH1,POWER,2.80
1765579801648,CH1,POWER,2.80
1765579801653,CH1,POWER,2.80
1765579801657,CH1,POWER,2.80
1765579801662,CH1,POWER,2.80
1765579801668,CH1,POWER,2.80
1765579801673,CH1,POWER,2.80
1765579801680,CH1,POWER,2.80
1765579801688,CH1,POWER,2.80
1765579801693,CH1,POWER,2.80
1765579801700,CH1,POWER,2.80
1765579801705,CH1,POWER,2.80
1765579801710,CH1,POWER,2.80
1765579801715,CH1,POWER,2.80
1765579801720,CH1,POWER,2.80
1765579801726,CH1,POWER,2.80
1765579801730,CH1,POWER,2.80
1765579801736,CH1,POWER,2.80
1765579801740,CH1,POWER,2.80
1765579801748,CH1,POWER,2.80
1765579801752,CH1,POWER,2.80
1765579801757,CH1,POWER,2.80
1765579801761,CH1,POWER,2.80
1765579801767,CH1,POWER,2.80
1765579801771,CH1,POWER,2.80
1765579801776,CH1,POWER,2.80
1765579801780,CH1,POWER,2.80
1765579801785,CH1,POWER,2.80
1765579801790,CH1,POWER,2.80
1765579801794,CH1,POWER,2.80
1765579801800,CH1,POWER,2.80
1765579801804,CH1,POWER,2.80
1765579801809,CH1,POWER,2.80
1765579801814,CH1,POWER,2.80
1765579801820,CH1,POWER,2.80
1765579801826,CH1,POWER,2.80
1765579801830,CH1,POWER,2.80
1765579801834,CH1,POWER,2.80
1765579801839,CH1,POWER,2.80
1765579801843,CH1,POWER,2.80
1765579801849,CH1,POWER,2.80
1765579801854,CH1,POWER,2.80
1765579801859,CH1,POWER,2.80
1765579801863,CH1,POWER,2.80
1765579801870,CH1,POWER,2.80
1765579801874,CH1,POWER,2.80
1765579801880,CH1,POWER,2.80
1765579801886,CH1,POWER,2.80
1765579801890,CH1,POWER,2.80
1765579801895,CH1,POWER,2.80
1765579801900,CH1,POWER,2.80
1765579801906,CH1,POWER,2.80
1765579801909,CH1,POWER,3.65
1765579801912,CH1,POWER,3.65
1765579801914,CH1,POWER,3.65
1765579801942,CH1,POWER,3.65
1765579801948,CH1,POWER,3.65
1765579801952,CH1,POWER,3.65
1765579801958,CH1,POWER,3.65
1765579801962,CH1,POWER,3.65
1765579801967,CH1,POWER,3.65
1765579801972,CH1,POWER,3.65
1765579801978,CH1,POWER,3.65
1765579801982,CH1,POWER,3.65
1765579801988,CH1,POWER,3.65
1765579801992,CH1,POWER,3.65
1765579802000,CH1,POWER,3.65
1765579802005,CH1,POWER,3.65
1765579802012,CH1,POWER,3.65
1765579802020,CH1,POWER,3.65
1765579802025,CH1,POWER,3.65
1765579802032,CH1,POWER,3.65
1765579802037,CH1,POWER,3.65
1765579802042,CH1,POWER,3.65
1765579802047,CH1,POWER,3.65
1765579802052,CH1,POWER,3.65
1765579802058,CH1,POWER,3.65
1765579802062,CH1,POWER,3.65
1765579802068,CH1,POWER,3.65
1765579802072,CH1,POWER,3.65
1765579802080,CH1,POWER,3.65
1765579802085,CH1,POWER,3.65
1765579802089,CH1,POWER,3.65
1765579802094,CH1,POWER,3.65
1765579802102,CH1,POWER,3.65
1765579802108,CH1,POWER,3.65
1765579802112,CH1,POWER,3.65
1765579802117,CH1,POWER,3.65
1765579802122,CH1,POWER,3.65
1765579802128,CH1,POWER,3.65
1765579802132,CH1,POWER,3.65
1765579802138,CH1,POWER,3.65
1765579802142,CH1,POWER,3.65
1765579802148,CH1,POWER,3.65
1765579802152,CH1,POWER,3.65
1765579802158,CH1,POWER,3.65
1765579802162,CH1,POWER,3.65
1765579802166,CH1,POWER,3.65
1765579802172,CH1,POWER,3.65
1765579802180,CH1,POWER,3.65
1765579802185,CH1,POWER,3.65
1765579802192,CH1,POWER,3.65
1765579802200,CH1,POWER,3.65
1765579802205,CH1,POWER,3.65
1765579802209,CH1,POWER,3.65
1765579802214,CH1,POWER,3.65
1765579802219,CH1,POWER,3.65
1765579802223,CH1,POWER,3.65
1765579802227,CH1,POWER,3.65
1765579802232,CH1,POWER,3.65
1765579802236,CH1,POWER,3.65
1765579802241,CH1,POWER,3.65
1765579802246,CH1,POWER,3.65
1765579802251,CH1,POWER,3.65
1765579802256,CH1,POWER,3.65
1765579802262,CH1,POWER,3.65
1765579802268,CH1,POWER,3.65
1765579802272,CH1,POWER,3.65
1765579802277,CH1,POWER,3.65
1765579802282,CH1,POWER,3.65
1765579802287,CH1,POWER,3.65
1765579802292,CH1,POWER,3.65
1765579802298,CH1,POWER,3.65
1765579802302,CH1,POWER,3.65
1765579802308,CH1,POWER,3.65
1765579802312,CH1,POWER,3.65
1765579802315,CH1,POWER,3.25
1765579802341,CH1,POWER,3.25
1765579802346,CH1,POWER,3.25
1765579802351,CH1,POWER,3.25
1765579802356,CH1,POWER,3.25
1765579802361,CH1,POWER,3.25
1765579802366,CH1,POWER,3.25
1765579802371,CH1,POWER,3.25
1765579802376,CH1,POWER,3.25
1765579802381,CH1,POWER,3.25
1765579802386,CH1,POWER,3.25
1765579802391,CH1,POWER,3.25
1765579802396,CH1,POWER,3.25
1765579802404,CH1,POWER,3.25
1765579802410,CH1,POWER,3.25
1765579802414,CH1,POWER,3.25
1765579802420,CH1,POWER,3.25
1765579802424,CH1,POWER,3.25
1765579802429,CH1,POWER,3.25
1765579802434,CH1,POWER,3.25
1765579802440,CH1,POWER,3.25
1765579802444,CH1,POWER,3.25
1765579802450,CH1,POWER,3.25
1765579802454,CH1,POWER,3.25
1765579802459,CH1,POWER,3.25
1765579802464,CH1,POWER,3.25
1765579802470,CH1,POWER,3.25
1765579802474,CH1,POWER,3.25
1765579802480,CH1,POWER,3.25
1765579802484,CH1,POWER,3.25
1765579802489,CH1,POWER,3.25
1765579802494,CH1,POWER,3.25
1765579802498,CH1,POWER,3.25
1765579802504,CH1,POWER,3.25
1765579802510,CH1,POWER,3.25
1765579802514,CH1,POWER,3.25
1765579802518,CH1,POWER,3.25
1765579802523,CH1,POWER,3.25
1765579802528,CH1,POWER,3.25
1765579802534,CH1,POWER,3.25
1765579802540,CH1,POWER,3.25
1765579802544,CH1,POWER,3.25
1765579802548,CH1,POWER,3.25
1765579802553,CH1,POWER,3.25
1765579802558,CH1,POWER,3.25
1765579802564,CH1,POWER,3.25
1765579802570,CH1,POWER,3.25
1765579802574,CH1,POWER,3.25
1765579802578,CH1,POWER,3.25
1765579802583,CH1,POWER,3.25
1765579802588,CH1,POWER,3.25
1765579802593,CH1,POWER,3.25
1765579802598,CH1,POWER,3.25
1765579802604,CH1,POWER,3.25
1765579802610,CH1,POWER,3.25
1765579802614,CH1,POWER,3.25
1765579802618,CH1,POWER,3.25
1765579802623,CH1,POWER,3.25
1765579802628,CH1,POWER,3.25
1765579802634,CH1,POWER,3.25
1765579802642,CH1,POWER,3.25
1765579802647,CH1,POWER,3.25
1765579802651,CH1,POWER,3.25
1765579802656,CH1,POWER,3.25
1765579802661,CH1,POWER,3.25
1765579802666,CH1,POWER,3.25
1765579802671,CH1,POWER,3.25
1765579802676,CH1,POWER,3.25
1765579802682,CH1,POWER,3.25
1765579802687,CH1,POWER,3.25
1765579802694,CH1,POWER,3.25
1765579802700,CH1,POWER,3.25
1765579802704,CH1,POWER,3.25
1765579802709,CH1,POWER,3.25
1765579802714,CH1,POWER,3.25
1765579802717,CH1,POWER,3.25
1765579802743,CH1,POWER,3.25
1765579802748,CH1,POWER,3.25
1765579802753,CH1,POWER,3.25
1765579802758,CH1,POWER,3.25
1765579802763,CH1,POWER,3.25
1765579802767,CH1,POWER,3.25
1765579802772,CH1,POWER,3.25
1765579802776,CH1,POWER,3.25
1765579802780,CH1,POWER,3.25
1765579802786,CH1,POWER,3.25
1765579802791,CH1,POWER,3.25
1765579802796,CH1,POWER,3.25
1765579802800,CH1,POWER,3.25
1765579802806,CH1,POWER,3.25
1765579802814,CH1,POWER,3.25
1765579802819,CH1,POWER,3.25
1765579802823,CH1,POWER,3.25
1765579802828,CH1,POWER,3.25
1765579802834,CH1,POWER,3.25
1765579802839,CH1,POWER,3.25
1765579802846,CH1,POWER,3.25
1765579802852,CH1,POWER,3.25
1765579802856,CH1,POWER,3.25
1765579802862,CH1,POWER,3.25
1765579802866,CH1,POWER,3.25
1765579802871,CH1,POWER,3.25
1765579802876,CH1,POWER,3.25
1765579802881,CH1,POWER,3.25
1765579802886,CH1,POWER,3.25
1765579802891,CH1,POWER,3.25
1765579802896,CH1,POWER,3.25
1765579802900,CH1,POWER,3.25
1765579802905,CH1,POWER,3.25
1765579802912,CH1,POWER,3.25
1765579802916,CH1,POWER,3.25
1765579802920,CH1,POWER,3.25
1765579802925,CH1,POWER,3.25
1765579802930,CH1,POWER,3.25
1765579802935,CH1,POWER,3.25
1765579802940,CH1,POWER,3.25
1765579802946,CH1,POWER,3.25
1765579802952,CH1,POWER,3.25
1765579802956,CH1,POWER,3.25
1765579802961,CH1,POWER,3.25
1765579802966,CH1,POWER,3.25
1765579802971,CH1,POWER,3.25
1765579802976,CH1,POWER,3.25
1765579802982,CH1,POWER,3.25
1765579802986,CH1,POWER,3.25
1765579802992,CH1,POWER,3.25
1765579802996,CH1,POWER,3.25
1765579803001,CH1,POWER,3.25
1765579803006,CH1,POWER,3.25
1765579803010,CH1,POWER,3.25
1765579803016,CH1,POWER,3.25
1765579803020,CH1,POWER,3.25
1765579803026,CH1,POWER,3.25
1765579803031,CH1,POWER,3.25
1765579803036,CH1,POWER,3.25
1765579803041,CH1,POWER,3.25
1765579803046,CH1,POWER,3.25
1765579803051,CH1,POWER,3.25
1765579803056,CH1,POWER,3.25
1765579803061,CH1,POWER,3.25
1765579803066,CH1,POWER,3.25
1765579803072,CH1,POWER,3.25
1765579803076,CH1,POWER,3.25
1765579803084,CH1,POWER,3.25
1765579803088,CH1,POWER,3.25
1765579803093,CH1,POWER,3.25
1765579803097,CH1,POWER,3.25
1765579803104,CH1,POWER,3.25
1765579803109,CH1,POWER,3.25
1765579803135,CH1,POWER,3.25
1765579803140,CH1,POWER,3.25
1765579803145,CH1,POWER,3.25
1765579803149,CH1,POWER,3.25
1765579803156,CH1,POWER,3.25
1765579803161,CH1,POWER,3.25
1765579803168,CH1,POWER,3.25
1765579803176,CH1,POWER,3.25
1765579803180,CH1,POWER,3.25
1765579803185,CH1,POWER,3.25
1765579803189,CH1,POWER,3.25
1765579803195,CH1,POWER,3.25
1765579803200,CH1,POWER,3.25
1765579803206,CH1,POWER,3.25
1765579803211,CH1,POWER,3.25
1765579803215,CH1,POWER,3.25
1765579803221,CH1,POWER,3.25
1765579803228,CH1,POWER,3.25
1765579803234,CH1,POWER,3.25
1765579803238,CH1,POWER,3.25
1765579803242,CH1,POWER,3.25
1765579803247,CH1,POWER,3.25
1765579803251,CH1,POWER,3.25
1765579803255,CH1,POWER,3.25
1765579803261,CH1,POWER,3.25
1765579803268,CH1,POWER,3.25
1765579803276,CH1,POWER,3.25
1765579803281,CH1,POWER,3.25
1765579803287,CH1,POWER,3.25
1765579803292,CH1,POWER,3.25
1765579803297,CH1,POWER,3.25
1765579803302,CH1,POWER,3.25
1765579803308,CH1,POWER,3.25
1765579803313,CH1,POWER,3.25
1765579803318,CH1,POWER,3.25
1765579803322,CH1,POWER,3.25
1765579803328,CH1,POWER,3.25
1765579803333,CH1,POWER,3.25
1765579803338,CH1,POWER,3.25
1765579803343,CH1,POWER,3.25
1765579803348,CH1,POWER,3.25
1765579803353,CH1,POWER,3.25
1765579803358,CH1,POWER,3.25
1765579803364,CH1,POWER,3.25
1765579803368,CH1,POWER,3.25
1765579803372,CH1,POWER,3.25
1765579803377,CH1,POWER,3.25
1765579803381,CH1,POWER,3.25
1765579803385,CH1,POWER,3.25
1765579803389,CH1,POWER,3.25
1765579803393,CH1,POWER,3.25
1765579803398,CH1,POWER,3.25
1765579803402,CH1,POWER,3.25
1765579803408,CH1,POWER,3.25
1765579803412,CH1,POWER,3.25
1765579803418,CH1,POWER,3.25
1765579803422,CH1,POWER,3.25
1765579803428,CH1,POWER,3.25
1765579803436,CH1,POWER,3.25
1765579803442,CH1,POWER,3.25
1765579803447,CH1,POWER,3.25
1765579803453,CH1,POWER,3.25
1765579803458,CH1,POWER,3.25
1765579803463,CH1,POWER,3.25
1765579803468,CH1,POWER,3.25
1765579803472,CH1,POWER,3.25
1765579803478,CH1,POWER,3.25
1765579803482,CH1,POWER,3.25
1765579803488,CH1,POWER,3.25
1765579803496,CH1,POWER,3.25
1765579803498,CH1,POWER,3.65
1765579803501,CH1,POWER,3.65
1765579803527,CH1,POWER,3.65
1765579803532,CH1,POWER,3.65
1765579803538,CH1,POWER,3.65
1765579803542,CH1,POWER,3.65
1765579803547,CH1,POWER,3.65
1765579803551,CH1,POWER,3.65
1765579803555,CH1,POWER,3.65
1765579803560,CH1,POWER,3.65
1765579803564,CH1,POWER,3.65
1765579803570,CH1,POWER,3.65
1765579803575,CH1,POWER,3.65
1765579803580,CH1,POWER,3.65
1765579803585,CH1,POWER,3.65
1765579803590,CH1,POWER,3.65
1765579803594,CH1,POWER,3.65
1765579803600,CH1,POWER,3.65
1765579803604,CH1,POWER,3.65
1765579803610,CH1,POWER,3.65
1765579803615,CH1,POWER,3.65
1765579803620,CH1,POWER,3.65
1765579803625,CH1,POWER,3.65
1765579803630,CH1,POWER,3.65
1765579803634,CH1,POWER,3.65
1765579803640,CH1,POWER,3.65
1765579803644,CH1,POWER,3.65
1765579803650,CH1,POWER,3.65
1765579803655,CH1,POWER,3.65
1765579803660,CH1,POWER,3.65
1765579803666,CH1,POWER,3.65
1765579803670,CH1,POWER,3.65
1765579803675,CH1,POWER,3.65
1765579803680,CH1,POWER,3.65
1765579803686,CH1,POWER,3.65
1765579803690,CH1,POWER,3.65
1765579803694,CH1,POWER,3.65
1765579803700,CH1,POWER,3.65
1765579803708,CH1,POWER,3.65
1765579803713,CH1,POWER,3.65
1765579803720,CH1,POWER,3.65
1765579803725,CH1,POWER,3.65
1765579803730,CH1,POWER,3.65
1765579803734,CH1,POWER,3.65
1765579803740,CH1,POWER,3.65
1765579803745,CH1,POWER,3.65
1765579803750,CH1,POWER,3.65
1765579803755,CH1,POWER,3.65
1765579803760,CH1,POWER,3.65
1765579803765,CH1,POWER,3.65
1765579803770,CH1,POWER,3.65
1765579803774,CH1,POWER,3.65
1765579803780,CH1,POWER,3.65
1765579803785,CH1,POWER,3.65
1765579803790,CH1,POWER,3.65
1765579803794,CH1,POWER,3.65
1765579803800,CH1,POWER,3.65
1765579803804,CH1,POWER,3.65
1765579803810,CH1,POWER,3.65
1765579803814,CH1,POWER,3.65
1765579803820,CH1,POWER,3.65
1765579803824,CH1,POWER,3.65
1765579803830,CH1,POWER,3.65
1765579803835,CH1,POWER,3.65
1765579803840,CH1,POWER,3.65
1765579803845,CH1,POWER,3.65
1765579803850,CH1,POWER,3.65
1765579803854,CH1,POWER,3.65
1765579803860,CH1,POWER,3.65
1765579803864,CH1,POWER,3.65
1765579803870,CH1,POWER,3.65
1765579803874,CH1,POWER,3.65
1765579803880,CH1,POWER,3.65
1765579803884,CH1,POWER,3.65
1765579803888,CH1,POWER,3.65
1765579803890,CH1,POWER,3.70
1765579803893,CH1,POWER,3.70
1765579803919,CH1,POWER,3.70
1765579803924,CH1,POWER,3.70
1765579803932,CH1,POWER,3.70
1765579803936,CH1,POWER,3.70
1765579803941,CH1,POWER,3.70
1765579803946,CH1,POWER,3.70
1765579803952,CH1,POWER,3.70
1765579803957,CH1,POWER,3.70
1765579803962,CH1,POWER,3.70
1765579803967,CH1,POWER,3.70
1765579803972,CH1,POWER,3.70
1765579803977,CH1,POWER,3.70
1765579803982,CH1,POWER,3.70
1765579803990,CH1,POWER,3.70
1765579803995,CH1,POWER,3.70
1765579803999,CH1,POWER,3.70
1765579804005,CH1,POWER,3.70
1765579804012,CH1,POWER,3.70
1765579804017,CH1,POWER,3.70
1765579804022,CH1,POWER,3.70
1765579804027,CH1,POWER,3.70
1765579804032,CH1,POWER,3.70
1765579804036,CH1,POWER,3.70
1765579804042,CH1,POWER,3.70
1765579804047,CH1,POWER,3.70
1765579804052,CH1,POWER,3.70
1765579804056,CH1,POWER,3.70
1765579804062,CH1,POWER,3.70
1765579804070,CH1,POWER,3.70
1765579804075,CH1,POWER,3.70
1765579804082,CH1,POWER,3.70
1765579804087,CH1,POWER,3.70
1765579804092,CH1,POWER,3.70
1765579804097,CH1,POWER,3.70
1765579804102,CH1,POWER,3.70
1765579804107,CH1,POWER,3.70
1765579804112,CH1,POWER,3.70
1765579804120,CH1,POWER,3.70
1765579804124,CH1,POWER,3.70
1765579804132,CH1,POWER,3.70
1765579804137,CH1,POWER,3.70
1765579804142,CH1,POWER,3.70
1765579804147,CH1,POWER,3.70
1765579804152,CH1,POWER,3.70
1765579804156,CH1,POWER,3.70
1765579804161,CH1,POWER,3.70
1765579804165,CH1,POWER,3.70
1765579804171,CH1,POWER,3.70
1765579804175,CH1,POWER,3.70
1765579804182,CH1,POWER,3.70
1765579804187,CH1,POWER,3.70
1765579804192,CH1,POWER,3.70
1765579804197,CH1,POWER,3.70
1765579804202,CH1,POWER,3.70
1765579804207,CH1,POWER,3.70
1765579804212,CH1,POWER,3.70
1765579804216,CH1,POWER,3.70
1765579804221,CH1,POWER,3.70
1765579804225,CH1,POWER,3.70
1765579804232,CH1,POWER,3.70
1765579804236,CH1,POWER,3.70
1765579804242,CH1,POWER,3.70
1765579804246,CH1,POWER,3.70
1765579804252,CH1,POWER,3.70
1765579804256,CH1,POWER,3.70
1765579804261,CH1,POWER,3.70
1765579804267,CH1,POWER,3.70
1765579804272,CH1,POWER,3.70
1765579804277,CH1,POWER,3.70
1765579804280,CH1,POWER,3.25
1765579804282,CH1,POWER,3.25
1765579804285,CH1,POWER,3.25
1765579804311,CH1,POWER,3.25
1765579804316,CH1,POWER,3.25
1765579804321,CH1,POWER,3.25
1765579804325,CH1,POWER,3.25
1765579804332,CH1,POWER,3.25
1765579804337,CH1,POWER,3.25
1765579804344,CH1,POWER,3.25
1765579804349,CH1,POWER,3.25
1765579804354,CH1,POWER,3.25
1765579804359,CH1,POWER,3.25
1765579804364,CH1,POWER,3.25
1765579804369,CH1,POWER,3.25
1765579804374,CH1,POWER,3.25
1765579804378,CH1,POWER,3.25
1765579804383,CH1,POWER,3.25
1765579804388,CH1,POWER,3.25
1765579804393,CH1,POWER,3.25
1765579804397,CH1,POWER,3.25
1765579804403,CH1,POWER,3.25
1765579804407,CH1,POWER,3.25
1765579804411,CH1,POWER,3.25
1765579804416,CH1,POWER,3.25
1765579804422,CH1,POWER,3.25
1765579804427,CH1,POWER,3.25
1765579804434,CH1,POWER,3.25
1765579804439,CH1,POWER,3.25
1765579804444,CH1,POWER,3.25
1765579804449,CH1,POWER,3.25
1765579804454,CH1,POWER,3.25
1765579804459,CH1,POWER,3.25
1765579804464,CH1,POWER,3.25
1765579804469,CH1,POWER,3.25
1765579804474,CH1,POWER,3.25
1765579804478,CH1,POWER,3.25
1765579804484,CH1,POWER,3.25
1765579804489,CH1,POWER,3.25
1765579804494,CH1,POWER,3.25
1765579804499,CH1,POWER,3.25
1765579804504,CH1,POWER,3.25
1765579804509,CH1,POWER,3.25
1765579804514,CH1,POWER,3.25
1765579804518,CH1,POWER,3.25
1765579804524,CH1,POWER,3.25
1765579804528,CH1,POWER,3.25
1765579804534,CH1,POWER,3.25
1765579804538,CH1,POWER,3.25
1765579804543,CH1,POWER,3.25
1765579804548,CH1,POWER,3.25
1765579804554,CH1,POWER,3.25
1765579804558,CH1,POWER,3.25
1765579804563,CH1,POWER,3.25
1765579804568,CH1,POWER,3.25
1765579804573,CH1,POWER,3.25
1765579804579,CH1,POWER,3.25
1765579804584,CH1,POWER,3.25
1765579804592,CH1,POWER,3.25
1765579804596,CH1,POWER,3.25
1765579804601,CH1,POWER,3.25
1765579804606,CH1,POWER,3.25
1765579804614,CH1,POWER,3.25
1765579804619,CH1,POWER,3.25
1765579804624,CH1,POWER,3.25
1765579804628,CH1,POWER,3.25
1765579804633,CH1,POWER,3.25
1765579804638,CH1,POWER,3.25
1765579804643,CH1,POWER,3.25
1765579804649,CH1,POWER,3.25
1765579804654,CH1,POWER,3.25
1765579804659,CH1,POWER,3.25
1765579804664,CH1,POWER,3.25
1765579804672,CH1,POWER,3.25
1765579804675,CH1,POWER,3.25
1765579804678,CH1,POWER,3.25
1765579804705,CH1,POWER,3.25
1765579804710,CH1,POWER,3.25
1765579804715,CH1,POWER,3.25
1765579804719,CH1,POWER,3.25
1765579804726,CH1,POWER,3.25
1765579804731,CH1,POWER,3.25
1765579804736,CH1,POWER,3.25
1765579804741,CH1,POWER,3.25
1765579804746,CH1,POWER,3.25
1765579804751,CH1,POWER,3.25
1765579804756,CH1,POWER,3.25
1765579804764,CH1,POWER,3.25
1765579804769,CH1,POWER,3.25
1765579804776,CH1,POWER,3.25
1765579804781,CH1,POWER,3.25
1765579804786,CH1,POWER,3.25
1765579804790,CH1,POWER,3.25
1765579804795,CH1,POWER,3.25
1765579804800,CH1,POWER,3.25
1765579804806,CH1,POWER,3.25
1765579804811,CH1,POWER,3.25
1765579804816,CH1,POWER,3.25
1765579804821,CH1,POWER,3.25
1765579804826,CH1,POWER,3.25
1765579804830,CH1,POWER,3.25
1765579804836,CH1,POWER,3.25
1765579804840,CH1,POWER,3.25
1765579804845,CH1,POWER,3.25
1765579804850,CH1,POWER,3.25
1765579804855,CH1,POWER,3.25
1765579804860,CH1,POWER,3.25
1765579804866,CH1,POWER,3.25
1765579804870,CH1,POWER,3.25
1765579804875,CH1,POWER,3.25
1765579804879,CH1,POWER,3.25
1765579804885,CH1,POWER,3.25
1765579804889,CH1,POWER,3.25
1765579804895,CH1,POWER,3.25
1765579804899,CH1,POWER,3.25
1765579804906,CH1,POWER,3.25
1765579804914,CH1,POWER,3.25
1765579804919,CH1,POWER,3.25
1765579804926,CH1,POWER,3.25
1765579804931,CH1,POWER,3.25
1765579804936,CH1,POWER,3.25
1765579804941,CH1,POWER,3.25
1765579804946,CH1,POWER,3.25
1765579804951,CH1,POWER,3.25
1765579804956,CH1,POWER,3.25
1765579804961,CH1,POWER,3.25
1765579804966,CH1,POWER,3.25
1765579804970,CH1,POWER,3.25
1765579804976,CH1,POWER,3.25
1765579804981,CH1,POWER,3.25
1765579804986,CH1,POWER,3.25
1765579804991,CH1,POWER,3.25
1765579804996,CH1,POWER,3.25
1765579805001,CH1,POWER,3.25
1765579805006,CH1,POWER,3.25
1765579805010,CH1,POWER,3.25
1765579805015,CH1,POWER,3.25
1765579805020,CH1,POWER,3.25
1765579805025,CH1,POWER,3.25
1765579805030,CH1,POWER,3.25
1765579805036,CH1,POWER,3.25
1765579805041,CH1,POWER,3.25
1765579805046,CH1,POWER,3.25
1765579805051,CH1,POWER,3.25
1765579805056,CH1,POWER,3.25
1765579805059,CH1,POWER,3.25
1765579805085,CH1,POWER,3.25
1765579805090,CH1,POWER,3.25
1765579805095,CH1,POWER,3.25
1765579805099,CH1,POWER,3.25
1765579805106,CH1,POWER,3.25
1765579805111,CH1,POWER,3.25
1765579805115,CH1,POWER,3.25
1765579805120,CH1,POWER,3.25
1765579805126,CH1,POWER,3.25
1765579805131,CH1,POWER,3.25
1765579805138,CH1,POWER,3.25
1765579805146,CH1,POWER,3.25
1765579805151,CH1,POWER,3.25
1765579805155,CH1,POWER,3.25
1765579805160,CH1,POWER,3.25
1765579805168,CH1,POWER,3.25
1765579805176,CH1,POWER,3.25
1765579805180,CH1,POWER,3.25
1765579805185,CH1,POWER,3.25
1765579805190,CH1,POWER,3.25
1765579805196,CH1,POWER,3.25
1765579805201,CH1,POWER,3.25
1765579805205,CH1,POWER,3.25
1765579805210,CH1,POWER,3.25
1765579805216,CH1,POWER,3.25
1765579805221,CH1,POWER,3.25
1765579805228,CH1,POWER,3.25
1765579805236,CH1,POWER,3.25
1765579805242,CH1,POWER,3.25
1765579805248,CH1,POWER,3.25
1765579805253,CH1,POWER,3.25
1765579805258,CH1,POWER,3.25
1765579805261,CH1,POWER,3.25
1765579805268,CH1,POWER,3.25
1765579805273,CH1,POWER,3.25
1765579805278,CH1,POWER,3.25
1765579805283,CH1,POWER,3.25
1765579805288,CH1,POWER,3.25
1765579805293,CH1,POWER,3.25
1765579805298,CH1,POWER,3.25
1765579805302,CH1,POWER,3.25
1765579805308,CH1,POWER,3.25
1765579805313,CH1,POWER,3.25
1765579805318,CH1,POWER,3.25
1765579805323,CH1,POWER,3.25
1765579805328,CH1,POWER,3.25
1765579805332,CH1,POWER,3.25
1765579805337,CH1,POWER,3.25
1765579805341,CH1,POWER,3.25
1765579805347,CH1,POWER,3.25
1765579805351,CH1,POWER,3.25
1765579805357,CH1,POWER,3.25
1765579805361,CH1,POWER,3.25
1765579805367,CH1,POWER,3.25
1765579805371,CH1,POWER,3.25
1765579805377,CH1,POWER,3.25
1765579805381,CH1,POWER,3.25
1765579805387,CH1,POWER,3.25
1765579805391,CH1,POWER,3.25
1765579805397,CH1,POWER,3.25
1765579805401,CH1,POWER,3.25
1765579805407,CH1,POWER,3.25
1765579805411,CH1,POWER,3.25
1765579805417,CH1,POWER,3.25
1765579805422,CH1,POWER,3.25
1765579805428,CH1,POWER,3.25
1765579805433,CH1,POWER,3.25
1765579805438,CH1,POWER,3.25
1765579805443,CH1,POWER,3.25
1765579805448,CH1,POWER,3.25
1765579805452,CH1,POWER,3.25
1765579805480,CH1,POWER,3.25
1765579805488,CH1,POWER,3.25
1765579805494,CH1,POWER,3.25
1765579805500,CH1,POWER,3.25
1765579805505,CH1,POWER,3.25
1765579805510,CH1,POWER,3.25
1765579805515,CH1,POWER,3.25
1765579805520,CH1,POWER,3.25
1765579805525,CH1,POWER,3.25
1765579805529,CH1,POWER,3.25
1765579805534,CH1,POWER,3.25
1765579805540,CH1,POWER,3.25
1765579805544,CH1,POWER,3.25
1765579805550,CH1,POWER,3.25
1765579805558,CH1,POWER,3.25
1765579805564,CH1,POWER,3.25
1765579805569,CH1,POWER,3.25
1765579805574,CH1,POWER,3.25
1765579805580,CH1,POWER,3.25
1765579805588,CH1,POWER,3.25
1765579805593,CH1,POWER,3.25
1765579805599,CH1,POWER,3.25
1765579805604,CH1,POWER,3.25
1765579805610,CH1,POWER,3.25
1765579805615,CH1,POWER,3.25
1765579805620,CH1,POWER,3.25
1765579805625,CH1,POWER,3.25
1765579805630,CH1,POWER,3.25
1765579805635,CH1,POWER,3.25
1765579805640,CH1,POWER,3.25
1765579805644,CH1,POWER,3.25
1765579805650,CH1,POWER,3.25
1765579805655,CH1,POWER,3.25
1765579805660,CH1,POWER,3.25
1765579805665,CH1,POWER,3.25
1765579805670,CH1,POWER,3.25
1765579805678,CH1,POWER,3.25
1765579805683,CH1,POWER,3.25
1765579805690,CH1,POWER,3.25
1765579805695,CH1,POWER,3.25
1765579805700,CH1,POWER,3.25
1765579805705,CH1,POWER,3.25
1765579805710,CH1,POWER,3.25
1765579805715,CH1,POWER,3.25
1765579805720,CH1,POWER,3.25
1765579805728,CH1,POWER,3.25
1765579805734,CH1,POWER,3.25
1765579805739,CH1,POWER,3.25
1765579805743,CH1,POWER,3.25
1765579805749,CH1,POWER,3.25
1765579805755,CH1,POWER,3.25
1765579805760,CH1,POWER,3.25
1765579805768,CH1,POWER,3.25
1765579805773,CH1,POWER,3.25
1765579805779,CH1,POWER,3.25
1765579805784,CH1,POWER,3.25
1765579805790,CH1,POWER,3.25
1765579805798,CH1,POWER,3.25
1765579805802,CH1,POWER,3.25
1765579805810,CH1,POWER,3.25
1765579805815,CH1,POWER,3.25
1765579805820,CH1,POWER,3.25
1765579805824,CH1,POWER,3.25
1765579805829,CH1,POWER,3.25
1765579805833,CH1,POWER,3.65
1765579805859,CH1,POWER,3.65
1765579805864,CH1,POWER,3.65
1765579805869,CH1,POWER,3.65
1765579805873,CH1,POWER,3.65
1765579805880,CH1,POWER,3.65
1765579805884,CH1,POWER,3.65
1765579805889,CH1,POWER,3.65
1765579805894,CH1,POWER,3.65
1765579805902,CH1,POWER,3.65
1765579805906,CH1,POWER,3.65
1765579805912,CH1,POWER,3.65
1765579805917,CH1,POWER,3.65
1765579805922,CH1,POWER,3.65
1765579805927,CH1,POWER,3.65
1765579805932,CH1,POWER,3.65
1765579805937,CH1,POWER,3.65
1765579805942,CH1,POWER,3.65
1765579805946,CH1,POWER,3.65
1765579805951,CH1,POWER,3.65
1765579805956,CH1,POWER,3.65
1765579805962,CH1,POWER,3.65
1765579805970,CH1,POWER,3.65
1765579805976,CH1,POWER,3.65
1765579805981,CH1,POWER,3.65
1765579805987,CH1,POWER,3.65
1765579805992,CH1,POWER,3.65
1765579806000,CH1,POWER,3.65
1765579806005,CH1,POWER,3.65
1765579806012,CH1,POWER,3.65
1765579806017,CH1,POWER,3.65
1765579806022,CH1,POWER,3.65
1765579806026,CH1,POWER,3.65
1765579806031,CH1,POWER,3.65
1765579806036,CH1,POWER,3.65
1765579806041,CH1,POWER,3.65
1765579806045,CH1,POWER,3.65
1765579806052,CH1,POWER,3.65
1765579806057,CH1,POWER,3.65
1765579806062,CH1,POWER,3.65
1765579806067,CH1,POWER,3.65
1765579806072,CH1,POWER,3.65
1765579806076,CH1,POWER,3.65
1765579806081,CH1,POWER,3.65
1765579806085,CH1,POWER,3.65
1765579806091,CH1,POWER,3.65
1765579806096,CH1,POWER,3.65
1765579806101,CH1,POWER,3.65
1765579806105,CH1,POWER,3.65
1765579806112,CH1,POWER,3.65
1765579806117,CH1,POWER,3.65
1765579806122,CH1,POWER,3.65
1765579806126,CH1,POWER,3.65
1765579806131,CH1,POWER,3.65
1765579806135,CH1,POWER,3.65
1765579806142,CH1,POWER,3.65
1765579806146,CH1,POWER,3.65
1765579806152,CH1,POWER,3.65
1765579806157,CH1,POWER,3.65
1765579806162,CH1,POWER,3.65
1765579806166,CH1,POWER,3.65
1765579806172,CH1,POWER,3.65
1765579806180,CH1,POWER,3.65
1765579806185,CH1,POWER,3.65
1765579806192,CH1,POWER,3.65
1765579806197,CH1,POWER,3.65
1765579806202,CH1,POWER,3.65
1765579806207,CH1,POWER,3.65
1765579806212,CH1,POWER,3.65
1765579806217,CH1,POWER,3.65
1765579806222,CH1,POWER,3.65
1765579806226,CH1,POWER,3.65
1765579806254,CH1,POWER,3.25
1765579806259,CH1,POWER,3.25
1765579806264,CH1,POWER,3.25
1765579806269,CH1,POWER,3.25
1765579806274,CH1,POWER,3.25
1765579806281,CH1,POWER,3.25
1765579806286,CH1,POWER,3.25
1765579806291,CH1,POWER,3.25
1765579806295,CH1,POWER,3.25
1765579806302,CH1,POWER,3.25
1765579806308,CH1,POWER,3.25
1765579806313,CH1,POWER,3.25
1765579806319,CH1,POWER,3.25
1765579806324,CH1,POWER,3.25
1765579806332,CH1,POWER,3.25
1765579806337,CH1,POWER,3.25
1765579806344,CH1,POWER,3.25
1765579806349,CH1,POWER,3.25
1765579806354,CH1,POWER,3.25
1765579806359,CH1,POWER,3.25
1765579806364,CH1,POWER,3.25
1765579806372,CH1,POWER,3.25
1765579806376,CH1,POWER,3.25
1765579806381,CH1,POWER,3.25
1765579806386,CH1,POWER,3.25
1765579806392,CH1,POWER,3.25
1765579806397,CH1,POWER,3.25
1765579806401,CH1,POWER,3.25
1765579806407,CH1,POWER,3.25
1765579806413,CH1,POWER,3.25
1765579806419,CH1,POWER,3.25
1765579806424,CH1,POWER,3.25
1765579806432,CH1,POWER,3.25
1765579806437,CH1,POWER,3.25
1765579806444,CH1,POWER,3.25
1765579806449,CH1,POWER,3.25
1765579806454,CH1,POWER,3.25
1765579806459,CH1,POWER,3.25
1765579806464,CH1,POWER,3.25
1765579806469,CH1,POWER,3.25
1765579806474,CH1,POWER,3.25
1765579806478,CH1,POWER,3.25
1765579806484,CH1,POWER,3.25
1765579806489,CH1,POWER,3.25
1765579806494,CH1,POWER,3.25
1765579806499,CH1,POWER,3.25
1765579806504,CH1,POWER,3.25
1765579806508,CH1,POWER,3.25
1765579806513,CH1,POWER,3.25
1765579806518,CH1,POWER,3.25
1765579806524,CH1,POWER,3.25
1765579806529,CH1,POWER,3.25
1765579806534,CH1,POWER,3.25
1765579806538,CH1,POWER,3.25
1765579806544,CH1,POWER,3.25
1765579806549,CH1,POWER,3.25
1765579806554,CH1,POWER,3.25
1765579806557,CH1,POWER,3.25
1765579806564,CH1,POWER,3.25
1765579806569,CH1,POWER,3.25
1765579806574,CH1,POWER,3.25
1765579806582,CH1,POWER,3.25
1765579806586,CH1,POWER,3.25
1765579806591,CH1,POWER,3.25
1765579806595,CH1,POWER,3.25
1765579806602,CH1,POWER,3.25
1765579806606,CH1,POWER,3.25
1765579806608,CH1,POWER,3.10
1765579806636,CH1,POWER,3.10
1765579806641,CH1,POWER,3.10
1765579806646,CH1,POWER,3.10
1765579806650,CH1,POWER,3.10
1765579806655,CH1,POWER,3.10
1765579806659,CH1,POWER,3.10
1765579806666,CH1,POWER,3.10
1765579806671,CH1,POWER,3.10
1765579806676,CH1,POWER,3.10
1765579806681,CH1,POWER,3.10
1765579806686,CH1,POWER,3.10
1765579806691,CH1,POWER,3.10
1765579806696,CH1,POWER,3.10
1765579806700,CH1,POWER,3.10
1765579806705,CH1,POWER,3.10
1765579806709,CH1,POWER,3.10
1765579806713,CH1,POWER,3.10
1765579806718,CH1,POWER,3.10
1765579806724,CH1,POWER,3.10
1765579806729,CH1,POWER,3.10
1765579806733,CH1,POWER,3.10
1765579806739,CH1,POWER,3.10
1765579806746,CH1,POWER,3.10
1765579806754,CH1,POWER,3.10
1765579806759,CH1,POWER,3.10
1765579806766,CH1,POWER,3.10
1765579806770,CH1,POWER,3.10
1765579806774,CH1,POWER,3.10
1765579806779,CH1,POWER,3.10
1765579806786,CH1,POWER,3.10
1765579806794,CH1,POWER,3.10
1765579806799,CH1,POWER,3.10
1765579806803,CH1,POWER,3.10
1765579806807,CH1,POWER,3.10
1765579806811,CH1,POWER,3.10
1765579806816,CH1,POWER,3.10
1765579806820,CH1,POWER,3.10
1765579806826,CH1,POWER,3.10
1765579806831,CH1,POWER,3.10
1765579806836,CH1,POWER,3.10
1765579806841,CH1,POWER,3.10
1765579806846,CH1,POWER,3.10
1765579806850,CH1,POWER,3.10
1765579806854,CH1,POWER,3.10
1765579806858,CH1,POWER,3.10
1765579806863,CH1,POWER,3.10
1765579806868,CH1,POWER,3.10
1765579806873,CH1,POWER,3.10
1765579806878,CH1,POWER,3.10
1765579806883,CH1,POWER,3.10
1765579806887,CH1,POWER,3.10
1765579806894,CH1,POWER,3.10
1765579806900,CH1,POWER,3.10
1765579806905,CH1,POWER,3.10
1765579806910,CH1,POWER,3.10
1765579806916,CH1,POWER,3.10
1765579806921,CH1,POWER,3.10
1765579806925,CH1,POWER,3.10
1765579806930,CH1,POWER,3.10
1765579806935,CH1,POWER,3.10
1765579806940,CH1,POWER,3.10
1765579806944,CH1,POWER,3.10
1765579806949,CH1,POWER,3.10
1765579806956,CH1,POWER,3.10
1765579806961,CH1,POWER,3.10
1765579806966,CH1,POWER,3.10
1765579806971,CH1,POWER,3.10
1765579806975,CH1,POWER,3.10
1765579806979,CH1,POWER,3.10
1765579806985,CH1,POWER,3.10
1765579806990,CH1,POWER,3.10
1765579806994,CH1,POWER,3.10
1765579806999,CH1,POWER,3.10
1765579807027,CH1,POWER,3.25
1765579807032,CH1,POWER,3.25
1765579807036,CH1,POWER,3.25
1765579807040,CH1,POWER,3.25
1765579807045,CH1,POWER,3.25
1765579807049,CH1,POWER,3.25
1765579807055,CH1,POWER,3.25
1765579807059,CH1,POWER,3.25
1765579807066,CH1,POWER,3.25
1765579807070,CH1,POWER,3.25
1765579807074,CH1,POWER,3.25
1765579807079,CH1,POWER,3.25
1765579807086,CH1,POWER,3.25
1765579807090,CH1,POWER,3.25
1765579807095,CH1,POWER,3.25
1765579807100,CH1,POWER,3.25
1765579807107,CH1,POWER,3.25
1765579807112,CH1,POWER,3.25
1765579807117,CH1,POWER,3.25
1765579807122,CH1,POWER,3.25
1765579807126,CH1,POWER,3.25
1765579807131,CH1,POWER,3.25
1765579807137,CH1,POWER,3.25
1765579807142,CH1,POWER,3.25
1765579807147,CH1,POWER,3.25
1765579807152,CH1,POWER,3.25
1765579807156,CH1,POWER,3.25
1765579807161,CH1,POWER,3.25
1765579807167,CH1,POWER,3.25
1765579807172,CH1,POWER,3.25
1765579807176,CH1,POWER,3.25
1765579807181,CH1,POWER,3.25
1765579807186,CH1,POWER,3.25
1765579807191,CH1,POWER,3.25
1765579807196,CH1,POWER,3.25
1765579807201,CH1,POWER,3.25
1765579807208,CH1,POWER,3.25
1765579807213,CH1,POWER,3.25
1765579807218,CH1,POWER,3.25
1765579807223,CH1,POWER,3.25
1765579807228,CH1,POWER,3.25
1765579807233,CH1,POWER,3.25
1765579807237,CH1,POWER,3.25
1765579807242,CH1,POWER,3.25
1765579807247,CH1,POWER,3.25
1765579807250,CH1,POWER,3.25
1765579807255,CH1,POWER,3.25
1765579807260,CH1,POWER,3.25
1765579807265,CH1,POWER,3.25
1765579807269,CH1,POWER,3.25
1765579807275,CH1,POWER,3.25
1765579807279,CH1,POWER,3.25
1765579807285,CH1,POWER,3.25
1765579807289,CH1,POWER,3.25
1765579807295,CH1,POWER,3.25
1765579807299,CH1,POWER,3.25
1765579807305,CH1,POWER,3.25
1765579807309,CH1,POWER,3.25
1765579807315,CH1,POWER,3.25
1765579807319,CH1,POWER,3.25
1765579807325,CH1,POWER,3.25
1765579807329,CH1,POWER,3.25
1765579807335,CH1,POWER,3.25
1765579807339,CH1,POWER,3.25
1765579807345,CH1,POWER,3.25
1765579807349,CH1,POWER,3.25
1765579807356,CH1,POWER,3.25
1765579807362,CH1,POWER,3.25
1765579807367,CH1,POWER,3.25
1765579807371,CH1,POWER,3.25
1765579807378,CH1,POWER,3.25
1765579807383,CH1,POWER,3.25
1765579807387,CH1,POWER,3.65
1765579807389,CH1,POWER,3.65
1765579807392,CH1,POWER,3.65
1765579807420,CH1,POWER,3.65
1765579807425,CH1,POWER,3.65
1765579807430,CH1,POWER,3.65
1765579807435,CH1,POWER,3.65
1765579807440,CH1,POWER,3.65
1765579807448,CH1,POWER,3.65
1765579807453,CH1,POWER,3.65
1765579807459,CH1,POWER,3.65
1765579807463,CH1,POWER,3.65
1765579807469,CH1,POWER,3.65
1765579807474,CH1,POWER,3.65
1765579807480,CH1,POWER,3.65
1765579807485,CH1,POWER,3.65
1765579807489,CH1,POWER,3.65
1765579807494,CH1,POWER,3.65
1765579807498,CH1,POWER,3.65
1765579807503,CH1,POWER,3.65
1765579807508,CH1,POWER,3.65
1765579807513,CH1,POWER,3.65
1765579807520,CH1,POWER,3.65
1765579807525,CH1,POWER,3.65
1765579807530,CH1,POWER,3.65
1765579807535,CH1,POWER,3.65
1765579807540,CH1,POWER,3.65
1765579807545,CH1,POWER,3.65
1765579807549,CH1,POWER,3.65
1765579807554,CH1,POWER,3.65
1765579807559,CH1,POWER,3.65
1765579807564,CH1,POWER,3.65
1765579807569,CH1,POWER,3.65
1765579807574,CH1,POWER,3.65
1765579807580,CH1,POWER,3.65
1765579807585,CH1,POWER,3.65
1765579807589,CH1,POWER,3.65
1765579807594,CH1,POWER,3.65
1765579807600,CH1,POWER,3.65
1765579807605,CH1,POWER,3.65
1765579807609,CH1,POWER,3.65
1765579807613,CH1,POWER,3.65
1765579807620,CH1,POWER,3.65
1765579807625,CH1,POWER,3.65
1765579807629,CH1,POWER,3.65
1765579807634,CH1,POWER,3.65
1765579807639,CH1,POWER,3.65
1765579807644,CH1,POWER,3.65
1765579807650,CH1,POWER,3.65
1765579807655,CH1,POWER,3.65
1765579807660,CH1,POWER,3.65
1765579807665,CH1,POWER,3.65
1765579807670,CH1,POWER,3.65
1765579807678,CH1,POWER,3.65
1765579807683,CH1,POWER,3.65
1765579807690,CH1,POWER,3.65
1765579807695,CH1,POWER,3.65
1765579807700,CH1,POWER,3.65
1765579807705,CH1,POWER,3.65
1765579807710,CH1,POWER,3.65
1765579807715,CH1,POWER,3.65
1765579807719,CH1,POWER,3.65
1765579807724,CH1,POWER,3.65
1765579807728,CH1,POWER,3.65
1765579807733,CH1,POWER,3.65
1765579807740,CH1,POWER,3.65
1765579807745,CH1,POWER,3.65
1765579807750,CH1,POWER,3.65
1765579807758,CH1,POWER,3.65
1765579807762,CH1,POWER,3.65
1765579807767,CH1,POWER,3.65
1765579807772,CH1,POWER,3.65
1765579807778,CH1,POWER,3.65
1765579807781,CH1,POWER,3.25
1765579807783,CH1,POWER,3.25
1765579807811,CH1,POWER,3.25
1765579807816,CH1,POWER,3.25
1765579807820,CH1,POWER,3.25
1765579807825,CH1,POWER,3.25
1765579807832,CH1,POWER,3.25
1765579807837,CH1,POWER,3.25
1765579807842,CH1,POWER,3.25
1765579807847,CH1,POWER,3.25
1765579807851,CH1,POWER,3.25
1765579807856,CH1,POWER,3.25
1765579807860,CH1,POWER,3.25
1765579807865,CH1,POWER,3.25
1765579807870,CH1,POWER,3.25
1765579807874,CH1,POWER,3.25
1765579807882,CH1,POWER,3.25
1765579807887,CH1,POWER,3.25
1765579807891,CH1,POWER,3.25
1765579807896,CH1,POWER,3.25
1765579807901,CH1,POWER,3.25
1765579807906,CH1,POWER,3.25
1765579807911,CH1,POWER,3.25
1765579807915,CH1,POWER,3.25
1765579807921,CH1,POWER,3.25
1765579807925,CH1,POWER,3.25
1765579807932,CH1,POWER,3.25
1765579807937,CH1,POWER,3.25
1765579807941,CH1,POWER,3.25
1765579807946,CH1,POWER,3.25
1765579807950,CH1,POWER,3.25
1765579807954,CH1,POWER,3.25
1765579807958,CH1,POWER,3.25
1765579807962,CH1,POWER,3.25
1765579807968,CH1,POWER,3.25
1765579807973,CH1,POWER,3.25
1765579807979,CH1,POWER,3.25
1765579807984,CH1,POWER,3.25
1765579807992,CH1,POWER,3.25
1765579807997,CH1,POWER,3.25
1765579808002,CH1,POWER,3.25
1765579808007,CH1,POWER,3.25
1765579808012,CH1,POWER,3.25
1765579808017,CH1,POWER,3.25
1765579808021,CH1,POWER,3.25
1765579808025,CH1,POWER,3.25
1765579808032,CH1,POWER,3.25
1765579808037,CH1,POWER,3.25
1765579808041,CH1,POWER,3.25
1765579808045,CH1,POWER,3.25
1765579808052,CH1,POWER,3.25
1765579808057,CH1,POWER,3.25
1765579808061,CH1,POWER,3.25
1765579808065,CH1,POWER,3.25
1765579808071,CH1,POWER,3.25
1765579808075,CH1,POWER,3.25
1765579808082,CH1,POWER,3.25
1765579808087,CH1,POWER,3.25
1765579808091,CH1,POWER,3.25
1765579808095,CH1,POWER,3.25
1765579808102,CH1,POWER,3.25
1765579808107,CH1,POWER,3.25
1765579808112,CH1,POWER,3.25
1765579808117,CH1,POWER,3.25
1765579808122,CH1,POWER,3.25
1765579808127,CH1,POWER,3.25
1765579808131,CH1,POWER,3.25
1765579808137,CH1,POWER,3.25
1765579808141,CH1,POWER,3.25
1765579808145,CH1,POWER,3.25
1765579808152,CH1,POWER,3.25
1765579808157,CH1,POWER,3.25
1765579808161,CH1,POWER,3.25
1765579808166,CH1,POWER,3.25
1765579808171,CH1,POWER,3.25
1765579808173,CH1,POWER,3.25
1765579808176,CH1,POWER,3.25
1765579808203,CH1,POWER,3.25
1765579808208,CH1,POWER,3.25
1765579808212,CH1,POWER,3.25
1765579808218,CH1,POWER,3.25
1765579808223,CH1,POWER,3.25
1765579808227,CH1,POWER,3.25
1765579808234,CH1,POWER,3.25
1765579808239,CH1,POWER,3.25
1765579808243,CH1,POWER,3.25
1765579808248,CH1,POWER,3.25
1765579808253,CH1,POWER,3.25
1765579808257,CH1,POWER,3.25
1765579808264,CH1,POWER,3.25
1765579808269,CH1,POWER,3.25
1765579808273,CH1,POWER,3.25
1765579808278,CH1,POWER,3.25
1765579808283,CH1,POWER,3.25
1765579808287,CH1,POWER,3.25
1765579808293,CH1,POWER,3.25
1765579808299,CH1,POWER,3.25
1765579808303,CH1,POWER,3.25
1765579808307,CH1,POWER,3.25
1765579808314,CH1,POWER,3.25
1765579808319,CH1,POWER,3.25
1765579808324,CH1,POWER,3.25
1765579808329,CH1,POWER,3.25
1765579808334,CH1,POWER,3.25
1765579808339,CH1,POWER,3.25
1765579808343,CH1,POWER,3.25
1765579808349,CH1,POWER,3.25
1765579808354,CH1,POWER,3.25
1765579808359,CH1,POWER,3.25
1765579808363,CH1,POWER,3.25
1765579808369,CH1,POWER,3.25
1765579808373,CH1,POWER,3.25
1765579808378,CH1,POWER,3.25
1765579808384,CH1,POWER,3.25
1765579808389,CH1,POWER,3.25
1765579808394,CH1,POWER,3.25
1765579808399,CH1,POWER,3.25
1765579808403,CH1,POWER,3.25
1765579808412,CH1,POWER,3.25
1765579808417,CH1,POWER,3.25
1765579808422,CH1,POWER,3.25
1765579808426,CH1,POWER,3.25
1765579808431,CH1,POWER,3.25
1765579808435,CH1,POWER,3.25
1765579808442,CH1,POWER,3.25
1765579808447,CH1,POWER,3.25
1765579808453,CH1,POWER,3.25
1765579808462,CH1,POWER,3.25
1765579808467,CH1,POWER,3.25
1765579808474,CH1,POWER,3.25
1765579808479,CH1,POWER,3.25
1765579808484,CH1,POWER,3.25
1765579808489,CH1,POWER,3.25
1765579808494,CH1,POWER,3.25
1765579808502,CH1,POWER,3.25
1765579808507,CH1,POWER,3.25
1765579808513,CH1,POWER,3.25
1765579808517,CH1,POWER,3.25
1765579808523,CH1,POWER,3.25
1765579808527,CH1,POWER,3.25
1765579808534,CH1,POWER,3.25
1765579808539,CH1,POWER,3.25
1765579808543,CH1,POWER,3.25
1765579808547,CH1,POWER,3.25
1765579808554,CH1,POWER,3.25
1765579808560,CH1,POWER,3.25
1765579808563,CH1,POWER,3.30
1765579808565,CH1,POWER,3.30
1765579808568,CH1,POWER,3.30
1765579808596,CH1,POWER,3.30
1765579808601,CH1,POWER,3.30
1765579808605,CH1,POWER,3.30
1765579808610,CH1,POWER,3.30
1765579808614,CH1,POWER,3.30
1765579808621,CH1,POWER,3.30
1765579808626,CH1,POWER,3.30
1765579808631,CH1,POWER,3.30
1765579808636,CH1,POWER,3.30
1765579808641,CH1,POWER,3.30
1765579808646,CH1,POWER,3.30
1765579808653,CH1,POWER,3.30
1765579808657,CH1,POWER,3.30
1765579808666,CH1,POWER,3.30
1765579808671,CH1,POWER,3.30
1765579808676,CH1,POWER,3.30
1765579808681,CH1,POWER,3.30
1765579808686,CH1,POWER,3.30
1765579808694,CH1,POWER,3.30
1765579808699,CH1,POWER,3.30
1765579808705,CH1,POWER,3.30
1765579808709,CH1,POWER,3.30
1765579808716,CH1,POWER,3.30
1765579808721,CH1,POWER,3.30
1765579808726,CH1,POWER,3.30
1765579808731,CH1,POWER,3.30
1765579808735,CH1,POWER,3.30
1765579808744,CH1,POWER,3.30
1765579808749,CH1,POWER,3.30
1765579808756,CH1,POWER,3.30
1765579808761,CH1,POWER,3.30
1765579808765,CH1,POWER,3.30
1765579808773,CH1,POWER,3.30
1765579808780,CH1,POWER,3.30
1765579808784,CH1,POWER,3.30
1765579808790,CH1,POWER,3.30
1765579808794,CH1,POWER,3.30
1765579808798,CH1,POWER,3.30
1765579808802,CH1,POWER,3.30
1765579808807,CH1,POWER,3.30
1765579808816,CH1,POWER,3.30
1765579808821,CH1,POWER,3.30
1765579808826,CH1,POWER,3.30
1765579808831,CH1,POWER,3.30
1765579808835,CH1,POWER,3.30
1765579808844,CH1,POWER,3.30
1765579808849,CH1,POWER,3.30
1765579808855,CH1,POWER,3.30
1765579808864,CH1,POWER,3.30
1765579808868,CH1,POWER,3.30
1765579808874,CH1,POWER,3.30
1765579808878,CH1,POWER,3.30
1765579808882,CH1,POWER,3.30
1765579808887,CH1,POWER,3.30
1765579808893,CH1,POWER,3.30
1765579808899,CH1,POWER,3.30
1765579808904,CH1,POWER,3.30
1765579808911,CH1,POWER,3.30
1765579808915,CH1,POWER,3.30
1765579808924,CH1,POWER,3.30
1765579808928,CH1,POWER,3.30
1765579808933,CH1,POWER,3.30
1765579808937,CH1,POWER,3.30
1765579808946,CH1,POWER,3.30
1765579808949,CH1,POWER,3.70
1765579808977,CH1,POWER,3.70
1765579808982,CH1,POWER,3.70
1765579808986,CH1,POWER,3.70
1765579808991,CH1,POWER,3.70
1765579808998,CH1,POWER,3.70
1765579809003,CH1,POWER,3.70
1765579809008,CH1,POWER,3.70
1765579809013,CH1,POWER,3.70
1765579809017,CH1,POWER,3.70
1765579809022,CH1,POWER,3.70
1765579809026,CH1,POWER,3.70
1765579809033,CH1,POWER,3.70
1765579809038,CH1,POWER,3.70
1765579809043,CH1,POWER,3.70
1765579809047,CH1,POWER,3.70
1765579809056,CH1,POWER,3.70
1765579809061,CH1,POWER,3.70
1765579809067,CH1,POWER,3.70
1765579809071,CH1,POWER,3.70
1765579809078,CH1,POWER,3.70
1765579809083,CH1,POWER,3.70
1765579809088,CH1,POWER,3.70
1765579809093,CH1,POWER,3.70
1765579809097,CH1,POWER,3.70
1765579809101,CH1,POWER,3.70
1765579809107,CH1,POWER,3.70
1765579809111,CH1,POWER,3.70
1765579809117,CH1,POWER,3.70
1765579809121,CH1,POWER,3.70
1765579809128,CH1,POWER,3.70
1765579809133,CH1,POWER,3.70
1765579809137,CH1,POWER,3.70
1765579809142,CH1,POWER,3.70
1765579809146,CH1,POWER,3.70
1765579809153,CH1,POWER,3.70
1765579809158,CH1,POWER,3.70
1765579809163,CH1,POWER,3.70
1765579809167,CH1,POWER,3.70
1765579809171,CH1,POWER,3.70
1765579809177,CH1,POWER,3.70
1765579809186,CH1,POWER,3.70
1765579809190,CH1,POWER,3.70
1765579809196,CH1,POWER,3.70
1765579809201,CH1,POWER,3.70
1765579809207,CH1,POWER,3.70
1765579809216,CH1,POWER,3.70
1765579809220,CH1,POWER,3.70
1765579809224,CH1,POWER,3.70
1765579809228,CH1,POWER,3.70
