round,load,period,start_time,id,channelId,exp_duration,end_time,experiment
7,50,0.03,1765620050750,773,CH1,80022,1765620130772,stress-ng
1765620050751,CH1,POWER,2.60
1765620050757,CH1,POWER,2.60
1765620050761,CH1,POWER,2.60
1765620050767,CH1,POWER,2.60
1765620050771,CH1,POWER,2.60
1765620050777,CH1,POWER,2.60
1765620050781,CH1,POWER,2.60
1765620050787,CH1,POWER,2.60
1765620050791,CH1,POWER,2.60
1765620050797,CH1,POWER,2.60
1765620050802,CH1,POWER,2.60
1765620050807,CH1,POWER,2.60
1765620050811,CH1,POWER,2.60
1765620050816,CH1,POWER,2.60
1765620050820,CH1,POWER,2.60
1765620050824,CH1,POWER,2.60
1765620050828,CH1,POWER,2.60
1765620050835,CH1,POWER,2.60
1765620050839,CH1,POWER,2.60
1765620050847,CH1,POWER,2.60
1765620050851,CH1,POWER,2.60
1765620050857,CH1,POWER,2.60
1765620050861,CH1,POWER,2.60
1765620050866,CH1,POWER,2.60
1765620050871,CH1,POWER,2.60
1765620050876,CH1,POWER,2.60
1765620050880,CH1,POWER,2.60
1765620050886,CH1,POWER,2.60
1765620050892,CH1,POWER,2.60
1765620050897,CH1,POWER,2.60
1765620050901,CH1,POWER,2.60
1765620050907,CH1,POWER,2.60
1765620050912,CH1,POWER,2.60
1765620050917,CH1,POWER,2.60
1765620050922,CH1,POWER,2.60
1765620050927,CH1,POWER,2.60
1765620050932,CH1,POWER,2.60
1765620050937,CH1,POWER,2.60
1765620050942,CH1,POWER,2.60
1765620050947,CH1,POWER,2.60
1765620050952,CH1,POWER,2.60
1765620050957,CH1,POWER,2.60
1765620050963,CH1,POWER,2.60
1765620050967,CH1,POWER,2.60
1765620050972,CH1,POWER,2.60
1765620050977,CH1,POWER,2.60
1765620050982,CH1,POWER,2.60
1765620050987,CH1,POWER,2.60
1765620050992,CH1,POWER,2.60
1765620050997,CH1,POWER,2.60
1765620051001,CH1,POWER,2.60
1765620051007,CH1,POWER,2.60
1765620051012,CH1,POWER,2.60
1765620051017,CH1,POWER,2.60
1765620051022,CH1,POWER,2.60
1765620051027,CH1,POWER,2.60
1765620051031,CH1,POWER,2.60
1765620051037,CH1,POWER,2.60
1765620051041,CH1,POWER,2.60
1765620051046,CH1,POWER,2.60
1765620051051,CH1,POWER,2.60
1765620051055,CH1,POWER,3.70
1765620051057,CH1,POWER,3.70
1765620051060,CH1,POWER,3.70
1765620051086,CH1,POWER,3.70
1765620051091,CH1,POWER,3.70
1765620051096,CH1,POWER,3.70
1765620051100,CH1,POWER,3.70
1765620051106,CH1,POWER,3.70
1765620051111,CH1,POWER,3.70
1765620051119,CH1,POWER,3.70
1765620051123,CH1,POWER,3.70
1765620051128,CH1,POWER,3.70
1765620051133,CH1,POWER,3.70
1765620051139,CH1,POWER,3.70
1765620051144,CH1,POWER,3.70
1765620051149,CH1,POWER,3.70
1765620051154,CH1,POWER,3.70
1765620051159,CH1,POWER,3.70
1765620051163,CH1,POWER,3.70
1765620051168,CH1,POWER,3.70
1765620051174,CH1,POWER,3.70
1765620051179,CH1,POWER,3.70
1765620051183,CH1,POWER,3.70
1765620051188,CH1,POWER,3.70
1765620051193,CH1,POWER,3.70
1765620051198,CH1,POWER,3.70
1765620051203,CH1,POWER,3.70
1765620051208,CH1,POWER,3.70
1765620051212,CH1,POWER,3.70
1765620051219,CH1,POWER,3.70
1765620051224,CH1,POWER,3.70
1765620051229,CH1,POWER,3.70
1765620051234,CH1,POWER,3.70
1765620051239,CH1,POWER,3.70
1765620051247,CH1,POWER,3.70
1765620051252,CH1,POWER,3.70
1765620051259,CH1,POWER,3.70
1765620051264,CH1,POWER,3.70
1765620051269,CH1,POWER,3.70
1765620051274,CH1,POWER,3.70
1765620051279,CH1,POWER,3.70
1765620051283,CH1,POWER,3.70
1765620051289,CH1,POWER,3.70
1765620051293,CH1,POWER,3.70
1765620051298,CH1,POWER,3.70
1765620051302,CH1,POWER,3.70
1765620051308,CH1,POWER,3.70
1765620051313,CH1,POWER,3.70
1765620051319,CH1,POWER,3.70
1765620051324,CH1,POWER,3.70
1765620051329,CH1,POWER,3.70
1765620051333,CH1,POWER,3.70
1765620051339,CH1,POWER,3.70
1765620051344,CH1,POWER,3.70
1765620051349,CH1,POWER,3.70
1765620051357,CH1,POWER,3.70
1765620051361,CH1,POWER,3.70
1765620051366,CH1,POWER,3.70
1765620051370,CH1,POWER,3.70
1765620051377,CH1,POWER,3.70
1765620051382,CH1,POWER,3.70
1765620051389,CH1,POWER,3.70
1765620051394,CH1,POWER,3.70
1765620051399,CH1,POWER,3.70
1765620051404,CH1,POWER,3.70
1765620051409,CH1,POWER,3.70
1765620051417,CH1,POWER,3.70
1765620051422,CH1,POWER,3.70
1765620051429,CH1,POWER,3.70
1765620051434,CH1,POWER,3.70
1765620051439,CH1,POWER,3.70
1765620051443,CH1,POWER,3.70
1765620051446,CH1,POWER,3.70
1765620051448,CH1,POWER,3.70
1765620051451,CH1,POWER,3.70
1765620051453,CH1,POWER,3.70
1765620051481,CH1,POWER,3.70
1765620051486,CH1,POWER,3.70
1765620051491,CH1,POWER,3.70
1765620051495,CH1,POWER,3.70
1765620051501,CH1,POWER,3.70
1765620051505,CH1,POWER,3.70
1765620051510,CH1,POWER,3.70
1765620051514,CH1,POWER,3.70
1765620051521,CH1,POWER,3.70
1765620051526,CH1,POWER,3.70
1765620051531,CH1,POWER,3.70
1765620051535,CH1,POWER,3.70
1765620051541,CH1,POWER,3.70
1765620051549,CH1,POWER,3.70
1765620051553,CH1,POWER,3.70
1765620051558,CH1,POWER,3.70
1765620051563,CH1,POWER,3.70
1765620051568,CH1,POWER,3.70
1765620051574,CH1,POWER,3.70
1765620051580,CH1,POWER,3.70
1765620051585,CH1,POWER,3.70
1765620051590,CH1,POWER,3.70
1765620051595,CH1,POWER,3.70
1765620051601,CH1,POWER,3.70
1765620051606,CH1,POWER,3.70
1765620051611,CH1,POWER,3.70
1765620051619,CH1,POWER,3.70
1765620051623,CH1,POWER,3.70
1765620051628,CH1,POWER,3.70
1765620051632,CH1,POWER,3.70
1765620051639,CH1,POWER,3.70
1765620051644,CH1,POWER,3.70
1765620051651,CH1,POWER,3.70
1765620051656,CH1,POWER,3.70
1765620051661,CH1,POWER,3.70
1765620051666,CH1,POWER,3.70
1765620051671,CH1,POWER,3.70
1765620051675,CH1,POWER,3.70
1765620051681,CH1,POWER,3.70
1765620051685,CH1,POWER,3.70
1765620051690,CH1,POWER,3.70
1765620051695,CH1,POWER,3.70
1765620051701,CH1,POWER,3.70
1765620051705,CH1,POWER,3.70
1765620051710,CH1,POWER,3.70
1765620051716,CH1,POWER,3.70
1765620051721,CH1,POWER,3.70
1765620051726,CH1,POWER,3.70
1765620051731,CH1,POWER,3.70
1765620051735,CH1,POWER,3.70
1765620051740,CH1,POWER,3.70
1765620051744,CH1,POWER,3.70
1765620051748,CH1,POWER,3.70
1765620051752,CH1,POWER,3.70
1765620051758,CH1,POWER,3.70
1765620051762,CH1,POWER,3.70
1765620051769,CH1,POWER,3.70
1765620051775,CH1,POWER,3.70
1765620051780,CH1,POWER,3.70
1765620051784,CH1,POWER,3.70
1765620051791,CH1,POWER,3.70
1765620051796,CH1,POWER,3.70
1765620051801,CH1,POWER,3.70
1765620051806,CH1,POWER,3.70
1765620051811,CH1,POWER,3.70
1765620051815,CH1,POWER,3.70
1765620051821,CH1,POWER,3.70
1765620051825,CH1,POWER,3.70
1765620051830,CH1,POWER,3.70
1765620051835,CH1,POWER,3.70
1765620051840,CH1,POWER,3.70
1765620051843,CH1,POWER,3.65
1765620051845,CH1,POWER,3.65
1765620051873,CH1,POWER,3.65
1765620051878,CH1,POWER,3.65
1765620051883,CH1,POWER,3.65
1765620051891,CH1,POWER,3.65
1765620051896,CH1,POWER,3.65
1765620051903,CH1,POWER,3.65
1765620051911,CH1,POWER,3.65
1765620051916,CH1,POWER,3.65
1765620051923,CH1,POWER,3.65
1765620051928,CH1,POWER,3.65
1765620051933,CH1,POWER,3.65
1765620051938,CH1,POWER,3.65
1765620051943,CH1,POWER,3.65
1765620051947,CH1,POWER,3.65
1765620051952,CH1,POWER,3.65
1765620051956,CH1,POWER,3.65
1765620051960,CH1,POWER,3.65
1765620051964,CH1,POWER,3.65
1765620051971,CH1,POWER,3.65
1765620051977,CH1,POWER,3.65
1765620051982,CH1,POWER,3.65
1765620051986,CH1,POWER,3.65
1765620051993,CH1,POWER,3.65
1765620051998,CH1,POWER,3.65
1765620052003,CH1,POWER,3.65
1765620052008,CH1,POWER,3.65
1765620052013,CH1,POWER,3.65
1765620052021,CH1,POWER,3.65
1765620052027,CH1,POWER,3.65
1765620052032,CH1,POWER,3.65
1765620052037,CH1,POWER,3.65
1765620052043,CH1,POWER,3.65
1765620052047,CH1,POWER,3.65
1765620052051,CH1,POWER,3.65
1765620052056,CH1,POWER,3.65
1765620052063,CH1,POWER,3.65
1765620052068,CH1,POWER,3.65
1765620052073,CH1,POWER,3.65
1765620052077,CH1,POWER,3.65
1765620052082,CH1,POWER,3.65
1765620052087,CH1,POWER,3.65
1765620052092,CH1,POWER,3.65
1765620052098,CH1,POWER,3.65
1765620052103,CH1,POWER,3.65
1765620052108,CH1,POWER,3.65
1765620052113,CH1,POWER,3.65
1765620052118,CH1,POWER,3.65
1765620052123,CH1,POWER,3.65
1765620052127,CH1,POWER,3.65
1765620052132,CH1,POWER,3.65
1765620052136,CH1,POWER,3.65
1765620052140,CH1,POWER,3.65
1765620052146,CH1,POWER,3.65
1765620052153,CH1,POWER,3.65
1765620052161,CH1,POWER,3.65
1765620052167,CH1,POWER,3.65
1765620052172,CH1,POWER,3.65
1765620052177,CH1,POWER,3.65
1765620052182,CH1,POWER,3.65
1765620052187,CH1,POWER,3.65
1765620052193,CH1,POWER,3.65
1765620052198,CH1,POWER,3.65
1765620052203,CH1,POWER,3.65
1765620052208,CH1,POWER,3.65
1765620052213,CH1,POWER,3.65
1765620052221,CH1,POWER,3.65
1765620052226,CH1,POWER,3.65
1765620052232,CH1,POWER,3.65
1765620052235,CH1,POWER,3.75
1765620052237,CH1,POWER,3.75
1765620052265,CH1,POWER,3.75
1765620052270,CH1,POWER,3.75
1765620052275,CH1,POWER,3.75
1765620052279,CH1,POWER,3.75
1765620052284,CH1,POWER,3.75
1765620052289,CH1,POWER,3.75
1765620052295,CH1,POWER,3.75
1765620052300,CH1,POWER,3.75
1765620052305,CH1,POWER,3.75
1765620052309,CH1,POWER,3.75
1765620052315,CH1,POWER,3.75
1765620052320,CH1,POWER,3.75
1765620052325,CH1,POWER,3.75
1765620052330,CH1,POWER,3.75
1765620052335,CH1,POWER,3.75
1765620052340,CH1,POWER,3.75
1765620052345,CH1,POWER,3.75
1765620052353,CH1,POWER,3.75
1765620052358,CH1,POWER,3.75
1765620052365,CH1,POWER,3.75
1765620052373,CH1,POWER,3.75
1765620052378,CH1,POWER,3.75
1765620052385,CH1,POWER,3.75
1765620052390,CH1,POWER,3.75
1765620052395,CH1,POWER,3.75
1765620052400,CH1,POWER,3.75
1765620052405,CH1,POWER,3.75
1765620052413,CH1,POWER,3.75
1765620052419,CH1,POWER,3.75
1765620052424,CH1,POWER,3.75
1765620052429,CH1,POWER,3.75
1765620052434,CH1,POWER,3.75
1765620052438,CH1,POWER,3.75
1765620052445,CH1,POWER,3.75
1765620052453,CH1,POWER,3.75
1765620052458,CH1,POWER,3.75
1765620052465,CH1,POWER,3.75
1765620052470,CH1,POWER,3.75
1765620052475,CH1,POWER,3.75
1765620052480,CH1,POWER,3.75
1765620052485,CH1,POWER,3.75
1765620052493,CH1,POWER,3.75
1765620052498,CH1,POWER,3.75
1765620052505,CH1,POWER,3.75
1765620052510,CH1,POWER,3.75
1765620052515,CH1,POWER,3.75
1765620052520,CH1,POWER,3.75
1765620052525,CH1,POWER,3.75
1765620052533,CH1,POWER,3.75
1765620052538,CH1,POWER,3.75
1765620052545,CH1,POWER,3.75
1765620052550,CH1,POWER,3.75
1765620052555,CH1,POWER,3.75
1765620052560,CH1,POWER,3.75
1765620052565,CH1,POWER,3.75
1765620052570,CH1,POWER,3.75
1765620052575,CH1,POWER,3.75
1765620052583,CH1,POWER,3.75
1765620052587,CH1,POWER,3.75
1765620052595,CH1,POWER,3.75
1765620052603,CH1,POWER,3.75
1765620052608,CH1,POWER,3.75
1765620052615,CH1,POWER,3.75
1765620052619,CH1,POWER,3.75
1765620052623,CH1,POWER,3.75
1765620052626,CH1,POWER,3.70
1765620052628,CH1,POWER,3.70
1765620052654,CH1,POWER,3.70
1765620052658,CH1,POWER,3.70
1765620052662,CH1,POWER,3.70
1765620052667,CH1,POWER,3.70
1765620052672,CH1,POWER,3.70
1765620052677,CH1,POWER,3.70
1765620052681,CH1,POWER,3.70
1765620052687,CH1,POWER,3.70
1765620052695,CH1,POWER,3.70
1765620052700,CH1,POWER,3.70
1765620052707,CH1,POWER,3.70
1765620052712,CH1,POWER,3.70
1765620052717,CH1,POWER,3.70
1765620052721,CH1,POWER,3.70
1765620052726,CH1,POWER,3.70
1765620052732,CH1,POWER,3.70
1765620052737,CH1,POWER,3.70
1765620052745,CH1,POWER,3.70
1765620052751,CH1,POWER,3.70
1765620052757,CH1,POWER,3.70
1765620052761,CH1,POWER,3.70
1765620052767,CH1,POWER,3.70
1765620052771,CH1,POWER,3.70
1765620052777,CH1,POWER,3.70
1765620052782,CH1,POWER,3.70
1765620052787,CH1,POWER,3.70
1765620052792,CH1,POWER,3.70
1765620052797,CH1,POWER,3.70
1765620052805,CH1,POWER,3.70
1765620052810,CH1,POWER,3.70
1765620052817,CH1,POWER,3.70
1765620052825,CH1,POWER,3.70
1765620052830,CH1,POWER,3.70
1765620052837,CH1,POWER,3.70
1765620052845,CH1,POWER,3.70
1765620052850,CH1,POWER,3.70
1765620052857,CH1,POWER,3.70
1765620052862,CH1,POWER,3.70
1765620052867,CH1,POWER,3.70
1765620052872,CH1,POWER,3.70
1765620052877,CH1,POWER,3.70
1765620052881,CH1,POWER,3.70
1765620052886,CH1,POWER,3.70
1765620052892,CH1,POWER,3.70
1765620052897,CH1,POWER,3.70
1765620052905,CH1,POWER,3.70
1765620052910,CH1,POWER,3.70
1765620052917,CH1,POWER,3.70
1765620052922,CH1,POWER,3.70
1765620052927,CH1,POWER,3.70
1765620052932,CH1,POWER,3.70
1765620052937,CH1,POWER,3.70
1765620052942,CH1,POWER,3.70
1765620052947,CH1,POWER,3.70
1765620052955,CH1,POWER,3.70
1765620052961,CH1,POWER,3.70
1765620052966,CH1,POWER,3.70
1765620052971,CH1,POWER,3.70
1765620052977,CH1,POWER,3.70
1765620052982,CH1,POWER,3.70
1765620052987,CH1,POWER,3.70
1765620052992,CH1,POWER,3.70
1765620052997,CH1,POWER,3.70
1765620053005,CH1,POWER,3.70
1765620053009,CH1,POWER,3.70
1765620053036,CH1,POWER,3.55
1765620053041,CH1,POWER,3.55
1765620053046,CH1,POWER,3.55
1765620053052,CH1,POWER,3.55
1765620053058,CH1,POWER,3.55
1765620053063,CH1,POWER,3.55
1765620053068,CH1,POWER,3.55
1765620053074,CH1,POWER,3.55
1765620053079,CH1,POWER,3.55
1765620053087,CH1,POWER,3.55
1765620053093,CH1,POWER,3.55
1765620053098,CH1,POWER,3.55
1765620053103,CH1,POWER,3.55
1765620053109,CH1,POWER,3.55
1765620053114,CH1,POWER,3.55
1765620053119,CH1,POWER,3.55
1765620053123,CH1,POWER,3.55
1765620053129,CH1,POWER,3.55
1765620053134,CH1,POWER,3.55
1765620053139,CH1,POWER,3.55
1765620053146,CH1,POWER,3.55
1765620053151,CH1,POWER,3.55
1765620053156,CH1,POWER,3.55
1765620053160,CH1,POWER,3.55
1765620053167,CH1,POWER,3.55
1765620053171,CH1,POWER,3.55
1765620053179,CH1,POWER,3.55
1765620053187,CH1,POWER,3.55
1765620053192,CH1,POWER,3.55
1765620053199,CH1,POWER,3.55
1765620053204,CH1,POWER,3.55
1765620053209,CH1,POWER,3.55
1765620053214,CH1,POWER,3.55
1765620053219,CH1,POWER,3.55
1765620053227,CH1,POWER,3.55
1765620053231,CH1,POWER,3.55
1765620053238,CH1,POWER,3.55
1765620053243,CH1,POWER,3.55
1765620053248,CH1,POWER,3.55
1765620053251,CH1,POWER,3.55
1765620053256,CH1,POWER,3.55
1765620053261,CH1,POWER,3.55
1765620053267,CH1,POWER,3.55
1765620053272,CH1,POWER,3.55
1765620053276,CH1,POWER,3.55
1765620053280,CH1,POWER,3.55
1765620053287,CH1,POWER,3.55
1765620053291,CH1,POWER,3.55
1765620053296,CH1,POWER,3.55
1765620053301,CH1,POWER,3.55
1765620053305,CH1,POWER,3.55
1765620053310,CH1,POWER,3.55
1765620053317,CH1,POWER,3.55
1765620053322,CH1,POWER,3.55
1765620053329,CH1,POWER,3.55
1765620053333,CH1,POWER,3.55
1765620053338,CH1,POWER,3.55
1765620053342,CH1,POWER,3.55
1765620053349,CH1,POWER,3.55
1765620053354,CH1,POWER,3.55
1765620053359,CH1,POWER,3.55
1765620053363,CH1,POWER,3.55
1765620053368,CH1,POWER,3.55
1765620053373,CH1,POWER,3.55
1765620053378,CH1,POWER,3.55
1765620053384,CH1,POWER,3.55
1765620053389,CH1,POWER,3.55
1765620053391,CH1,POWER,3.40
1765620053418,CH1,POWER,3.40
1765620053423,CH1,POWER,3.40
1765620053428,CH1,POWER,3.40
1765620053432,CH1,POWER,3.40
1765620053439,CH1,POWER,3.40
1765620053444,CH1,POWER,3.40
1765620053448,CH1,POWER,3.40
1765620053453,CH1,POWER,3.40
1765620053459,CH1,POWER,3.40
1765620053464,CH1,POWER,3.40
1765620053468,CH1,POWER,3.40
1765620053473,CH1,POWER,3.40
1765620053478,CH1,POWER,3.40
1765620053482,CH1,POWER,3.40
1765620053486,CH1,POWER,3.40
1765620053491,CH1,POWER,3.40
1765620053496,CH1,POWER,3.40
1765620053501,CH1,POWER,3.40
1765620053506,CH1,POWER,3.40
1765620053511,CH1,POWER,3.40
1765620053515,CH1,POWER,3.40
1765620053521,CH1,POWER,3.40
1765620053529,CH1,POWER,3.40
1765620053534,CH1,POWER,3.40
1765620053541,CH1,POWER,3.40
1765620053545,CH1,POWER,3.40
1765620053551,CH1,POWER,3.40
1765620053555,CH1,POWER,3.40
1765620053560,CH1,POWER,3.40
1765620053565,CH1,POWER,3.40
1765620053571,CH1,POWER,3.40
1765620053576,CH1,POWER,3.40
1765620053581,CH1,POWER,3.40
1765620053589,CH1,POWER,3.40
1765620053594,CH1,POWER,3.40
1765620053601,CH1,POWER,3.40
1765620053606,CH1,POWER,3.40
1765620053611,CH1,POWER,3.40
1765620053619,CH1,POWER,3.40
1765620053624,CH1,POWER,3.40
1765620053631,CH1,POWER,3.40
1765620053635,CH1,POWER,3.40
1765620053640,CH1,POWER,3.40
1765620053645,CH1,POWER,3.40
1765620053651,CH1,POWER,3.40
1765620053659,CH1,POWER,3.40
1765620053664,CH1,POWER,3.40
1765620053671,CH1,POWER,3.40
1765620053676,CH1,POWER,3.40
1765620053681,CH1,POWER,3.40
1765620053689,CH1,POWER,3.40
1765620053694,CH1,POWER,3.40
1765620053701,CH1,POWER,3.40
1765620053705,CH1,POWER,3.40
1765620053710,CH1,POWER,3.40
1765620053715,CH1,POWER,3.40
1765620053721,CH1,POWER,3.40
1765620053729,CH1,POWER,3.40
1765620053733,CH1,POWER,3.40
1765620053738,CH1,POWER,3.40
1765620053743,CH1,POWER,3.40
1765620053748,CH1,POWER,3.40
1765620053754,CH1,POWER,3.40
1765620053758,CH1,POWER,3.40
1765620053762,CH1,POWER,3.40
1765620053769,CH1,POWER,3.40
1765620053774,CH1,POWER,3.40
1765620053779,CH1,POWER,3.45
1765620053781,CH1,POWER,3.45
1765620053784,CH1,POWER,3.45
1765620053810,CH1,POWER,3.45
1765620053815,CH1,POWER,3.45
1765620053820,CH1,POWER,3.45
1765620053824,CH1,POWER,3.45
1765620053830,CH1,POWER,3.45
1765620053835,CH1,POWER,3.45
1765620053840,CH1,POWER,3.45
1765620053845,CH1,POWER,3.45
1765620053850,CH1,POWER,3.45
1765620053854,CH1,POWER,3.45
1765620053861,CH1,POWER,3.45
1765620053865,CH1,POWER,3.45
1765620053872,CH1,POWER,3.45
1765620053877,CH1,POWER,3.45
1765620053882,CH1,POWER,3.45
1765620053887,CH1,POWER,3.45
1765620053892,CH1,POWER,3.45
1765620053898,CH1,POWER,3.45
1765620053903,CH1,POWER,3.45
1765620053908,CH1,POWER,3.45
1765620053913,CH1,POWER,3.45
1765620053918,CH1,POWER,3.45
1765620053923,CH1,POWER,3.45
1765620053928,CH1,POWER,3.45
1765620053933,CH1,POWER,3.45
1765620053938,CH1,POWER,3.45
1765620053943,CH1,POWER,3.45
1765620053948,CH1,POWER,3.45
1765620053953,CH1,POWER,3.45
1765620053958,CH1,POWER,3.45
1765620053963,CH1,POWER,3.45
1765620053968,CH1,POWER,3.45
1765620053972,CH1,POWER,3.45
1765620053977,CH1,POWER,3.45
1765620053982,CH1,POWER,3.45
1765620053987,CH1,POWER,3.45
1765620053992,CH1,POWER,3.45
1765620053996,CH1,POWER,3.45
1765620054003,CH1,POWER,3.45
1765620054008,CH1,POWER,3.45
1765620054012,CH1,POWER,3.45
1765620054017,CH1,POWER,3.45
1765620054022,CH1,POWER,3.45
1765620054027,CH1,POWER,3.45
1765620054033,CH1,POWER,3.45
1765620054038,CH1,POWER,3.45
1765620054043,CH1,POWER,3.45
1765620054047,CH1,POWER,3.45
1765620054052,CH1,POWER,3.45
1765620054058,CH1,POWER,3.45
1765620054063,CH1,POWER,3.45
1765620054068,CH1,POWER,3.45
1765620054072,CH1,POWER,3.45
1765620054077,CH1,POWER,3.45
1765620054082,CH1,POWER,3.45
1765620054087,CH1,POWER,3.45
1765620054093,CH1,POWER,3.45
1765620054101,CH1,POWER,3.45
1765620054106,CH1,POWER,3.45
1765620054113,CH1,POWER,3.45
1765620054121,CH1,POWER,3.45
1765620054126,CH1,POWER,3.45
1765620054130,CH1,POWER,3.45
1765620054134,CH1,POWER,3.45
1765620054141,CH1,POWER,3.45
1765620054145,CH1,POWER,3.45
1765620054150,CH1,POWER,3.45
1765620054154,CH1,POWER,3.45
1765620054160,CH1,POWER,3.45
1765620054165,CH1,POWER,3.45
1765620054170,CH1,POWER,3.45
1765620054174,CH1,POWER,3.45
1765620054180,CH1,POWER,3.45
1765620054183,CH1,POWER,3.60
1765620054185,CH1,POWER,3.60
1765620054212,CH1,POWER,3.60
1765620054217,CH1,POWER,3.60
1765620054222,CH1,POWER,3.60
1765620054227,CH1,POWER,3.60
1765620054233,CH1,POWER,3.60
1765620054238,CH1,POWER,3.60
1765620054245,CH1,POWER,3.60
1765620054248,CH1,POWER,3.60
1765620054255,CH1,POWER,3.60
1765620054258,CH1,POWER,3.60
1765620054265,CH1,POWER,3.60
1765620054270,CH1,POWER,3.60
1765620054275,CH1,POWER,3.60
1765620054280,CH1,POWER,3.60
1765620054285,CH1,POWER,3.60
1765620054290,CH1,POWER,3.60
1765620054294,CH1,POWER,3.60
1765620054299,CH1,POWER,3.60
1765620054304,CH1,POWER,3.60
1765620054309,CH1,POWER,3.60
1765620054315,CH1,POWER,3.60
1765620054320,CH1,POWER,3.60
1765620054324,CH1,POWER,3.60
1765620054328,CH1,POWER,3.60
1765620054335,CH1,POWER,3.60
1765620054343,CH1,POWER,3.60
1765620054348,CH1,POWER,3.60
1765620054355,CH1,POWER,3.60
1765620054360,CH1,POWER,3.60
1765620054365,CH1,POWER,3.60
1765620054373,CH1,POWER,3.60
1765620054379,CH1,POWER,3.60
1765620054384,CH1,POWER,3.60
1765620054389,CH1,POWER,3.60
1765620054394,CH1,POWER,3.60
1765620054397,CH1,POWER,3.60
1765620054402,CH1,POWER,3.60
1765620054407,CH1,POWER,3.60
1765620054415,CH1,POWER,3.60
1765620054420,CH1,POWER,3.60
1765620054425,CH1,POWER,3.60
1765620054430,CH1,POWER,3.60
1765620054434,CH1,POWER,3.60
1765620054439,CH1,POWER,3.60
1765620054444,CH1,POWER,3.60
1765620054448,CH1,POWER,3.60
1765620054454,CH1,POWER,3.60
1765620054458,CH1,POWER,3.60
1765620054464,CH1,POWER,3.60
1765620054468,CH1,POWER,3.60
1765620054474,CH1,POWER,3.60
1765620054479,CH1,POWER,3.60
1765620054484,CH1,POWER,3.60
1765620054490,CH1,POWER,3.60
1765620054495,CH1,POWER,3.60
1765620054500,CH1,POWER,3.60
1765620054505,CH1,POWER,3.60
1765620054510,CH1,POWER,3.60
1765620054514,CH1,POWER,3.60
1765620054519,CH1,POWER,3.60
1765620054525,CH1,POWER,3.60
1765620054530,CH1,POWER,3.60
1765620054535,CH1,POWER,3.60
1765620054540,CH1,POWER,3.60
1765620054545,CH1,POWER,3.60
1765620054550,CH1,POWER,3.60
1765620054554,CH1,POWER,3.60
1765620054559,CH1,POWER,3.60
1765620054564,CH1,POWER,3.60
1765620054569,CH1,POWER,3.60
1765620054574,CH1,POWER,3.60
1765620054577,CH1,POWER,3.55
1765620054579,CH1,POWER,3.55
1765620054607,CH1,POWER,3.55
1765620054612,CH1,POWER,3.55
1765620054617,CH1,POWER,3.55
1765620054622,CH1,POWER,3.55
1765620054626,CH1,POWER,3.55
1765620054630,CH1,POWER,3.55
1765620054637,CH1,POWER,3.55
1765620054642,CH1,POWER,3.55
1765620054647,CH1,POWER,3.55
1765620054652,CH1,POWER,3.55
1765620054657,CH1,POWER,3.55
1765620054662,CH1,POWER,3.55
1765620054666,CH1,POWER,3.55
1765620054671,CH1,POWER,3.55
1765620054677,CH1,POWER,3.55
1765620054682,CH1,POWER,3.55
1765620054687,CH1,POWER,3.55
1765620054692,CH1,POWER,3.55
1765620054697,CH1,POWER,3.55
1765620054702,CH1,POWER,3.55
1765620054706,CH1,POWER,3.55
1765620054710,CH1,POWER,3.55
1765620054717,CH1,POWER,3.55
1765620054722,CH1,POWER,3.55
1765620054726,CH1,POWER,3.55
1765620054732,CH1,POWER,3.55
1765620054737,CH1,POWER,3.55
1765620054742,CH1,POWER,3.55
1765620054747,CH1,POWER,3.55
1765620054755,CH1,POWER,3.55
1765620054760,CH1,POWER,3.55
1765620054767,CH1,POWER,3.55
1765620054772,CH1,POWER,3.55
1765620054776,CH1,POWER,3.55
1765620054781,CH1,POWER,3.55
1765620054786,CH1,POWER,3.55
1765620054790,CH1,POWER,3.55
1765620054797,CH1,POWER,3.55
1765620054802,CH1,POWER,3.55
1765620054806,CH1,POWER,3.55
1765620054811,CH1,POWER,3.55
1765620054815,CH1,POWER,3.55
1765620054820,CH1,POWER,3.55
1765620054827,CH1,POWER,3.55
1765620054832,CH1,POWER,3.55
1765620054836,CH1,POWER,3.55
1765620054841,CH1,POWER,3.55
1765620054846,CH1,POWER,3.55
1765620054850,CH1,POWER,3.55
1765620054856,CH1,POWER,3.55
1765620054861,CH1,POWER,3.55
1765620054865,CH1,POWER,3.55
1765620054870,CH1,POWER,3.55
1765620054877,CH1,POWER,3.55
1765620054885,CH1,POWER,3.55
1765620054890,CH1,POWER,3.55
1765620054896,CH1,POWER,3.55
1765620054901,CH1,POWER,3.55
1765620054905,CH1,POWER,3.55
1765620054909,CH1,POWER,3.55
1765620054914,CH1,POWER,3.55
1765620054919,CH1,POWER,3.55
1765620054924,CH1,POWER,3.55
1765620054929,CH1,POWER,3.55
1765620054937,CH1,POWER,3.55
1765620054942,CH1,POWER,3.55
1765620054946,CH1,POWER,3.55
1765620054951,CH1,POWER,3.55
1765620054956,CH1,POWER,3.55
1765620054962,CH1,POWER,3.55
1765620054967,CH1,POWER,3.55
1765620054972,CH1,POWER,3.55
1765620054976,CH1,POWER,3.55
1765620054979,CH1,POWER,3.65
1765620054981,CH1,POWER,3.65
1765620055009,CH1,POWER,3.65
1765620055014,CH1,POWER,3.65
1765620055019,CH1,POWER,3.65
1765620055024,CH1,POWER,3.65
1765620055028,CH1,POWER,3.65
1765620055033,CH1,POWER,3.65
1765620055038,CH1,POWER,3.65
1765620055042,CH1,POWER,3.65
1765620055049,CH1,POWER,3.65
1765620055056,CH1,POWER,3.65
1765620055061,CH1,POWER,3.65
1765620055066,CH1,POWER,3.65
1765620055070,CH1,POWER,3.65
1765620055079,CH1,POWER,3.65
1765620055084,CH1,POWER,3.65
1765620055088,CH1,POWER,3.65
1765620055092,CH1,POWER,3.65
1765620055098,CH1,POWER,3.65
1765620055102,CH1,POWER,3.65
1765620055108,CH1,POWER,3.65
1765620055113,CH1,POWER,3.65
1765620055117,CH1,POWER,3.65
1765620055121,CH1,POWER,3.65
1765620055125,CH1,POWER,3.65
1765620055129,CH1,POWER,3.65
1765620055134,CH1,POWER,3.65
1765620055139,CH1,POWER,3.65
1765620055144,CH1,POWER,3.65
1765620055148,CH1,POWER,3.65
1765620055155,CH1,POWER,3.65
1765620055160,CH1,POWER,3.65
1765620055167,CH1,POWER,3.65
1765620055172,CH1,POWER,3.65
1765620055178,CH1,POWER,3.65
1765620055183,CH1,POWER,3.65
1765620055187,CH1,POWER,3.65
1765620055192,CH1,POWER,3.65
1765620055198,CH1,POWER,3.65
1765620055202,CH1,POWER,3.65
1765620055208,CH1,POWER,3.65
1765620055213,CH1,POWER,3.65
1765620055217,CH1,POWER,3.65
1765620055222,CH1,POWER,3.65
1765620055229,CH1,POWER,3.65
1765620055234,CH1,POWER,3.65
1765620055239,CH1,POWER,3.65
1765620055244,CH1,POWER,3.65
1765620055249,CH1,POWER,3.65
1765620055254,CH1,POWER,3.65
1765620055258,CH1,POWER,3.65
1765620055262,CH1,POWER,3.65
1765620055268,CH1,POWER,3.65
1765620055274,CH1,POWER,3.65
1765620055279,CH1,POWER,3.65
1765620055284,CH1,POWER,3.65
1765620055289,CH1,POWER,3.65
1765620055297,CH1,POWER,3.65
1765620055302,CH1,POWER,3.65
1765620055308,CH1,POWER,3.65
1765620055314,CH1,POWER,3.65
1765620055319,CH1,POWER,3.65
1765620055324,CH1,POWER,3.65
1765620055328,CH1,POWER,3.65
1765620055334,CH1,POWER,3.65
1765620055338,CH1,POWER,3.65
1765620055344,CH1,POWER,3.65
1765620055349,CH1,POWER,3.65
1765620055354,CH1,POWER,3.65
1765620055359,CH1,POWER,3.65
1765620055364,CH1,POWER,3.65
1765620055368,CH1,POWER,3.65
1765620055374,CH1,POWER,3.65
1765620055378,CH1,POWER,3.65
1765620055381,CH1,POWER,3.75
1765620055383,CH1,POWER,3.75
1765620055411,CH1,POWER,3.75
1765620055416,CH1,POWER,3.75
1765620055420,CH1,POWER,3.75
1765620055424,CH1,POWER,3.75
1765620055429,CH1,POWER,3.75
1765620055434,CH1,POWER,3.75
1765620055441,CH1,POWER,3.75
1765620055446,CH1,POWER,3.75
1765620055451,CH1,POWER,3.75
1765620055456,CH1,POWER,3.75
1765620055461,CH1,POWER,3.75
1765620055466,CH1,POWER,3.75
1765620055470,CH1,POWER,3.75
1765620055479,CH1,POWER,3.75
1765620055484,CH1,POWER,3.75
1765620055491,CH1,POWER,3.75
1765620055496,CH1,POWER,3.75
1765620055501,CH1,POWER,3.75
1765620055506,CH1,POWER,3.75
1765620055511,CH1,POWER,3.75
1765620055516,CH1,POWER,3.75
1765620055520,CH1,POWER,3.75
1765620055526,CH1,POWER,3.75
1765620055531,CH1,POWER,3.75
1765620055536,CH1,POWER,3.75
1765620055541,CH1,POWER,3.75
1765620055546,CH1,POWER,3.75
1765620055550,CH1,POWER,3.75
1765620055555,CH1,POWER,3.75
1765620055560,CH1,POWER,3.75
1765620055566,CH1,POWER,3.75
1765620055570,CH1,POWER,3.75
1765620055578,CH1,POWER,3.75
1765620055584,CH1,POWER,3.75
1765620055590,CH1,POWER,3.75
1765620055595,CH1,POWER,3.75
1765620055600,CH1,POWER,3.75
1765620055605,CH1,POWER,3.75
1765620055609,CH1,POWER,3.75
1765620055613,CH1,POWER,3.75
1765620055621,CH1,POWER,3.75
1765620055626,CH1,POWER,3.75
1765620055630,CH1,POWER,3.75
1765620055634,CH1,POWER,3.75
1765620055641,CH1,POWER,3.75
1765620055646,CH1,POWER,3.75
1765620055650,CH1,POWER,3.75
1765620055654,CH1,POWER,3.75
1765620055660,CH1,POWER,3.75
1765620055664,CH1,POWER,3.75
1765620055670,CH1,POWER,3.75
1765620055675,CH1,POWER,3.75
1765620055679,CH1,POWER,3.75
1765620055686,CH1,POWER,3.75
1765620055691,CH1,POWER,3.75
1765620055696,CH1,POWER,3.75
1765620055700,CH1,POWER,3.75
1765620055705,CH1,POWER,3.75
1765620055709,CH1,POWER,3.75
1765620055713,CH1,POWER,3.75
1765620055721,CH1,POWER,3.75
1765620055726,CH1,POWER,3.75
1765620055730,CH1,POWER,3.75
1765620055734,CH1,POWER,3.75
1765620055741,CH1,POWER,3.75
1765620055746,CH1,POWER,3.75
1765620055750,CH1,POWER,3.75
1765620055754,CH1,POWER,3.75
1765620055761,CH1,POWER,3.75
1765620055766,CH1,POWER,3.75
1765620055770,CH1,POWER,3.75
1765620055773,CH1,POWER,3.65
1765620055775,CH1,POWER,3.65
1765620055802,CH1,POWER,3.65
1765620055811,CH1,POWER,3.65
1765620055816,CH1,POWER,3.65
1765620055822,CH1,POWER,3.65
1765620055831,CH1,POWER,3.65
1765620055836,CH1,POWER,3.65
1765620055842,CH1,POWER,3.65
1765620055846,CH1,POWER,3.65
1765620055852,CH1,POWER,3.65
1765620055856,CH1,POWER,3.65
1765620055863,CH1,POWER,3.65
1765620055868,CH1,POWER,3.65
1765620055872,CH1,POWER,3.65
1765620055877,CH1,POWER,3.65
1765620055882,CH1,POWER,3.65
1765620055886,CH1,POWER,3.65
1765620055892,CH1,POWER,3.65
1765620055897,CH1,POWER,3.65
1765620055901,CH1,POWER,3.65
1765620055906,CH1,POWER,3.65
1765620055912,CH1,POWER,3.65
1765620055916,CH1,POWER,3.65
1765620055923,CH1,POWER,3.65
1765620055928,CH1,POWER,3.65
1765620055933,CH1,POWER,3.65
1765620055938,CH1,POWER,3.65
1765620055942,CH1,POWER,3.65
1765620055947,CH1,POWER,3.65
1765620055951,CH1,POWER,3.65
1765620055955,CH1,POWER,3.65
1765620055959,CH1,POWER,3.65
1765620055965,CH1,POWER,3.65
1765620055970,CH1,POWER,3.65
1765620055974,CH1,POWER,3.65
1765620055980,CH1,POWER,3.65
1765620055987,CH1,POWER,3.65
1765620055992,CH1,POWER,3.65
1765620055997,CH1,POWER,3.65
1765620056002,CH1,POWER,3.65
1765620056007,CH1,POWER,3.65
1765620056012,CH1,POWER,3.65
1765620056018,CH1,POWER,3.65
1765620056023,CH1,POWER,3.65
1765620056028,CH1,POWER,3.65
1765620056032,CH1,POWER,3.65
1765620056038,CH1,POWER,3.65
1765620056042,CH1,POWER,3.65
1765620056051,CH1,POWER,3.65
1765620056056,CH1,POWER,3.65
1765620056062,CH1,POWER,3.65
1765620056071,CH1,POWER,3.65
1765620056075,CH1,POWER,3.65
1765620056082,CH1,POWER,3.65
1765620056086,CH1,POWER,3.65
1765620056093,CH1,POWER,3.65
1765620056098,CH1,POWER,3.65
1765620056103,CH1,POWER,3.65
1765620056108,CH1,POWER,3.65
1765620056112,CH1,POWER,3.65
1765620056116,CH1,POWER,3.65
1765620056123,CH1,POWER,3.65
1765620056128,CH1,POWER,3.65
1765620056132,CH1,POWER,3.65
1765620056136,CH1,POWER,3.65
1765620056143,CH1,POWER,3.65
1765620056148,CH1,POWER,3.65
1765620056152,CH1,POWER,3.65
1765620056156,CH1,POWER,3.65
1765620056184,CH1,POWER,3.50
1765620056189,CH1,POWER,3.50
1765620056193,CH1,POWER,3.50
1765620056198,CH1,POWER,3.50
1765620056205,CH1,POWER,3.50
1765620056210,CH1,POWER,3.50
1765620056215,CH1,POWER,3.50
1765620056220,CH1,POWER,3.50
1765620056224,CH1,POWER,3.50
1765620056232,CH1,POWER,3.50
1765620056237,CH1,POWER,3.50
1765620056242,CH1,POWER,3.50
1765620056246,CH1,POWER,3.50
1765620056252,CH1,POWER,3.50
1765620056256,CH1,POWER,3.50
1765620056262,CH1,POWER,3.50
1765620056266,CH1,POWER,3.50
1765620056272,CH1,POWER,3.50
1765620056278,CH1,POWER,3.50
1765620056283,CH1,POWER,3.50
1765620056290,CH1,POWER,3.50
1765620056294,CH1,POWER,3.50
1765620056302,CH1,POWER,3.50
1765620056307,CH1,POWER,3.50
1765620056311,CH1,POWER,3.50
1765620056315,CH1,POWER,3.50
1765620056321,CH1,POWER,3.50
1765620056327,CH1,POWER,3.50
1765620056331,CH1,POWER,3.50
1765620056335,CH1,POWER,3.50
1765620056340,CH1,POWER,3.50
1765620056344,CH1,POWER,3.50
1765620056348,CH1,POWER,3.50
1765620056353,CH1,POWER,3.50
1765620056357,CH1,POWER,3.50
1765620056364,CH1,POWER,3.50
1765620056373,CH1,POWER,3.50
1765620056377,CH1,POWER,3.50
1765620056384,CH1,POWER,3.50
1765620056388,CH1,POWER,3.50
1765620056394,CH1,POWER,3.50
1765620056402,CH1,POWER,3.50
1765620056407,CH1,POWER,3.50
1765620056411,CH1,POWER,3.50
1765620056415,CH1,POWER,3.50
1765620056420,CH1,POWER,3.50
1765620056424,CH1,POWER,3.50
1765620056428,CH1,POWER,3.50
1765620056435,CH1,POWER,3.50
1765620056440,CH1,POWER,3.50
1765620056445,CH1,POWER,3.50
1765620056450,CH1,POWER,3.50
1765620056455,CH1,POWER,3.50
1765620056460,CH1,POWER,3.50
1765620056464,CH1,POWER,3.50
1765620056468,CH1,POWER,3.50
1765620056474,CH1,POWER,3.50
1765620056480,CH1,POWER,3.50
1765620056485,CH1,POWER,3.50
1765620056490,CH1,POWER,3.50
1765620056494,CH1,POWER,3.50
1765620056502,CH1,POWER,3.50
1765620056508,CH1,POWER,3.50
1765620056514,CH1,POWER,3.50
1765620056520,CH1,POWER,3.50
1765620056525,CH1,POWER,3.50
1765620056530,CH1,POWER,3.50
1765620056534,CH1,POWER,3.50
1765620056541,CH1,POWER,3.50
1765620056543,CH1,POWER,3.55
1765620056546,CH1,POWER,3.55
1765620056549,CH1,POWER,3.55
1765620056577,CH1,POWER,3.55
1765620056582,CH1,POWER,3.55
1765620056586,CH1,POWER,3.55
1765620056590,CH1,POWER,3.55
1765620056597,CH1,POWER,3.55
1765620056602,CH1,POWER,3.55
1765620056607,CH1,POWER,3.55
1765620056612,CH1,POWER,3.55
1765620056616,CH1,POWER,3.55
1765620056622,CH1,POWER,3.55
1765620056626,CH1,POWER,3.55
1765620056634,CH1,POWER,3.55
1765620056640,CH1,POWER,3.55
1765620056646,CH1,POWER,3.55
1765620056651,CH1,POWER,3.55
1765620056655,CH1,POWER,3.55
1765620056659,CH1,POWER,3.55
1765620056663,CH1,POWER,3.55
1765620056669,CH1,POWER,3.55
1765620056673,CH1,POWER,3.55
1765620056679,CH1,POWER,3.55
1765620056685,CH1,POWER,3.55
1765620056691,CH1,POWER,3.55
1765620056695,CH1,POWER,3.55
1765620056699,CH1,POWER,3.55
1765620056707,CH1,POWER,3.55
1765620056715,CH1,POWER,3.55
1765620056719,CH1,POWER,3.55
1765620056723,CH1,POWER,3.55
1765620056728,CH1,POWER,3.55
1765620056733,CH1,POWER,3.55
1765620056739,CH1,POWER,3.55
1765620056743,CH1,POWER,3.55
1765620056749,CH1,POWER,3.55
1765620056753,CH1,POWER,3.55
1765620056758,CH1,POWER,3.55
1765620056764,CH1,POWER,3.55
1765620056770,CH1,POWER,3.55
1765620056776,CH1,POWER,3.55
1765620056781,CH1,POWER,3.55
1765620056786,CH1,POWER,3.55
1765620056790,CH1,POWER,3.55
1765620056796,CH1,POWER,3.55
1765620056802,CH1,POWER,3.55
1765620056806,CH1,POWER,3.55
1765620056812,CH1,POWER,3.55
1765620056816,CH1,POWER,3.55
1765620056820,CH1,POWER,3.55
1765620056825,CH1,POWER,3.55
1765620056832,CH1,POWER,3.55
1765620056837,CH1,POWER,3.55
1765620056842,CH1,POWER,3.55
1765620056846,CH1,POWER,3.55
1765620056852,CH1,POWER,3.55
1765620056856,CH1,POWER,3.55
1765620056860,CH1,POWER,3.55
1765620056866,CH1,POWER,3.55
1765620056870,CH1,POWER,3.55
1765620056876,CH1,POWER,3.55
1765620056881,CH1,POWER,3.55
1765620056885,CH1,POWER,3.55
1765620056889,CH1,POWER,3.55
1765620056895,CH1,POWER,3.55
1765620056902,CH1,POWER,3.55
1765620056906,CH1,POWER,3.55
1765620056912,CH1,POWER,3.55
1765620056916,CH1,POWER,3.55
1765620056924,CH1,POWER,3.55
1765620056929,CH1,POWER,3.55
1765620056935,CH1,POWER,3.55
1765620056938,CH1,POWER,3.65
1765620056940,CH1,POWER,3.65
1765620056968,CH1,POWER,3.65
1765620056972,CH1,POWER,3.65
1765620056978,CH1,POWER,3.65
1765620056982,CH1,POWER,3.65
1765620056988,CH1,POWER,3.65
1765620056996,CH1,POWER,3.65
1765620057002,CH1,POWER,3.65
1765620057007,CH1,POWER,3.65
1765620057012,CH1,POWER,3.65
1765620057018,CH1,POWER,3.65
1765620057023,CH1,POWER,3.65
1765620057027,CH1,POWER,3.65
1765620057031,CH1,POWER,3.65
1765620057039,CH1,POWER,3.65
1765620057044,CH1,POWER,3.65
1765620057049,CH1,POWER,3.65
1765620057054,CH1,POWER,3.65
1765620057059,CH1,POWER,3.65
1765620057064,CH1,POWER,3.65
1765620057068,CH1,POWER,3.65
1765620057072,CH1,POWER,3.65
1765620057078,CH1,POWER,3.65
1765620057082,CH1,POWER,3.65
1765620057088,CH1,POWER,3.65
1765620057092,CH1,POWER,3.65
1765620057097,CH1,POWER,3.65
1765620057104,CH1,POWER,3.65
1765620057109,CH1,POWER,3.65
1765620057114,CH1,POWER,3.65
1765620057118,CH1,POWER,3.65
1765620057122,CH1,POWER,3.65
1765620057127,CH1,POWER,3.65
1765620057131,CH1,POWER,3.65
1765620057138,CH1,POWER,3.65
1765620057142,CH1,POWER,3.65
1765620057148,CH1,POWER,3.65
1765620057152,CH1,POWER,3.65
1765620057158,CH1,POWER,3.65
1765620057164,CH1,POWER,3.65
1765620057168,CH1,POWER,3.65
1765620057172,CH1,POWER,3.65
1765620057178,CH1,POWER,3.65
1765620057182,CH1,POWER,3.65
1765620057188,CH1,POWER,3.65
1765620057194,CH1,POWER,3.65
1765620057198,CH1,POWER,3.65
1765620057202,CH1,POWER,3.65
1765620057207,CH1,POWER,3.65
1765620057212,CH1,POWER,3.65
1765620057217,CH1,POWER,3.65
1765620057221,CH1,POWER,3.65
1765620057225,CH1,POWER,3.65
1765620057229,CH1,POWER,3.65
1765620057234,CH1,POWER,3.65
1765620057238,CH1,POWER,3.65
1765620057242,CH1,POWER,3.65
1765620057248,CH1,POWER,3.65
1765620057252,CH1,POWER,3.65
1765620057258,CH1,POWER,3.65
1765620057262,CH1,POWER,3.65
1765620057267,CH1,POWER,3.65
1765620057272,CH1,POWER,3.65
1765620057278,CH1,POWER,3.65
1765620057284,CH1,POWER,3.65
1765620057288,CH1,POWER,3.65
1765620057292,CH1,POWER,3.65
1765620057298,CH1,POWER,3.65
1765620057304,CH1,POWER,3.65
1765620057308,CH1,POWER,3.65
1765620057312,CH1,POWER,3.65
1765620057318,CH1,POWER,3.65
1765620057322,CH1,POWER,3.65
1765620057328,CH1,POWER,3.65
1765620057331,CH1,POWER,3.75
1765620057333,CH1,POWER,3.75
1765620057360,CH1,POWER,3.75
1765620057366,CH1,POWER,3.75
1765620057370,CH1,POWER,3.75
1765620057374,CH1,POWER,3.75
1765620057380,CH1,POWER,3.75
1765620057386,CH1,POWER,3.75
1765620057391,CH1,POWER,3.75
1765620057396,CH1,POWER,3.75
1765620057400,CH1,POWER,3.75
1765620057408,CH1,POWER,3.75
1765620057412,CH1,POWER,3.75
1765620057418,CH1,POWER,3.75
1765620057423,CH1,POWER,3.75
1765620057430,CH1,POWER,3.75
1765620057436,CH1,POWER,3.75
1765620057440,CH1,POWER,3.75
1765620057446,CH1,POWER,3.75
1765620057450,CH1,POWER,3.75
1765620057456,CH1,POWER,3.75
1765620057460,CH1,POWER,3.75
1765620057464,CH1,POWER,3.75
1765620057470,CH1,POWER,3.75
1765620057474,CH1,POWER,3.75
1765620057479,CH1,POWER,3.75
1765620057483,CH1,POWER,3.75
1765620057487,CH1,POWER,3.75
1765620057491,CH1,POWER,3.75
1765620057496,CH1,POWER,3.75
1765620057500,CH1,POWER,3.75
1765620057504,CH1,POWER,3.75
1765620057510,CH1,POWER,3.75
1765620057514,CH1,POWER,3.75
1765620057520,CH1,POWER,3.75
1765620057526,CH1,POWER,3.75
1765620057530,CH1,POWER,3.75
1765620057534,CH1,POWER,3.75
1765620057540,CH1,POWER,3.75
1765620057546,CH1,POWER,3.75
1765620057550,CH1,POWER,3.75
1765620057556,CH1,POWER,3.75
1765620057560,CH1,POWER,3.75
1765620057566,CH1,POWER,3.75
1765620057570,CH1,POWER,3.75
1765620057574,CH1,POWER,3.75
1765620057579,CH1,POWER,3.75
1765620057586,CH1,POWER,3.75
1765620057590,CH1,POWER,3.75
1765620057596,CH1,POWER,3.75
1765620057600,CH1,POWER,3.75
1765620057606,CH1,POWER,3.75
1765620057610,CH1,POWER,3.75
1765620057614,CH1,POWER,3.75
1765620057620,CH1,POWER,3.75
1765620057626,CH1,POWER,3.75
1765620057630,CH1,POWER,3.75
1765620057636,CH1,POWER,3.75
1765620057640,CH1,POWER,3.75
1765620057644,CH1,POWER,3.75
1765620057649,CH1,POWER,3.75
1765620057654,CH1,POWER,3.75
1765620057660,CH1,POWER,3.75
1765620057666,CH1,POWER,3.75
1765620057670,CH1,POWER,3.75
1765620057676,CH1,POWER,3.75
1765620057680,CH1,POWER,3.75
1765620057688,CH1,POWER,3.75
1765620057693,CH1,POWER,3.75
1765620057700,CH1,POWER,3.75
1765620057706,CH1,POWER,3.75
1765620057710,CH1,POWER,3.75
1765620057716,CH1,POWER,3.75
1765620057720,CH1,POWER,3.75
1765620057725,CH1,POWER,3.60
1765620057752,CH1,POWER,3.60
1765620057758,CH1,POWER,3.60
1765620057762,CH1,POWER,3.60
1765620057766,CH1,POWER,3.60
1765620057772,CH1,POWER,3.60
1765620057780,CH1,POWER,3.60
1765620057784,CH1,POWER,3.60
1765620057789,CH1,POWER,3.60
1765620057795,CH1,POWER,3.60
1765620057802,CH1,POWER,3.60
1765620057810,CH1,POWER,3.60
1765620057815,CH1,POWER,3.60
1765620057822,CH1,POWER,3.60
1765620057826,CH1,POWER,3.60
1765620057831,CH1,POWER,3.60
1765620057838,CH1,POWER,3.60
1765620057842,CH1,POWER,3.60
1765620057848,CH1,POWER,3.60
1765620057852,CH1,POWER,3.60
1765620057856,CH1,POWER,3.60
1765620057861,CH1,POWER,3.60
1765620057866,CH1,POWER,3.60
1765620057872,CH1,POWER,3.60
1765620057878,CH1,POWER,3.60
1765620057882,CH1,POWER,3.60
1765620057888,CH1,POWER,3.60
1765620057892,CH1,POWER,3.60
1765620057896,CH1,POWER,3.60
1765620057902,CH1,POWER,3.60
1765620057908,CH1,POWER,3.60
1765620057912,CH1,POWER,3.60
1765620057916,CH1,POWER,3.60
1765620057922,CH1,POWER,3.60
1765620057928,CH1,POWER,3.60
1765620057932,CH1,POWER,3.60
1765620057938,CH1,POWER,3.60
1765620057942,CH1,POWER,3.60
1765620057946,CH1,POWER,3.60
1765620057952,CH1,POWER,3.60
1765620057956,CH1,POWER,3.60
1765620057961,CH1,POWER,3.60
1765620057966,CH1,POWER,3.60
1765620057971,CH1,POWER,3.60
1765620057975,CH1,POWER,3.60
1765620057982,CH1,POWER,3.60
1765620057988,CH1,POWER,3.60
1765620057992,CH1,POWER,3.60
1765620057996,CH1,POWER,3.60
1765620058002,CH1,POWER,3.60
1765620058006,CH1,POWER,3.60
1765620058012,CH1,POWER,3.60
1765620058018,CH1,POWER,3.60
1765620058022,CH1,POWER,3.60
1765620058028,CH1,POWER,3.60
1765620058032,CH1,POWER,3.60
1765620058038,CH1,POWER,3.60
1765620058042,CH1,POWER,3.60
1765620058048,CH1,POWER,3.60
1765620058052,CH1,POWER,3.60
1765620058056,CH1,POWER,3.60
1765620058062,CH1,POWER,3.60
1765620058066,CH1,POWER,3.60
1765620058072,CH1,POWER,3.60
1765620058078,CH1,POWER,3.60
1765620058082,CH1,POWER,3.60
1765620058086,CH1,POWER,3.60
1765620058092,CH1,POWER,3.60
1765620058098,CH1,POWER,3.60
1765620058102,CH1,POWER,3.60
1765620058108,CH1,POWER,3.60
1765620058112,CH1,POWER,3.60
1765620058115,CH1,POWER,3.60
1765620058141,CH1,POWER,3.60
1765620058147,CH1,POWER,3.60
1765620058153,CH1,POWER,3.60
1765620058157,CH1,POWER,3.60
1765620058164,CH1,POWER,3.60
1765620058172,CH1,POWER,3.60
1765620058178,CH1,POWER,3.60
1765620058183,CH1,POWER,3.60
1765620058188,CH1,POWER,3.60
1765620058194,CH1,POWER,3.60
1765620058200,CH1,POWER,3.60
1765620058204,CH1,POWER,3.60
1765620058208,CH1,POWER,3.60
1765620058214,CH1,POWER,3.60
1765620058222,CH1,POWER,3.60
1765620058228,CH1,POWER,3.60
1765620058234,CH1,POWER,3.60
1765620058238,CH1,POWER,3.60
1765620058244,CH1,POWER,3.60
1765620058248,CH1,POWER,3.60
1765620058254,CH1,POWER,3.60
1765620058260,CH1,POWER,3.60
1765620058264,CH1,POWER,3.60
1765620058268,CH1,POWER,3.60
1765620058274,CH1,POWER,3.60
1765620058278,CH1,POWER,3.60
1765620058284,CH1,POWER,3.60
1765620058288,CH1,POWER,3.60
1765620058294,CH1,POWER,3.60
1765620058300,CH1,POWER,3.60
1765620058304,CH1,POWER,3.60
1765620058310,CH1,POWER,3.60
1765620058314,CH1,POWER,3.60
1765620058318,CH1,POWER,3.60
1765620058324,CH1,POWER,3.60
1765620058330,CH1,POWER,3.60
1765620058334,CH1,POWER,3.60
1765620058338,CH1,POWER,3.60
1765620058344,CH1,POWER,3.60
1765620058350,CH1,POWER,3.60
1765620058354,CH1,POWER,3.60
1765620058358,CH1,POWER,3.60
1765620058364,CH1,POWER,3.60
1765620058372,CH1,POWER,3.60
1765620058376,CH1,POWER,3.60
1765620058381,CH1,POWER,3.60
1765620058386,CH1,POWER,3.60
1765620058392,CH1,POWER,3.60
1765620058396,CH1,POWER,3.60
1765620058401,CH1,POWER,3.60
1765620058405,CH1,POWER,3.60
1765620058411,CH1,POWER,3.60
1765620058416,CH1,POWER,3.60
1765620058422,CH1,POWER,3.60
1765620058427,CH1,POWER,3.60
1765620058431,CH1,POWER,3.60
1765620058436,CH1,POWER,3.60
1765620058442,CH1,POWER,3.60
1765620058447,CH1,POWER,3.60
1765620058454,CH1,POWER,3.60
1765620058458,CH1,POWER,3.60
1765620058463,CH1,POWER,3.60
1765620058468,CH1,POWER,3.60
1765620058474,CH1,POWER,3.60
1765620058480,CH1,POWER,3.60
1765620058484,CH1,POWER,3.60
1765620058488,CH1,POWER,3.60
1765620058494,CH1,POWER,3.60
1765620058500,CH1,POWER,3.60
1765620058504,CH1,POWER,3.60
1765620058508,CH1,POWER,3.60
1765620058535,CH1,POWER,3.75
1765620058540,CH1,POWER,3.75
1765620058545,CH1,POWER,3.75
1765620058549,CH1,POWER,3.75
1765620058553,CH1,POWER,3.75
1765620058557,CH1,POWER,3.75
1765620058564,CH1,POWER,3.75
1765620058569,CH1,POWER,3.75
1765620058576,CH1,POWER,3.75
1765620058580,CH1,POWER,3.75
1765620058585,CH1,POWER,3.75
1765620058590,CH1,POWER,3.75
1765620058595,CH1,POWER,3.75
1765620058599,CH1,POWER,3.75
1765620058603,CH1,POWER,3.75
1765620058607,CH1,POWER,3.75
1765620058614,CH1,POWER,3.75
1765620058618,CH1,POWER,3.75
1765620058623,CH1,POWER,3.75
1765620058627,CH1,POWER,3.75
1765620058633,CH1,POWER,3.75
1765620058638,CH1,POWER,3.75
1765620058644,CH1,POWER,3.75
1765620058649,CH1,POWER,3.75
1765620058653,CH1,POWER,3.75
1765620058657,CH1,POWER,3.75
1765620058661,CH1,POWER,3.75
1765620058666,CH1,POWER,3.75
1765620058670,CH1,POWER,3.75
1765620058676,CH1,POWER,3.75
1765620058682,CH1,POWER,3.75
1765620058686,CH1,POWER,3.75
1765620058690,CH1,POWER,3.75
1765620058696,CH1,POWER,3.75
1765620058702,CH1,POWER,3.75
1765620058706,CH1,POWER,3.75
1765620058710,CH1,POWER,3.75
1765620058716,CH1,POWER,3.75
1765620058722,CH1,POWER,3.75
1765620058726,CH1,POWER,3.75
1765620058730,CH1,POWER,3.75
1765620058736,CH1,POWER,3.75
1765620058740,CH1,POWER,3.75
1765620058746,CH1,POWER,3.75
1765620058752,CH1,POWER,3.75
1765620058756,CH1,POWER,3.75
1765620058762,CH1,POWER,3.75
1765620058766,CH1,POWER,3.75
1765620058770,CH1,POWER,3.75
1765620058776,CH1,POWER,3.75
1765620058782,CH1,POWER,3.75
1765620058786,CH1,POWER,3.75
1765620058790,CH1,POWER,3.75
1765620058796,CH1,POWER,3.75
1765620058802,CH1,POWER,3.75
1765620058806,CH1,POWER,3.75
1765620058812,CH1,POWER,3.75
1765620058816,CH1,POWER,3.75
1765620058820,CH1,POWER,3.75
1765620058826,CH1,POWER,3.75
1765620058832,CH1,POWER,3.75
1765620058836,CH1,POWER,3.75
1765620058840,CH1,POWER,3.75
1765620058846,CH1,POWER,3.75
1765620058850,CH1,POWER,3.75
1765620058856,CH1,POWER,3.75
1765620058860,CH1,POWER,3.75
1765620058865,CH1,POWER,3.75
1765620058869,CH1,POWER,3.75
1765620058873,CH1,POWER,3.75
1765620058877,CH1,POWER,3.75
1765620058882,CH1,POWER,3.75
1765620058886,CH1,POWER,3.75
1765620058890,CH1,POWER,3.75
1765620058896,CH1,POWER,3.75
1765620058900,CH1,POWER,3.75
1765620058903,CH1,POWER,3.55
1765620058906,CH1,POWER,3.55
1765620058908,CH1,POWER,3.55
1765620058911,CH1,POWER,3.55
1765620058938,CH1,POWER,3.55
1765620058944,CH1,POWER,3.55
1765620058948,CH1,POWER,3.55
1765620058952,CH1,POWER,3.55
1765620058958,CH1,POWER,3.55
1765620058964,CH1,POWER,3.55
1765620058968,CH1,POWER,3.55
1765620058974,CH1,POWER,3.55
1765620058978,CH1,POWER,3.55
1765620058982,CH1,POWER,3.55
1765620058988,CH1,POWER,3.55
1765620058992,CH1,POWER,3.55
1765620058998,CH1,POWER,3.55
1765620059004,CH1,POWER,3.55
1765620059008,CH1,POWER,3.55
1765620059012,CH1,POWER,3.55
1765620059018,CH1,POWER,3.55
1765620059024,CH1,POWER,3.55
1765620059028,CH1,POWER,3.55
1765620059032,CH1,POWER,3.55
1765620059037,CH1,POWER,3.55
1765620059041,CH1,POWER,3.55
1765620059048,CH1,POWER,3.55
1765620059054,CH1,POWER,3.55
1765620059058,CH1,POWER,3.55
1765620059062,CH1,POWER,3.55
1765620059068,CH1,POWER,3.55
1765620059074,CH1,POWER,3.55
1765620059078,CH1,POWER,3.55
1765620059082,CH1,POWER,3.55
1765620059087,CH1,POWER,3.55
1765620059092,CH1,POWER,3.55
1765620059097,CH1,POWER,3.55
1765620059101,CH1,POWER,3.55
1765620059105,CH1,POWER,3.55
1765620059110,CH1,POWER,3.55
1765620059116,CH1,POWER,3.55
1765620059121,CH1,POWER,3.55
1765620059128,CH1,POWER,3.55
1765620059132,CH1,POWER,3.55
1765620059137,CH1,POWER,3.55
1765620059141,CH1,POWER,3.55
1765620059147,CH1,POWER,3.55
1765620059152,CH1,POWER,3.55
1765620059158,CH1,POWER,3.55
1765620059164,CH1,POWER,3.55
1765620059168,CH1,POWER,3.55
1765620059174,CH1,POWER,3.55
1765620059178,CH1,POWER,3.55
1765620059182,CH1,POWER,3.55
1765620059188,CH1,POWER,3.55
1765620059194,CH1,POWER,3.55
1765620059198,CH1,POWER,3.55
1765620059202,CH1,POWER,3.55
1765620059208,CH1,POWER,3.55
1765620059214,CH1,POWER,3.55
1765620059218,CH1,POWER,3.55
1765620059222,CH1,POWER,3.55
1765620059228,CH1,POWER,3.55
1765620059232,CH1,POWER,3.55
1765620059238,CH1,POWER,3.55
1765620059242,CH1,POWER,3.55
1765620059248,CH1,POWER,3.55
1765620059252,CH1,POWER,3.55
1765620059258,CH1,POWER,3.55
1765620059263,CH1,POWER,3.55
1765620059268,CH1,POWER,3.55
1765620059272,CH1,POWER,3.55
1765620059278,CH1,POWER,3.55
1765620059284,CH1,POWER,3.55
1765620059288,CH1,POWER,3.55
1765620059292,CH1,POWER,3.55
1765620059298,CH1,POWER,3.55
1765620059301,CH1,POWER,3.50
1765620059327,CH1,POWER,3.50
1765620059332,CH1,POWER,3.50
1765620059337,CH1,POWER,3.50
1765620059341,CH1,POWER,3.50
1765620059346,CH1,POWER,3.50
1765620059350,CH1,POWER,3.50
1765620059354,CH1,POWER,3.50
1765620059359,CH1,POWER,3.50
1765620059363,CH1,POWER,3.50
1765620059367,CH1,POWER,3.50
1765620059371,CH1,POWER,3.50
1765620059376,CH1,POWER,3.50
1765620059380,CH1,POWER,3.50
1765620059384,CH1,POWER,3.50
1765620059390,CH1,POWER,3.50
1765620059394,CH1,POWER,3.50
1765620059400,CH1,POWER,3.50
1765620059406,CH1,POWER,3.50
1765620059410,CH1,POWER,3.50
1765620059418,CH1,POWER,3.50
1765620059422,CH1,POWER,3.50
1765620059427,CH1,POWER,3.50
1765620059431,CH1,POWER,3.50
1765620059436,CH1,POWER,3.50
1765620059440,CH1,POWER,3.50
1765620059444,CH1,POWER,3.50
1765620059450,CH1,POWER,3.50
1765620059456,CH1,POWER,3.50
1765620059460,CH1,POWER,3.50
1765620059466,CH1,POWER,3.50
1765620059470,CH1,POWER,3.50
1765620059476,CH1,POWER,3.50
1765620059480,CH1,POWER,3.50
1765620059484,CH1,POWER,3.50
1765620059489,CH1,POWER,3.50
1765620059493,CH1,POWER,3.50
1765620059500,CH1,POWER,3.50
1765620059506,CH1,POWER,3.50
1765620059510,CH1,POWER,3.50
1765620059514,CH1,POWER,3.50
1765620059520,CH1,POWER,3.50
1765620059526,CH1,POWER,3.50
1765620059530,CH1,POWER,3.50
1765620059538,CH1,POWER,3.50
1765620059543,CH1,POWER,3.50
1765620059550,CH1,POWER,3.50
1765620059554,CH1,POWER,3.50
1765620059559,CH1,POWER,3.50
1765620059563,CH1,POWER,3.50
1765620059570,CH1,POWER,3.50
1765620059576,CH1,POWER,3.50
1765620059580,CH1,POWER,3.50
1765620059586,CH1,POWER,3.50
1765620059590,CH1,POWER,3.50
1765620059594,CH1,POWER,3.50
1765620059600,CH1,POWER,3.50
1765620059604,CH1,POWER,3.50
1765620059610,CH1,POWER,3.50
1765620059614,CH1,POWER,3.50
1765620059620,CH1,POWER,3.50
1765620059626,CH1,POWER,3.50
1765620059630,CH1,POWER,3.50
1765620059636,CH1,POWER,3.50
1765620059640,CH1,POWER,3.50
1765620059644,CH1,POWER,3.50
1765620059650,CH1,POWER,3.50
1765620059654,CH1,POWER,3.50
1765620059659,CH1,POWER,3.50
1765620059663,CH1,POWER,3.50
1765620059670,CH1,POWER,3.50
1765620059676,CH1,POWER,3.50
1765620059680,CH1,POWER,3.50
1765620059686,CH1,POWER,3.50
1765620059690,CH1,POWER,3.50
1765620059692,CH1,POWER,3.65
1765620059694,CH1,POWER,3.65
1765620059722,CH1,POWER,3.65
1765620059728,CH1,POWER,3.65
1765620059732,CH1,POWER,3.65
1765620059738,CH1,POWER,3.65
1765620059742,CH1,POWER,3.65
1765620059746,CH1,POWER,3.65
1765620059752,CH1,POWER,3.65
1765620059760,CH1,POWER,3.65
1765620059766,CH1,POWER,3.65
1765620059771,CH1,POWER,3.65
1765620059775,CH1,POWER,3.65
1765620059782,CH1,POWER,3.65
1765620059786,CH1,POWER,3.65
1765620059791,CH1,POWER,3.65
1765620059795,CH1,POWER,3.65
1765620059799,CH1,POWER,3.65
1765620059804,CH1,POWER,3.65
1765620059809,CH1,POWER,3.65
1765620059813,CH1,POWER,3.65
1765620059818,CH1,POWER,3.65
1765620059822,CH1,POWER,3.65
1765620059826,CH1,POWER,3.65
1765620059831,CH1,POWER,3.65
1765620059837,CH1,POWER,3.65
1765620059842,CH1,POWER,3.65
1765620059847,CH1,POWER,3.65
1765620059852,CH1,POWER,3.65
1765620059857,CH1,POWER,3.65
1765620059862,CH1,POWER,3.65
1765620059866,CH1,POWER,3.65
1765620059872,CH1,POWER,3.65
1765620059876,CH1,POWER,3.65
1765620059881,CH1,POWER,3.65
1765620059885,CH1,POWER,3.65
1765620059891,CH1,POWER,3.65
1765620059895,CH1,POWER,3.65
1765620059902,CH1,POWER,3.65
1765620059910,CH1,POWER,3.65
1765620059915,CH1,POWER,3.65
1765620059921,CH1,POWER,3.65
1765620059925,CH1,POWER,3.65
1765620059929,CH1,POWER,3.65
1765620059935,CH1,POWER,3.65
1765620059942,CH1,POWER,3.65
1765620059946,CH1,POWER,3.65
1765620059951,CH1,POWER,3.65
1765620059958,CH1,POWER,3.65
1765620059962,CH1,POWER,3.65
1765620059970,CH1,POWER,3.65
1765620059974,CH1,POWER,3.65
1765620059982,CH1,POWER,3.65
1765620059986,CH1,POWER,3.65
1765620059992,CH1,POWER,3.65
1765620059996,CH1,POWER,3.65
1765620060002,CH1,POWER,3.65
1765620060006,CH1,POWER,3.65
1765620060012,CH1,POWER,3.65
1765620060016,CH1,POWER,3.65
1765620060022,CH1,POWER,3.65
1765620060026,CH1,POWER,3.65
1765620060032,CH1,POWER,3.65
1765620060036,CH1,POWER,3.65
1765620060042,CH1,POWER,3.65
1765620060048,CH1,POWER,3.65
1765620060052,CH1,POWER,3.65
1765620060056,CH1,POWER,3.65
1765620060062,CH1,POWER,3.65
1765620060068,CH1,POWER,3.65
1765620060072,CH1,POWER,3.65
1765620060080,CH1,POWER,3.65
1765620060083,CH1,POWER,3.75
1765620060085,CH1,POWER,3.75
1765620060111,CH1,POWER,3.75
1765620060116,CH1,POWER,3.75
1765620060121,CH1,POWER,3.75
1765620060125,CH1,POWER,3.75
1765620060130,CH1,POWER,3.75
1765620060134,CH1,POWER,3.75
1765620060140,CH1,POWER,3.75
1765620060144,CH1,POWER,3.75
1765620060152,CH1,POWER,3.75
1765620060156,CH1,POWER,3.75
1765620060161,CH1,POWER,3.75
1765620060165,CH1,POWER,3.75
1765620060170,CH1,POWER,3.75
1765620060174,CH1,POWER,3.75
1765620060180,CH1,POWER,3.75
1765620060184,CH1,POWER,3.75
1765620060190,CH1,POWER,3.75
1765620060194,CH1,POWER,3.75
1765620060200,CH1,POWER,3.75
1765620060204,CH1,POWER,3.75
1765620060212,CH1,POWER,3.75
1765620060217,CH1,POWER,3.75
1765620060224,CH1,POWER,3.75
1765620060228,CH1,POWER,3.75
1765620060233,CH1,POWER,3.75
1765620060237,CH1,POWER,3.75
1765620060241,CH1,POWER,3.75
1765620060246,CH1,POWER,3.75
1765620060252,CH1,POWER,3.75
1765620060258,CH1,POWER,3.75
1765620060263,CH1,POWER,3.75
1765620060267,CH1,POWER,3.75
1765620060274,CH1,POWER,3.75
1765620060278,CH1,POWER,3.75
1765620060283,CH1,POWER,3.75
1765620060287,CH1,POWER,3.75
1765620060294,CH1,POWER,3.75
1765620060298,CH1,POWER,3.75
1765620060304,CH1,POWER,3.75
1765620060310,CH1,POWER,3.75
1765620060314,CH1,POWER,3.75
1765620060318,CH1,POWER,3.75
1765620060324,CH1,POWER,3.75
1765620060328,CH1,POWER,3.75
1765620060334,CH1,POWER,3.75
1765620060340,CH1,POWER,3.75
1765620060344,CH1,POWER,3.75
1765620060349,CH1,POWER,3.75
1765620060354,CH1,POWER,3.75
1765620060359,CH1,POWER,3.75
1765620060364,CH1,POWER,3.75
1765620060368,CH1,POWER,3.75
1765620060373,CH1,POWER,3.75
1765620060378,CH1,POWER,3.75
1765620060384,CH1,POWER,3.75
1765620060388,CH1,POWER,3.75
1765620060394,CH1,POWER,3.75
1765620060402,CH1,POWER,3.75
1765620060407,CH1,POWER,3.75
1765620060414,CH1,POWER,3.75
1765620060422,CH1,POWER,3.75
1765620060427,CH1,POWER,3.75
1765620060431,CH1,POWER,3.75
1765620060436,CH1,POWER,3.75
1765620060442,CH1,POWER,3.75
1765620060446,CH1,POWER,3.75
1765620060451,CH1,POWER,3.75
1765620060455,CH1,POWER,3.75
1765620060459,CH1,POWER,3.75
1765620060464,CH1,POWER,3.75
1765620060468,CH1,POWER,3.75
1765620060474,CH1,POWER,3.75
1765620060477,CH1,POWER,3.65
1765620060503,CH1,POWER,3.65
1765620060509,CH1,POWER,3.65
1765620060516,CH1,POWER,3.65
1765620060520,CH1,POWER,3.65
1765620060525,CH1,POWER,3.65
1765620060529,CH1,POWER,3.65
1765620060535,CH1,POWER,3.65
1765620060540,CH1,POWER,3.65
1765620060546,CH1,POWER,3.65
1765620060552,CH1,POWER,3.65
1765620060556,CH1,POWER,3.65
1765620060560,CH1,POWER,3.65
1765620060566,CH1,POWER,3.65
1765620060574,CH1,POWER,3.65
1765620060578,CH1,POWER,3.65
1765620060584,CH1,POWER,3.65
1765620060589,CH1,POWER,3.65
1765620060593,CH1,POWER,3.65
1765620060599,CH1,POWER,3.65
1765620060603,CH1,POWER,3.65
1765620060607,CH1,POWER,3.65
1765620060611,CH1,POWER,3.65
1765620060616,CH1,POWER,3.65
1765620060620,CH1,POWER,3.65
1765620060625,CH1,POWER,3.65
1765620060629,CH1,POWER,3.65
1765620060635,CH1,POWER,3.65
1765620060640,CH1,POWER,3.65
1765620060646,CH1,POWER,3.65
1765620060652,CH1,POWER,3.65
1765620060656,CH1,POWER,3.65
1765620060660,CH1,POWER,3.65
1765620060665,CH1,POWER,3.65
1765620060672,CH1,POWER,3.65
1765620060676,CH1,POWER,3.65
1765620060680,CH1,POWER,3.65
1765620060685,CH1,POWER,3.65
1765620060689,CH1,POWER,3.65
1765620060696,CH1,POWER,3.65
1765620060701,CH1,POWER,3.65
1765620060706,CH1,POWER,3.65
1765620060711,CH1,POWER,3.65
1765620060716,CH1,POWER,3.65
1765620060722,CH1,POWER,3.65
1765620060726,CH1,POWER,3.65
1765620060732,CH1,POWER,3.65
1765620060736,CH1,POWER,3.65
1765620060741,CH1,POWER,3.65
1765620060746,CH1,POWER,3.65
1765620060750,CH1,POWER,3.65
1765620060755,CH1,POWER,3.65
1765620060759,CH1,POWER,3.65
1765620060763,CH1,POWER,3.65
1765620060769,CH1,POWER,3.65
1765620060773,CH1,POWER,3.65
1765620060779,CH1,POWER,3.65
1765620060783,CH1,POWER,3.65
1765620060788,CH1,POWER,3.65
1765620060796,CH1,POWER,3.65
1765620060804,CH1,POWER,3.65
1765620060809,CH1,POWER,3.65
1765620060816,CH1,POWER,3.65
1765620060824,CH1,POWER,3.65
1765620060829,CH1,POWER,3.65
1765620060833,CH1,POWER,3.65
1765620060838,CH1,POWER,3.65
1765620060844,CH1,POWER,3.65
1765620060849,CH1,POWER,3.65
1765620060855,CH1,POWER,3.65
1765620060860,CH1,POWER,3.65
1765620060865,CH1,POWER,3.65
1765620060867,CH1,POWER,3.60
1765620060870,CH1,POWER,3.60
1765620060897,CH1,POWER,3.60
1765620060902,CH1,POWER,3.60
1765620060907,CH1,POWER,3.60
1765620060911,CH1,POWER,3.60
1765620060918,CH1,POWER,3.60
1765620060924,CH1,POWER,3.60
1765620060928,CH1,POWER,3.60
1765620060934,CH1,POWER,3.60
1765620060938,CH1,POWER,3.60
1765620060942,CH1,POWER,3.60
1765620060948,CH1,POWER,3.60
1765620060954,CH1,POWER,3.60
1765620060958,CH1,POWER,3.60
1765620060964,CH1,POWER,3.60
1765620060968,CH1,POWER,3.60
1765620060973,CH1,POWER,3.60
1765620060978,CH1,POWER,3.60
1765620060984,CH1,POWER,3.60
1765620060988,CH1,POWER,3.60
1765620060992,CH1,POWER,3.60
1765620060998,CH1,POWER,3.60
1765620061004,CH1,POWER,3.60
1765620061008,CH1,POWER,3.60
1765620061013,CH1,POWER,3.60
1765620061018,CH1,POWER,3.60
1765620061024,CH1,POWER,3.60
1765620061028,CH1,POWER,3.60
1765620061036,CH1,POWER,3.60
1765620061041,CH1,POWER,3.60
1765620061048,CH1,POWER,3.60
1765620061056,CH1,POWER,3.60
1765620061061,CH1,POWER,3.60
1765620061065,CH1,POWER,3.60
1765620061069,CH1,POWER,3.60
1765620061073,CH1,POWER,3.60
1765620061078,CH1,POWER,3.60
1765620061083,CH1,POWER,3.60
1765620061088,CH1,POWER,3.60
1765620061092,CH1,POWER,3.60
1765620061097,CH1,POWER,3.60
1765620061101,CH1,POWER,3.60
1765620061107,CH1,POWER,3.60
1765620061114,CH1,POWER,3.60
1765620061118,CH1,POWER,3.60
1765620061126,CH1,POWER,3.60
1765620061131,CH1,POWER,3.60
1765620061138,CH1,POWER,3.60
1765620061146,CH1,POWER,3.60
1765620061152,CH1,POWER,3.60
1765620061157,CH1,POWER,3.60
1765620061163,CH1,POWER,3.60
1765620061168,CH1,POWER,3.60
1765620061172,CH1,POWER,3.60
1765620061177,CH1,POWER,3.60
1765620061184,CH1,POWER,3.60
1765620061188,CH1,POWER,3.60
1765620061192,CH1,POWER,3.60
1765620061198,CH1,POWER,3.60
1765620061206,CH1,POWER,3.60
1765620061211,CH1,POWER,3.60
1765620061218,CH1,POWER,3.60
1765620061226,CH1,POWER,3.60
1765620061230,CH1,POWER,3.60
1765620061236,CH1,POWER,3.60
1765620061241,CH1,POWER,3.60
1765620061245,CH1,POWER,3.60
1765620061250,CH1,POWER,3.60
1765620061256,CH1,POWER,3.60
1765620061262,CH1,POWER,3.60
1765620061266,CH1,POWER,3.90
1765620061269,CH1,POWER,3.90
1765620061271,CH1,POWER,3.90
1765620061297,CH1,POWER,3.90
1765620061302,CH1,POWER,3.90
1765620061307,CH1,POWER,3.90
1765620061312,CH1,POWER,3.90
1765620061318,CH1,POWER,3.90
1765620061323,CH1,POWER,3.90
1765620061327,CH1,POWER,3.90
1765620061332,CH1,POWER,3.90
1765620061338,CH1,POWER,3.90
1765620061343,CH1,POWER,3.90
1765620061347,CH1,POWER,3.90
1765620061353,CH1,POWER,3.90
1765620061357,CH1,POWER,3.90
1765620061362,CH1,POWER,3.90
1765620061368,CH1,POWER,3.90
1765620061373,CH1,POWER,3.90
1765620061380,CH1,POWER,3.90
1765620061386,CH1,POWER,3.90
1765620061390,CH1,POWER,3.90
1765620061398,CH1,POWER,3.90
1765620061403,CH1,POWER,3.90
1765620061410,CH1,POWER,3.90
1765620061418,CH1,POWER,3.90
1765620061423,CH1,POWER,3.90
1765620061427,CH1,POWER,3.90
1765620061432,CH1,POWER,3.90
1765620061438,CH1,POWER,3.90
1765620061443,CH1,POWER,3.90
1765620061450,CH1,POWER,3.90
1765620061458,CH1,POWER,3.90
1765620061463,CH1,POWER,3.90
1765620061470,CH1,POWER,3.90
1765620061478,CH1,POWER,3.90
1765620061483,CH1,POWER,3.90
1765620061490,CH1,POWER,3.90
1765620061496,CH1,POWER,3.90
1765620061500,CH1,POWER,3.90
1765620061505,CH1,POWER,3.90
1765620061510,CH1,POWER,3.90
1765620061515,CH1,POWER,3.90
1765620061520,CH1,POWER,3.90
1765620061526,CH1,POWER,3.90
1765620061530,CH1,POWER,3.90
1765620061536,CH1,POWER,3.90
1765620061540,CH1,POWER,3.90
1765620061545,CH1,POWER,3.90
1765620061550,CH1,POWER,3.90
1765620061555,CH1,POWER,3.90
1765620061560,CH1,POWER,3.90
1765620061566,CH1,POWER,3.90
1765620061570,CH1,POWER,3.90
1765620061575,CH1,POWER,3.90
1765620061580,CH1,POWER,3.90
1765620061586,CH1,POWER,3.90
1765620061590,CH1,POWER,3.90
1765620061596,CH1,POWER,3.90
1765620061600,CH1,POWER,3.90
1765620061605,CH1,POWER,3.90
1765620061610,CH1,POWER,3.90
1765620061616,CH1,POWER,3.90
1765620061620,CH1,POWER,3.90
1765620061625,CH1,POWER,3.90
1765620061630,CH1,POWER,3.90
1765620061635,CH1,POWER,3.90
1765620061640,CH1,POWER,3.90
1765620061648,CH1,POWER,3.90
1765620061654,CH1,POWER,3.90
1765620061659,CH1,POWER,3.90
1765620061661,CH1,POWER,3.75
1765620061664,CH1,POWER,3.75
1765620061691,CH1,POWER,3.75
1765620061696,CH1,POWER,3.75
1765620061701,CH1,POWER,3.75
1765620061705,CH1,POWER,3.75
1765620061712,CH1,POWER,3.75
1765620061717,CH1,POWER,3.75
1765620061722,CH1,POWER,3.75
1765620061727,CH1,POWER,3.75
1765620061732,CH1,POWER,3.75
1765620061736,CH1,POWER,3.75
1765620061741,CH1,POWER,3.75
1765620061745,CH1,POWER,3.75
1765620061751,CH1,POWER,3.75
1765620061756,CH1,POWER,3.75
1765620061762,CH1,POWER,3.75
1765620061770,CH1,POWER,3.75
1765620061776,CH1,POWER,3.75
1765620061781,CH1,POWER,3.75
1765620061785,CH1,POWER,3.75
1765620061791,CH1,POWER,3.75
1765620061797,CH1,POWER,3.75
1765620061802,CH1,POWER,3.75
1765620061806,CH1,POWER,3.75
1765620061811,CH1,POWER,3.75
1765620061818,CH1,POWER,3.75
1765620061822,CH1,POWER,3.75
1765620061826,CH1,POWER,3.75
1765620061831,CH1,POWER,3.75
1765620061835,CH1,POWER,3.75
1765620061839,CH1,POWER,3.75
1765620061844,CH1,POWER,3.75
1765620061850,CH1,POWER,3.75
1765620061855,CH1,POWER,3.75
1765620061862,CH1,POWER,3.75
1765620061868,CH1,POWER,3.75
1765620061872,CH1,POWER,3.75
1765620061876,CH1,POWER,3.75
1765620061881,CH1,POWER,3.75
1765620061886,CH1,POWER,3.75
1765620061891,CH1,POWER,3.75
1765620061897,CH1,POWER,3.75
1765620061902,CH1,POWER,3.75
1765620061906,CH1,POWER,3.75
1765620061911,CH1,POWER,3.75
1765620061915,CH1,POWER,3.75
1765620061922,CH1,POWER,3.75
1765620061927,CH1,POWER,3.75
1765620061932,CH1,POWER,3.75
1765620061937,CH1,POWER,3.75
1765620061942,CH1,POWER,3.75
1765620061948,CH1,POWER,3.75
1765620061952,CH1,POWER,3.75
1765620061960,CH1,POWER,3.75
1765620061965,CH1,POWER,3.75
1765620061972,CH1,POWER,3.75
1765620061978,CH1,POWER,3.75
1765620061982,CH1,POWER,3.75
1765620061987,CH1,POWER,3.75
1765620061992,CH1,POWER,3.75
1765620061997,CH1,POWER,3.75
1765620062002,CH1,POWER,3.75
1765620062010,CH1,POWER,3.75
1765620062014,CH1,POWER,3.75
1765620062020,CH1,POWER,3.75
1765620062025,CH1,POWER,3.75
1765620062032,CH1,POWER,3.75
1765620062040,CH1,POWER,3.75
1765620062045,CH1,POWER,3.75
1765620062071,CH1,POWER,3.75
1765620062076,CH1,POWER,3.75
1765620062081,CH1,POWER,3.75
1765620062085,CH1,POWER,3.75
1765620062092,CH1,POWER,3.75
1765620062097,CH1,POWER,3.75
1765620062103,CH1,POWER,3.75
1765620062108,CH1,POWER,3.75
1765620062114,CH1,POWER,3.75
1765620062119,CH1,POWER,3.75
1765620062124,CH1,POWER,3.75
1765620062129,CH1,POWER,3.75
1765620062134,CH1,POWER,3.75
1765620062140,CH1,POWER,3.75
1765620062144,CH1,POWER,3.75
1765620062150,CH1,POWER,3.75
1765620062154,CH1,POWER,3.75
1765620062159,CH1,POWER,3.75
1765620062164,CH1,POWER,3.75
1765620062168,CH1,POWER,3.75
1765620062174,CH1,POWER,3.75
1765620062178,CH1,POWER,3.75
1765620062184,CH1,POWER,3.75
1765620062188,CH1,POWER,3.75
1765620062194,CH1,POWER,3.75
1765620062199,CH1,POWER,3.75
1765620062204,CH1,POWER,3.75
1765620062208,CH1,POWER,3.75
1765620062214,CH1,POWER,3.75
1765620062222,CH1,POWER,3.75
1765620062227,CH1,POWER,3.75
1765620062234,CH1,POWER,3.75
1765620062240,CH1,POWER,3.75
1765620062244,CH1,POWER,3.75
1765620062249,CH1,POWER,3.75
1765620062254,CH1,POWER,3.75
1765620062262,CH1,POWER,3.75
1765620062267,CH1,POWER,3.75
1765620062274,CH1,POWER,3.75
1765620062279,CH1,POWER,3.75
1765620062284,CH1,POWER,3.75
1765620062290,CH1,POWER,3.75
1765620062294,CH1,POWER,3.75
1765620062298,CH1,POWER,3.75
1765620062304,CH1,POWER,3.75
1765620062310,CH1,POWER,3.75
1765620062314,CH1,POWER,3.75
1765620062322,CH1,POWER,3.75
1765620062327,CH1,POWER,3.75
1765620062334,CH1,POWER,3.75
1765620062340,CH1,POWER,3.75
1765620062344,CH1,POWER,3.75
1765620062350,CH1,POWER,3.75
1765620062354,CH1,POWER,3.75
1765620062359,CH1,POWER,3.75
1765620062364,CH1,POWER,3.75
1765620062370,CH1,POWER,3.75
1765620062374,CH1,POWER,3.75
1765620062380,CH1,POWER,3.75
1765620062384,CH1,POWER,3.75
1765620062392,CH1,POWER,3.75
1765620062397,CH1,POWER,3.75
1765620062401,CH1,POWER,3.75
1765620062406,CH1,POWER,3.75
1765620062414,CH1,POWER,3.75
1765620062419,CH1,POWER,3.75
1765620062424,CH1,POWER,3.75
1765620062430,CH1,POWER,3.75
1765620062434,CH1,POWER,3.75
1765620062437,CH1,POWER,3.85
1765620062463,CH1,POWER,3.85
1765620062468,CH1,POWER,3.85
1765620062475,CH1,POWER,3.85
1765620062480,CH1,POWER,3.85
1765620062485,CH1,POWER,3.85
1765620062490,CH1,POWER,3.85
1765620062496,CH1,POWER,3.85
1765620062501,CH1,POWER,3.85
1765620062506,CH1,POWER,3.85
1765620062511,CH1,POWER,3.85
1765620062516,CH1,POWER,3.85
1765620062522,CH1,POWER,3.85
1765620062526,CH1,POWER,3.85
1765620062530,CH1,POWER,3.85
1765620062536,CH1,POWER,3.85
1765620062541,CH1,POWER,3.85
1765620062546,CH1,POWER,3.85
1765620062551,CH1,POWER,3.85
1765620062556,CH1,POWER,3.85
1765620062564,CH1,POWER,3.85
1765620062569,CH1,POWER,3.85
1765620062573,CH1,POWER,3.85
1765620062578,CH1,POWER,3.85
1765620062584,CH1,POWER,3.85
1765620062588,CH1,POWER,3.85
1765620062593,CH1,POWER,3.85
1765620062597,CH1,POWER,3.85
1765620062601,CH1,POWER,3.85
1765620062606,CH1,POWER,3.85
1765620062610,CH1,POWER,3.85
1765620062616,CH1,POWER,3.85
1765620062621,CH1,POWER,3.85
1765620062626,CH1,POWER,3.85
1765620062631,CH1,POWER,3.85
1765620062636,CH1,POWER,3.85
1765620062640,CH1,POWER,3.85
1765620062646,CH1,POWER,3.85
1765620062650,CH1,POWER,3.85
1765620062656,CH1,POWER,3.85
1765620062661,CH1,POWER,3.85
1765620062666,CH1,POWER,3.85
1765620062671,CH1,POWER,3.85
1765620062676,CH1,POWER,3.85
1765620062681,CH1,POWER,3.85
1765620062686,CH1,POWER,3.85
1765620062690,CH1,POWER,3.85
1765620062696,CH1,POWER,3.85
1765620062701,CH1,POWER,3.85
1765620062706,CH1,POWER,3.85
1765620062711,CH1,POWER,3.85
1765620062716,CH1,POWER,3.85
1765620062724,CH1,POWER,3.85
1765620062729,CH1,POWER,3.85
1765620062736,CH1,POWER,3.85
1765620062741,CH1,POWER,3.85
1765620062746,CH1,POWER,3.85
1765620062751,CH1,POWER,3.85
1765620062756,CH1,POWER,3.85
1765620062764,CH1,POWER,3.85
1765620062768,CH1,POWER,3.85
1765620062776,CH1,POWER,3.85
1765620062781,CH1,POWER,3.85
1765620062786,CH1,POWER,3.85
1765620062791,CH1,POWER,3.85
1765620062796,CH1,POWER,3.85
1765620062800,CH1,POWER,3.85
1765620062805,CH1,POWER,3.85
1765620062810,CH1,POWER,3.85
1765620062816,CH1,POWER,3.85
1765620062821,CH1,POWER,3.85
1765620062825,CH1,POWER,3.90
1765620062827,CH1,POWER,3.90
1765620062830,CH1,POWER,3.90
1765620062858,CH1,POWER,3.90
1765620062863,CH1,POWER,3.90
1765620062868,CH1,POWER,3.90
1765620062872,CH1,POWER,3.90
1765620062877,CH1,POWER,3.90
1765620062883,CH1,POWER,3.90
1765620062888,CH1,POWER,3.90
1765620062893,CH1,POWER,3.90
1765620062898,CH1,POWER,3.90
1765620062902,CH1,POWER,3.90
1765620062908,CH1,POWER,3.90
1765620062912,CH1,POWER,3.90
1765620062917,CH1,POWER,3.90
1765620062921,CH1,POWER,3.90
1765620062927,CH1,POWER,3.90
1765620062931,CH1,POWER,3.90
1765620062937,CH1,POWER,3.90
1765620062942,CH1,POWER,3.90
1765620062948,CH1,POWER,3.90
1765620062956,CH1,POWER,3.90
1765620062962,CH1,POWER,3.90
1765620062967,CH1,POWER,3.90
1765620062972,CH1,POWER,3.90
1765620062978,CH1,POWER,3.90
1765620062982,CH1,POWER,3.90
1765620062987,CH1,POWER,3.90
1765620062991,CH1,POWER,3.90
1765620062997,CH1,POWER,3.90
1765620063002,CH1,POWER,3.90
1765620063007,CH1,POWER,3.90
1765620063012,CH1,POWER,3.90
1765620063018,CH1,POWER,3.90
1765620063026,CH1,POWER,3.90
1765620063031,CH1,POWER,3.90
1765620063038,CH1,POWER,3.90
1765620063043,CH1,POWER,3.90
1765620063048,CH1,POWER,3.90
1765620063053,CH1,POWER,3.90
1765620063058,CH1,POWER,3.90
1765620063066,CH1,POWER,3.90
1765620063071,CH1,POWER,3.90
1765620063078,CH1,POWER,3.90
1765620063083,CH1,POWER,3.90
1765620063088,CH1,POWER,3.90
1765620063093,CH1,POWER,3.90
1765620063098,CH1,POWER,3.90
1765620063104,CH1,POWER,3.90
1765620063108,CH1,POWER,3.90
1765620063116,CH1,POWER,3.90
1765620063122,CH1,POWER,3.90
1765620063127,CH1,POWER,3.90
1765620063131,CH1,POWER,3.90
1765620063138,CH1,POWER,3.90
1765620063143,CH1,POWER,3.90
1765620063148,CH1,POWER,3.90
1765620063152,CH1,POWER,3.90
1765620063157,CH1,POWER,3.90
1765620063162,CH1,POWER,3.90
1765620063168,CH1,POWER,3.90
1765620063172,CH1,POWER,3.90
1765620063177,CH1,POWER,3.90
1765620063181,CH1,POWER,3.90
1765620063188,CH1,POWER,3.90
1765620063192,CH1,POWER,3.90
1765620063198,CH1,POWER,3.90
1765620063202,CH1,POWER,3.90
1765620063207,CH1,POWER,3.90
1765620063211,CH1,POWER,3.90
1765620063239,CH1,POWER,3.90
1765620063244,CH1,POWER,3.90
1765620063249,CH1,POWER,3.90
1765620063256,CH1,POWER,3.90
1765620063260,CH1,POWER,3.90
1765620063264,CH1,POWER,3.90
1765620063270,CH1,POWER,3.90
1765620063278,CH1,POWER,3.90
1765620063283,CH1,POWER,3.90
1765620063289,CH1,POWER,3.90
1765620063293,CH1,POWER,3.90
1765620063299,CH1,POWER,3.90
1765620063304,CH1,POWER,3.90
1765620063310,CH1,POWER,3.90
1765620063315,CH1,POWER,3.90
1765620063320,CH1,POWER,3.90
1765620063325,CH1,POWER,3.90
1765620063330,CH1,POWER,3.90
1765620063335,CH1,POWER,3.90
1765620063340,CH1,POWER,3.90
1765620063345,CH1,POWER,3.90
1765620063350,CH1,POWER,3.90
1765620063355,CH1,POWER,3.90
1765620063360,CH1,POWER,3.90
1765620063364,CH1,POWER,3.90
1765620063370,CH1,POWER,3.90
1765620063374,CH1,POWER,3.90
1765620063380,CH1,POWER,3.90
1765620063385,CH1,POWER,3.90
1765620063390,CH1,POWER,3.90
1765620063395,CH1,POWER,3.90
1765620063400,CH1,POWER,3.90
1765620063404,CH1,POWER,3.90
1765620063409,CH1,POWER,3.90
1765620063413,CH1,POWER,3.90
1765620063419,CH1,POWER,3.90
1765620063424,CH1,POWER,3.90
1765620063430,CH1,POWER,3.90
1765620063435,CH1,POWER,3.90
1765620063440,CH1,POWER,3.90
1765620063444,CH1,POWER,3.90
1765620063450,CH1,POWER,3.90
1765620063455,CH1,POWER,3.90
1765620063460,CH1,POWER,3.90
1765620063464,CH1,POWER,3.90
1765620063470,CH1,POWER,3.90
1765620063475,CH1,POWER,3.90
1765620063480,CH1,POWER,3.90
1765620063484,CH1,POWER,3.90
1765620063490,CH1,POWER,3.90
1765620063495,CH1,POWER,3.90
1765620063500,CH1,POWER,3.90
1765620063505,CH1,POWER,3.90
1765620063510,CH1,POWER,3.90
1765620063515,CH1,POWER,3.90
1765620063520,CH1,POWER,3.90
1765620063525,CH1,POWER,3.90
1765620063530,CH1,POWER,3.90
1765620063535,CH1,POWER,3.90
1765620063540,CH1,POWER,3.90
1765620063545,CH1,POWER,3.90
1765620063550,CH1,POWER,3.90
1765620063554,CH1,POWER,3.90
1765620063560,CH1,POWER,3.90
1765620063564,CH1,POWER,3.90
1765620063570,CH1,POWER,3.90
1765620063575,CH1,POWER,3.90
1765620063580,CH1,POWER,3.90
1765620063585,CH1,POWER,3.90
1765620063590,CH1,POWER,3.90
1765620063595,CH1,POWER,3.90
1765620063600,CH1,POWER,3.90
1765620063603,CH1,POWER,3.85
1765620063631,CH1,POWER,3.85
1765620063636,CH1,POWER,3.85
1765620063641,CH1,POWER,3.85
1765620063646,CH1,POWER,3.85
1765620063652,CH1,POWER,3.85
1765620063657,CH1,POWER,3.85
1765620063662,CH1,POWER,3.85
1765620063667,CH1,POWER,3.85
1765620063672,CH1,POWER,3.85
1765620063677,CH1,POWER,3.85
1765620063682,CH1,POWER,3.85
1765620063690,CH1,POWER,3.85
1765620063695,CH1,POWER,3.85
1765620063702,CH1,POWER,3.85
1765620063710,CH1,POWER,3.85
1765620063715,CH1,POWER,3.85
1765620063722,CH1,POWER,3.85
1765620063727,CH1,POWER,3.85
1765620063732,CH1,POWER,3.85
1765620063737,CH1,POWER,3.85
1765620063742,CH1,POWER,3.85
1765620063747,CH1,POWER,3.85
1765620063752,CH1,POWER,3.85
1765620063756,CH1,POWER,3.85
1765620063762,CH1,POWER,3.85
1765620063767,CH1,POWER,3.85
1765620063772,CH1,POWER,3.85
1765620063776,CH1,POWER,3.85
1765620063782,CH1,POWER,3.85
1765620063786,CH1,POWER,3.85
1765620063792,CH1,POWER,3.85
1765620063796,CH1,POWER,3.85
1765620063802,CH1,POWER,3.85
1765620063807,CH1,POWER,3.85
1765620063812,CH1,POWER,3.85
1765620063817,CH1,POWER,3.85
1765620063822,CH1,POWER,3.85
1765620063827,CH1,POWER,3.85
1765620063832,CH1,POWER,3.85
1765620063836,CH1,POWER,3.85
1765620063842,CH1,POWER,3.85
1765620063846,CH1,POWER,3.85
1765620063852,CH1,POWER,3.85
1765620063857,CH1,POWER,3.85
1765620063862,CH1,POWER,3.85
1765620063866,CH1,POWER,3.85
1765620063871,CH1,POWER,3.85
1765620063875,CH1,POWER,3.85
1765620063879,CH1,POWER,3.85
1765620063883,CH1,POWER,3.85
1765620063890,CH1,POWER,3.85
1765620063896,CH1,POWER,3.85
1765620063901,CH1,POWER,3.85
1765620063905,CH1,POWER,3.85
1765620063911,CH1,POWER,3.85
1765620063917,CH1,POWER,3.85
1765620063922,CH1,POWER,3.85
1765620063927,CH1,POWER,3.85
1765620063932,CH1,POWER,3.85
1765620063936,CH1,POWER,3.85
1765620063942,CH1,POWER,3.85
1765620063947,CH1,POWER,3.85
1765620063952,CH1,POWER,3.85
1765620063957,CH1,POWER,3.85
1765620063962,CH1,POWER,3.85
1765620063967,CH1,POWER,3.85
1765620063972,CH1,POWER,3.85
1765620063976,CH1,POWER,3.85
1765620063982,CH1,POWER,3.85
1765620063987,CH1,POWER,3.85
1765620063992,CH1,POWER,3.85
1765620063994,CH1,POWER,3.85
1765620064020,CH1,POWER,3.85
1765620064025,CH1,POWER,3.85
1765620064032,CH1,POWER,3.85
1765620064037,CH1,POWER,3.85
1765620064041,CH1,POWER,3.85
1765620064045,CH1,POWER,3.85
1765620064049,CH1,POWER,3.85
1765620064054,CH1,POWER,3.85
1765620064059,CH1,POWER,3.85
1765620064064,CH1,POWER,3.85
1765620064072,CH1,POWER,3.85
1765620064078,CH1,POWER,3.85
1765620064083,CH1,POWER,3.85
1765620064087,CH1,POWER,3.85
1765620064094,CH1,POWER,3.85
1765620064099,CH1,POWER,3.85
1765620064104,CH1,POWER,3.85
1765620064112,CH1,POWER,3.85
1765620064116,CH1,POWER,3.85
1765620064121,CH1,POWER,3.85
1765620064125,CH1,POWER,3.85
1765620064132,CH1,POWER,3.85
1765620064137,CH1,POWER,3.85
1765620064144,CH1,POWER,3.85
1765620064149,CH1,POWER,3.85
1765620064154,CH1,POWER,3.85
1765620064159,CH1,POWER,3.85
1765620064164,CH1,POWER,3.85
1765620064172,CH1,POWER,3.85
1765620064177,CH1,POWER,3.85
1765620064181,CH1,POWER,3.85
1765620064186,CH1,POWER,3.85
1765620064192,CH1,POWER,3.85
1765620064197,CH1,POWER,3.85
1765620064204,CH1,POWER,3.85
1765620064209,CH1,POWER,3.85
1765620064214,CH1,POWER,3.85
1765620064218,CH1,POWER,3.85
1765620064224,CH1,POWER,3.85
1765620064228,CH1,POWER,3.85
1765620064234,CH1,POWER,3.85
1765620064238,CH1,POWER,3.85
1765620064244,CH1,POWER,3.85
1765620064252,CH1,POWER,3.85
1765620064257,CH1,POWER,3.85
1765620064264,CH1,POWER,3.85
1765620064269,CH1,POWER,3.85
1765620064274,CH1,POWER,3.85
1765620064279,CH1,POWER,3.85
1765620064284,CH1,POWER,3.85
1765620064288,CH1,POWER,3.85
1765620064294,CH1,POWER,3.85
1765620064298,CH1,POWER,3.85
1765620064303,CH1,POWER,3.85
1765620064308,CH1,POWER,3.85
1765620064313,CH1,POWER,3.85
1765620064319,CH1,POWER,3.85
1765620064324,CH1,POWER,3.85
1765620064328,CH1,POWER,3.85
1765620064333,CH1,POWER,3.85
1765620064338,CH1,POWER,3.85
1765620064343,CH1,POWER,3.85
1765620064348,CH1,POWER,3.85
1765620064353,CH1,POWER,3.85
1765620064357,CH1,POWER,3.85
1765620064364,CH1,POWER,3.85
1765620064369,CH1,POWER,3.85
1765620064374,CH1,POWER,3.85
1765620064379,CH1,POWER,3.85
1765620064384,CH1,POWER,3.85
1765620064387,CH1,POWER,4.05
1765620064415,CH1,POWER,4.05
1765620064420,CH1,POWER,4.05
1765620064425,CH1,POWER,4.05
1765620064431,CH1,POWER,4.05
1765620064436,CH1,POWER,4.05
1765620064441,CH1,POWER,4.05
1765620064446,CH1,POWER,4.05
1765620064451,CH1,POWER,4.05
1765620064456,CH1,POWER,4.05
1765620064460,CH1,POWER,4.05
1765620064466,CH1,POWER,4.05
1765620064470,CH1,POWER,4.05
1765620064476,CH1,POWER,4.05
1765620064480,CH1,POWER,4.05
1765620064485,CH1,POWER,4.05
1765620064489,CH1,POWER,4.05
1765620064493,CH1,POWER,4.05
1765620064498,CH1,POWER,4.05
1765620064504,CH1,POWER,4.05
1765620064509,CH1,POWER,4.05
1765620064516,CH1,POWER,4.05
1765620064521,CH1,POWER,4.05
1765620064526,CH1,POWER,4.05
1765620064534,CH1,POWER,4.05
1765620064539,CH1,POWER,4.05
1765620064546,CH1,POWER,4.05
1765620064554,CH1,POWER,4.05
1765620064559,CH1,POWER,4.05
1765620064566,CH1,POWER,4.05
1765620064571,CH1,POWER,4.05
1765620064576,CH1,POWER,4.05
1765620064581,CH1,POWER,4.05
1765620064586,CH1,POWER,4.05
1765620064590,CH1,POWER,4.05
1765620064596,CH1,POWER,4.05
1765620064601,CH1,POWER,4.05
1765620064606,CH1,POWER,4.05
1765620064610,CH1,POWER,4.05
1765620064616,CH1,POWER,4.05
1765620064620,CH1,POWER,4.05
1765620064626,CH1,POWER,4.05
1765620064631,CH1,POWER,4.05
1765620064636,CH1,POWER,4.05
1765620064644,CH1,POWER,4.05
1765620064648,CH1,POWER,4.05
1765620064653,CH1,POWER,4.05
1765620064657,CH1,POWER,4.05
1765620064664,CH1,POWER,4.05
1765620064668,CH1,POWER,4.05
1765620064676,CH1,POWER,4.05
1765620064681,CH1,POWER,4.05
1765620064686,CH1,POWER,4.05
1765620064691,CH1,POWER,4.05
1765620064696,CH1,POWER,4.05
1765620064700,CH1,POWER,4.05
1765620064706,CH1,POWER,4.05
1765620064711,CH1,POWER,4.05
1765620064716,CH1,POWER,4.05
1765620064720,CH1,POWER,4.05
1765620064726,CH1,POWER,4.05
1765620064734,CH1,POWER,4.05
1765620064739,CH1,POWER,4.05
1765620064745,CH1,POWER,4.05
1765620064751,CH1,POWER,4.05
1765620064756,CH1,POWER,4.05
1765620064761,CH1,POWER,4.05
1765620064766,CH1,POWER,4.05
1765620064771,CH1,POWER,4.05
1765620064776,CH1,POWER,4.05
1765620064779,CH1,POWER,4.05
1765620064805,CH1,POWER,4.05
1765620064810,CH1,POWER,4.05
1765620064815,CH1,POWER,4.05
1765620064821,CH1,POWER,4.05
1765620064828,CH1,POWER,4.05
1765620064833,CH1,POWER,4.05
1765620064838,CH1,POWER,4.05
1765620064843,CH1,POWER,4.05
1765620064848,CH1,POWER,4.05
1765620064853,CH1,POWER,4.05
1765620064858,CH1,POWER,4.05
1765620064866,CH1,POWER,4.05
1765620064871,CH1,POWER,4.05
1765620064878,CH1,POWER,4.05
1765620064886,CH1,POWER,4.05
1765620064891,CH1,POWER,4.05
1765620064897,CH1,POWER,4.05
1765620064902,CH1,POWER,4.05
1765620064908,CH1,POWER,4.05
1765620064913,CH1,POWER,4.05
1765620064918,CH1,POWER,4.05
1765620064923,CH1,POWER,4.05
1765620064928,CH1,POWER,4.05
1765620064933,CH1,POWER,4.05
1765620064938,CH1,POWER,4.05
1765620064946,CH1,POWER,4.05
1765620064950,CH1,POWER,4.05
1765620064955,CH1,POWER,4.05
1765620064960,CH1,POWER,4.05
1765620064968,CH1,POWER,4.05
1765620064972,CH1,POWER,4.05
1765620064978,CH1,POWER,4.05
1765620064983,CH1,POWER,4.05
1765620064988,CH1,POWER,4.05
1765620064996,CH1,POWER,4.05
1765620065002,CH1,POWER,4.05
1765620065007,CH1,POWER,4.05
1765620065013,CH1,POWER,4.05
1765620065018,CH1,POWER,4.05
1765620065026,CH1,POWER,4.05
1765620065031,CH1,POWER,4.05
1765620065038,CH1,POWER,4.05
1765620065043,CH1,POWER,4.05
1765620065048,CH1,POWER,4.05
1765620065053,CH1,POWER,4.05
1765620065058,CH1,POWER,4.05
1765620065066,CH1,POWER,4.05
1765620065071,CH1,POWER,4.05
1765620065078,CH1,POWER,4.05
1765620065083,CH1,POWER,4.05
1765620065088,CH1,POWER,4.05
1765620065093,CH1,POWER,4.05
1765620065098,CH1,POWER,4.05
1765620065103,CH1,POWER,4.05
1765620065108,CH1,POWER,4.05
1765620065113,CH1,POWER,4.05
1765620065118,CH1,POWER,4.05
1765620065123,CH1,POWER,4.05
1765620065128,CH1,POWER,4.05
1765620065133,CH1,POWER,4.05
1765620065138,CH1,POWER,4.05
1765620065143,CH1,POWER,4.05
1765620065148,CH1,POWER,4.05
1765620065153,CH1,POWER,4.05
1765620065158,CH1,POWER,4.05
1765620065162,CH1,POWER,3.75
1765620065190,CH1,POWER,3.75
1765620065195,CH1,POWER,3.75
1765620065200,CH1,POWER,3.75
1765620065205,CH1,POWER,3.75
1765620065210,CH1,POWER,3.75
1765620065215,CH1,POWER,3.75
1765620065220,CH1,POWER,3.75
1765620065228,CH1,POWER,3.75
1765620065232,CH1,POWER,3.75
1765620065236,CH1,POWER,3.75
1765620065241,CH1,POWER,3.75
1765620065247,CH1,POWER,3.75
1765620065251,CH1,POWER,3.75
1765620065257,CH1,POWER,3.75
1765620065263,CH1,POWER,3.75
1765620065267,CH1,POWER,3.75
1765620065272,CH1,POWER,3.75
1765620065278,CH1,POWER,3.75
1765620065283,CH1,POWER,3.75
1765620065289,CH1,POWER,3.75
1765620065294,CH1,POWER,3.75
1765620065300,CH1,POWER,3.75
1765620065305,CH1,POWER,3.75
1765620065310,CH1,POWER,3.75
1765620065318,CH1,POWER,3.75
1765620065322,CH1,POWER,3.75
1765620065330,CH1,POWER,3.75
1765620065334,CH1,POWER,3.75
1765620065339,CH1,POWER,3.75
1765620065343,CH1,POWER,3.75
1765620065350,CH1,POWER,3.75
1765620065354,CH1,POWER,3.75
1765620065359,CH1,POWER,3.75
1765620065364,CH1,POWER,3.75
1765620065370,CH1,POWER,3.75
1765620065378,CH1,POWER,3.75
1765620065383,CH1,POWER,3.75
1765620065387,CH1,POWER,3.75
1765620065392,CH1,POWER,3.75
1765620065398,CH1,POWER,3.75
1765620065404,CH1,POWER,3.75
1765620065410,CH1,POWER,3.75
1765620065415,CH1,POWER,3.75
1765620065420,CH1,POWER,3.75
1765620065425,CH1,POWER,3.75
1765620065430,CH1,POWER,3.75
1765620065435,CH1,POWER,3.75
1765620065440,CH1,POWER,3.75
1765620065444,CH1,POWER,3.75
1765620065449,CH1,POWER,3.75
1765620065453,CH1,POWER,3.75
1765620065460,CH1,POWER,3.75
1765620065464,CH1,POWER,3.75
1765620065469,CH1,POWER,3.75
1765620065474,CH1,POWER,3.75
1765620065479,CH1,POWER,3.75
1765620065484,CH1,POWER,3.75
1765620065490,CH1,POWER,3.75
1765620065494,CH1,POWER,3.75
1765620065499,CH1,POWER,3.75
1765620065503,CH1,POWER,3.75
1765620065509,CH1,POWER,3.75
1765620065515,CH1,POWER,3.75
1765620065520,CH1,POWER,3.75
1765620065524,CH1,POWER,3.75
1765620065529,CH1,POWER,3.75
1765620065534,CH1,POWER,3.75
1765620065539,CH1,POWER,3.75
1765620065543,CH1,POWER,3.75
1765620065548,CH1,POWER,3.75
1765620065551,CH1,POWER,3.70
1765620065553,CH1,POWER,3.70
1765620065581,CH1,POWER,3.70
1765620065586,CH1,POWER,3.70
1765620065591,CH1,POWER,3.70
1765620065597,CH1,POWER,3.70
1765620065602,CH1,POWER,3.70
1765620065609,CH1,POWER,3.70
1765620065614,CH1,POWER,3.70
1765620065619,CH1,POWER,3.70
1765620065623,CH1,POWER,3.70
1765620065630,CH1,POWER,3.70
1765620065635,CH1,POWER,3.70
1765620065642,CH1,POWER,3.70
1765620065646,CH1,POWER,3.70
1765620065651,CH1,POWER,3.70
1765620065655,CH1,POWER,3.70
1765620065661,CH1,POWER,3.70
1765620065665,CH1,POWER,3.70
1765620065671,CH1,POWER,3.70
1765620065675,CH1,POWER,3.70
1765620065682,CH1,POWER,3.70
1765620065687,CH1,POWER,3.70
1765620065692,CH1,POWER,3.70
1765620065696,CH1,POWER,3.70
1765620065701,CH1,POWER,3.70
1765620065705,CH1,POWER,3.70
1765620065712,CH1,POWER,3.70
1765620065717,CH1,POWER,3.70
1765620065722,CH1,POWER,3.70
1765620065726,CH1,POWER,3.70
1765620065731,CH1,POWER,3.70
1765620065735,CH1,POWER,3.70
1765620065742,CH1,POWER,3.70
1765620065747,CH1,POWER,3.70
1765620065752,CH1,POWER,3.70
1765620065756,CH1,POWER,3.70
1765620065761,CH1,POWER,3.70
1765620065764,CH1,POWER,3.70
1765620065769,CH1,POWER,3.70
1765620065773,CH1,POWER,3.70
1765620065780,CH1,POWER,3.70
1765620065786,CH1,POWER,3.70
1765620065791,CH1,POWER,3.70
1765620065796,CH1,POWER,3.70
1765620065801,CH1,POWER,3.70
1765620065805,CH1,POWER,3.70
1765620065812,CH1,POWER,3.70
1765620065816,CH1,POWER,3.70
1765620065821,CH1,POWER,3.70
1765620065825,CH1,POWER,3.70
1765620065829,CH1,POWER,3.70
1765620065833,CH1,POWER,3.70
1765620065837,CH1,POWER,3.70
1765620065842,CH1,POWER,3.70
1765620065846,CH1,POWER,3.70
1765620065851,CH1,POWER,3.70
1765620065856,CH1,POWER,3.70
1765620065862,CH1,POWER,3.70
1765620065866,CH1,POWER,3.70
1765620065872,CH1,POWER,3.70
1765620065877,CH1,POWER,3.70
1765620065882,CH1,POWER,3.70
1765620065887,CH1,POWER,3.70
1765620065892,CH1,POWER,3.70
1765620065897,CH1,POWER,3.70
1765620065902,CH1,POWER,3.70
1765620065907,CH1,POWER,3.70
1765620065912,CH1,POWER,3.70
1765620065917,CH1,POWER,3.70
1765620065922,CH1,POWER,3.70
1765620065926,CH1,POWER,3.70
1765620065932,CH1,POWER,3.70
1765620065937,CH1,POWER,3.70
1765620065941,CH1,POWER,3.75
1765620065943,CH1,POWER,3.75
1765620065946,CH1,POWER,3.75
1765620065974,CH1,POWER,3.75
1765620065979,CH1,POWER,3.75
1765620065984,CH1,POWER,3.75
1765620065988,CH1,POWER,3.75
1765620065994,CH1,POWER,3.75
1765620065999,CH1,POWER,3.75
1765620066004,CH1,POWER,3.75
1765620066008,CH1,POWER,3.75
1765620066013,CH1,POWER,3.75
1765620066019,CH1,POWER,3.75
1765620066023,CH1,POWER,3.75
1765620066028,CH1,POWER,3.75
1765620066034,CH1,POWER,3.75
1765620066038,CH1,POWER,3.75
1765620066043,CH1,POWER,3.75
1765620066048,CH1,POWER,3.75
1765620066054,CH1,POWER,3.75
1765620066059,CH1,POWER,3.75
1765620066064,CH1,POWER,3.75
1765620066069,CH1,POWER,3.75
1765620066074,CH1,POWER,3.75
1765620066079,CH1,POWER,3.75
1765620066084,CH1,POWER,3.75
1765620066092,CH1,POWER,3.75
1765620066097,CH1,POWER,3.75
1765620066104,CH1,POWER,3.75
1765620066109,CH1,POWER,3.75
1765620066114,CH1,POWER,3.75
1765620066119,CH1,POWER,3.75
1765620066124,CH1,POWER,3.75
1765620066129,CH1,POWER,3.75
1765620066134,CH1,POWER,3.75
1765620066138,CH1,POWER,3.75
1765620066144,CH1,POWER,3.75
1765620066152,CH1,POWER,3.75
1765620066158,CH1,POWER,3.75
1765620066163,CH1,POWER,3.75
1765620066168,CH1,POWER,3.75
1765620066174,CH1,POWER,3.75
1765620066179,CH1,POWER,3.75
1765620066184,CH1,POWER,3.75
1765620066192,CH1,POWER,3.75
1765620066197,CH1,POWER,3.75
1765620066203,CH1,POWER,3.75
1765620066208,CH1,POWER,3.75
1765620066213,CH1,POWER,3.75
1765620066217,CH1,POWER,3.75
1765620066223,CH1,POWER,3.75
1765620066227,CH1,POWER,3.75
1765620066233,CH1,POWER,3.75
1765620066237,CH1,POWER,3.75
1765620066243,CH1,POWER,3.75
1765620066247,CH1,POWER,3.75
1765620066253,CH1,POWER,3.75
1765620066257,CH1,POWER,3.75
1765620066264,CH1,POWER,3.75
1765620066269,CH1,POWER,3.75
1765620066274,CH1,POWER,3.75
1765620066278,CH1,POWER,3.75
1765620066283,CH1,POWER,3.75
1765620066289,CH1,POWER,3.75
1765620066294,CH1,POWER,3.75
1765620066298,CH1,POWER,3.75
1765620066303,CH1,POWER,3.75
1765620066308,CH1,POWER,3.75
1765620066314,CH1,POWER,3.75
1765620066318,CH1,POWER,3.75
1765620066323,CH1,POWER,3.75
1765620066328,CH1,POWER,3.75
1765620066333,CH1,POWER,3.65
1765620066335,CH1,POWER,3.65
1765620066337,CH1,POWER,3.65
1765620066365,CH1,POWER,3.65
1765620066370,CH1,POWER,3.65
1765620066375,CH1,POWER,3.65
1765620066379,CH1,POWER,3.65
1765620066386,CH1,POWER,3.65
1765620066390,CH1,POWER,3.65
1765620066396,CH1,POWER,3.65
1765620066401,CH1,POWER,3.65
1765620066406,CH1,POWER,3.65
1765620066411,CH1,POWER,3.65
1765620066416,CH1,POWER,3.65
1765620066424,CH1,POWER,3.65
1765620066429,CH1,POWER,3.65
1765620066435,CH1,POWER,3.65
1765620066440,CH1,POWER,3.65
1765620066446,CH1,POWER,3.65
1765620066451,CH1,POWER,3.65
1765620066456,CH1,POWER,3.65
1765620066461,CH1,POWER,3.65
1765620066466,CH1,POWER,3.65
1765620066471,CH1,POWER,3.65
1765620066476,CH1,POWER,3.65
1765620066484,CH1,POWER,3.65
1765620066489,CH1,POWER,3.65
1765620066495,CH1,POWER,3.65
1765620066501,CH1,POWER,3.65
1765620066506,CH1,POWER,3.65
1765620066511,CH1,POWER,3.65
1765620066516,CH1,POWER,3.65
1765620066521,CH1,POWER,3.65
1765620066526,CH1,POWER,3.65
1765620066530,CH1,POWER,3.65
1765620066535,CH1,POWER,3.65
1765620066540,CH1,POWER,3.65
1765620066546,CH1,POWER,3.65
1765620066551,CH1,POWER,3.65
1765620066556,CH1,POWER,3.65
1765620066564,CH1,POWER,3.65
1765620066569,CH1,POWER,3.65
1765620066576,CH1,POWER,3.65
1765620066584,CH1,POWER,3.65
1765620066589,CH1,POWER,3.65
1765620066596,CH1,POWER,3.65
1765620066601,CH1,POWER,3.65
1765620066606,CH1,POWER,3.65
1765620066611,CH1,POWER,3.65
1765620066615,CH1,POWER,3.65
1765620066620,CH1,POWER,3.65
1765620066625,CH1,POWER,3.65
1765620066629,CH1,POWER,3.65
1765620066636,CH1,POWER,3.65
1765620066641,CH1,POWER,3.65
1765620066646,CH1,POWER,3.65
1765620066654,CH1,POWER,3.65
1765620066659,CH1,POWER,3.65
1765620066666,CH1,POWER,3.65
1765620066671,CH1,POWER,3.65
1765620066676,CH1,POWER,3.65
1765620066681,CH1,POWER,3.65
1765620066686,CH1,POWER,3.65
1765620066691,CH1,POWER,3.65
1765620066695,CH1,POWER,3.65
1765620066700,CH1,POWER,3.65
1765620066706,CH1,POWER,3.65
1765620066711,CH1,POWER,3.65
1765620066716,CH1,POWER,3.65
1765620066721,CH1,POWER,3.65
1765620066725,CH1,POWER,3.65
1765620066727,CH1,POWER,3.65
1765620066730,CH1,POWER,3.65
1765620066758,CH1,POWER,3.65
1765620066763,CH1,POWER,3.65
1765620066768,CH1,POWER,3.65
1765620066776,CH1,POWER,3.65
1765620066781,CH1,POWER,3.65
1765620066788,CH1,POWER,3.65
1765620066793,CH1,POWER,3.65
1765620066798,CH1,POWER,3.65
1765620066803,CH1,POWER,3.65
1765620066808,CH1,POWER,3.65
1765620066813,CH1,POWER,3.65
1765620066818,CH1,POWER,3.65
1765620066826,CH1,POWER,3.65
1765620066831,CH1,POWER,3.65
1765620066837,CH1,POWER,3.65
1765620066842,CH1,POWER,3.65
1765620066847,CH1,POWER,3.65
1765620066852,CH1,POWER,3.65
1765620066858,CH1,POWER,3.65
1765620066863,CH1,POWER,3.65
1765620066868,CH1,POWER,3.65
1765620066873,CH1,POWER,3.65
1765620066878,CH1,POWER,3.65
1765620066883,CH1,POWER,3.65
1765620066887,CH1,POWER,3.65
1765620066892,CH1,POWER,3.65
1765620066897,CH1,POWER,3.65
1765620066902,CH1,POWER,3.65
1765620066908,CH1,POWER,3.65
1765620066913,CH1,POWER,3.65
1765620066917,CH1,POWER,3.65
1765620066922,CH1,POWER,3.65
1765620066927,CH1,POWER,3.65
1765620066932,CH1,POWER,3.65
1765620066938,CH1,POWER,3.65
1765620066943,CH1,POWER,3.65
1765620066947,CH1,POWER,3.65
1765620066952,CH1,POWER,3.65
1765620066957,CH1,POWER,3.65
1765620066962,CH1,POWER,3.65
1765620066968,CH1,POWER,3.65
1765620066973,CH1,POWER,3.65
1765620066978,CH1,POWER,3.65
1765620066986,CH1,POWER,3.65
1765620066992,CH1,POWER,3.65
1765620066996,CH1,POWER,3.65
1765620067001,CH1,POWER,3.65
1765620067008,CH1,POWER,3.65
1765620067013,CH1,POWER,3.65
1765620067018,CH1,POWER,3.65
1765620067026,CH1,POWER,3.65
1765620067031,CH1,POWER,3.65
1765620067038,CH1,POWER,3.65
1765620067043,CH1,POWER,3.65
1765620067048,CH1,POWER,3.65
1765620067053,CH1,POWER,3.65
1765620067058,CH1,POWER,3.65
1765620067066,CH1,POWER,3.65
1765620067071,CH1,POWER,3.65
1765620067078,CH1,POWER,3.65
1765620067083,CH1,POWER,3.65
1765620067088,CH1,POWER,3.65
1765620067093,CH1,POWER,3.65
1765620067097,CH1,POWER,3.65
1765620067101,CH1,POWER,3.65
1765620067108,CH1,POWER,3.65
1765620067113,CH1,POWER,3.65
1765620067117,CH1,POWER,3.70
1765620067120,CH1,POWER,3.70
1765620067122,CH1,POWER,3.70
1765620067150,CH1,POWER,3.70
1765620067155,CH1,POWER,3.70
1765620067160,CH1,POWER,3.70
1765620067168,CH1,POWER,3.70
1765620067173,CH1,POWER,3.70
1765620067179,CH1,POWER,3.70
1765620067183,CH1,POWER,3.70
1765620067190,CH1,POWER,3.70
1765620067195,CH1,POWER,3.70
1765620067199,CH1,POWER,3.70
1765620067204,CH1,POWER,3.70
1765620067209,CH1,POWER,3.70
1765620067214,CH1,POWER,3.70
1765620067219,CH1,POWER,3.70
1765620067224,CH1,POWER,3.70
1765620067228,CH1,POWER,3.70
1765620067233,CH1,POWER,3.70
1765620067239,CH1,POWER,3.70
1765620067244,CH1,POWER,3.70
1765620067249,CH1,POWER,3.70
1765620067253,CH1,POWER,3.70
1765620067260,CH1,POWER,3.70
1765620067265,CH1,POWER,3.70
1765620067269,CH1,POWER,3.70
1765620067273,CH1,POWER,3.70
1765620067279,CH1,POWER,3.70
1765620067283,CH1,POWER,3.70
1765620067290,CH1,POWER,3.70
1765620067295,CH1,POWER,3.70
1765620067300,CH1,POWER,3.70
1765620067305,CH1,POWER,3.70
1765620067310,CH1,POWER,3.70
1765620067315,CH1,POWER,3.70
1765620067320,CH1,POWER,3.70
1765620067325,CH1,POWER,3.70
1765620067330,CH1,POWER,3.70
1765620067335,CH1,POWER,3.70
1765620067339,CH1,POWER,3.70
1765620067345,CH1,POWER,3.70
1765620067350,CH1,POWER,3.70
1765620067355,CH1,POWER,3.70
1765620067360,CH1,POWER,3.70
1765620067365,CH1,POWER,3.70
1765620067369,CH1,POWER,3.70
1765620067375,CH1,POWER,3.70
1765620067380,CH1,POWER,3.70
1765620067385,CH1,POWER,3.70
1765620067390,CH1,POWER,3.70
1765620067395,CH1,POWER,3.70
1765620067399,CH1,POWER,3.70
1765620067405,CH1,POWER,3.70
1765620067410,CH1,POWER,3.70
1765620067415,CH1,POWER,3.70
1765620067420,CH1,POWER,3.70
1765620067425,CH1,POWER,3.70
1765620067430,CH1,POWER,3.70
1765620067435,CH1,POWER,3.70
1765620067440,CH1,POWER,3.70
1765620067445,CH1,POWER,3.70
1765620067450,CH1,POWER,3.70
1765620067455,CH1,POWER,3.70
1765620067460,CH1,POWER,3.70
1765620067468,CH1,POWER,3.70
1765620067474,CH1,POWER,3.70
1765620067479,CH1,POWER,3.70
1765620067484,CH1,POWER,3.70
1765620067489,CH1,POWER,3.70
1765620067493,CH1,POWER,3.70
1765620067498,CH1,POWER,3.70
1765620067502,CH1,POWER,3.70
1765620067506,CH1,POWER,3.70
1765620067511,CH1,POWER,3.70
1765620067514,CH1,POWER,3.65
1765620067542,CH1,POWER,3.65
1765620067547,CH1,POWER,3.65
1765620067551,CH1,POWER,3.65
1765620067557,CH1,POWER,3.65
1765620067562,CH1,POWER,3.65
1765620067567,CH1,POWER,3.65
1765620067571,CH1,POWER,3.65
1765620067576,CH1,POWER,3.65
1765620067581,CH1,POWER,3.65
1765620067586,CH1,POWER,3.65
1765620067591,CH1,POWER,3.65
1765620067595,CH1,POWER,3.65
1765620067601,CH1,POWER,3.65
1765620067605,CH1,POWER,3.65
1765620067612,CH1,POWER,3.65
1765620067617,CH1,POWER,3.65
1765620067621,CH1,POWER,3.65
1765620067626,CH1,POWER,3.65
1765620067632,CH1,POWER,3.65
1765620067637,CH1,POWER,3.65
1765620067641,CH1,POWER,3.65
1765620067646,CH1,POWER,3.65
1765620067651,CH1,POWER,3.65
1765620067655,CH1,POWER,3.65
1765620067662,CH1,POWER,3.65
1765620067667,CH1,POWER,3.65
1765620067671,CH1,POWER,3.65
1765620067676,CH1,POWER,3.65
1765620067681,CH1,POWER,3.65
1765620067687,CH1,POWER,3.65
1765620067692,CH1,POWER,3.65
1765620067697,CH1,POWER,3.65
1765620067702,CH1,POWER,3.65
1765620067707,CH1,POWER,3.65
1765620067711,CH1,POWER,3.65
1765620067716,CH1,POWER,3.65
1765620067722,CH1,POWER,3.65
1765620067727,CH1,POWER,3.65
1765620067732,CH1,POWER,3.65
1765620067737,CH1,POWER,3.65
1765620067742,CH1,POWER,3.65
1765620067747,CH1,POWER,3.65
1765620067751,CH1,POWER,3.65
1765620067758,CH1,POWER,3.65
1765620067762,CH1,POWER,3.65
1765620067767,CH1,POWER,3.65
1765620067771,CH1,POWER,3.65
1765620067777,CH1,POWER,3.65
1765620067781,CH1,POWER,3.65
1765620067787,CH1,POWER,3.65
1765620067791,CH1,POWER,3.65
1765620067795,CH1,POWER,3.65
1765620067802,CH1,POWER,3.65
1765620067807,CH1,POWER,3.65
1765620067811,CH1,POWER,3.65
1765620067817,CH1,POWER,3.65
1765620067822,CH1,POWER,3.65
1765620067827,CH1,POWER,3.65
1765620067831,CH1,POWER,3.65
1765620067836,CH1,POWER,3.65
1765620067840,CH1,POWER,3.65
1765620067845,CH1,POWER,3.65
1765620067851,CH1,POWER,3.65
1765620067856,CH1,POWER,3.65
1765620067860,CH1,POWER,3.65
1765620067864,CH1,POWER,3.65
1765620067873,CH1,POWER,3.65
1765620067880,CH1,POWER,3.65
1765620067884,CH1,POWER,3.65
1765620067889,CH1,POWER,3.65
1765620067893,CH1,POWER,3.65
1765620067900,CH1,POWER,3.65
1765620067904,CH1,POWER,3.65
1765620067908,CH1,POWER,3.65
1765620067911,CH1,POWER,3.65
1765620067913,CH1,POWER,3.65
1765620067916,CH1,POWER,3.65
1765620067943,CH1,POWER,3.65
1765620067948,CH1,POWER,3.65
1765620067952,CH1,POWER,3.65
1765620067957,CH1,POWER,3.65
1765620067963,CH1,POWER,3.65
1765620067968,CH1,POWER,3.65
1765620067973,CH1,POWER,3.65
1765620067977,CH1,POWER,3.65
1765620067983,CH1,POWER,3.65
1765620067989,CH1,POWER,3.65
1765620067993,CH1,POWER,3.65
1765620067999,CH1,POWER,3.65
1765620068004,CH1,POWER,3.65
1765620068009,CH1,POWER,3.65
1765620068014,CH1,POWER,3.65
1765620068019,CH1,POWER,3.65
1765620068023,CH1,POWER,3.65
1765620068027,CH1,POWER,3.65
1765620068034,CH1,POWER,3.65
1765620068039,CH1,POWER,3.65
1765620068044,CH1,POWER,3.65
1765620068049,CH1,POWER,3.65
1765620068054,CH1,POWER,3.65
1765620068062,CH1,POWER,3.65
1765620068067,CH1,POWER,3.65
1765620068074,CH1,POWER,3.65
1765620068082,CH1,POWER,3.65
1765620068087,CH1,POWER,3.65
1765620068093,CH1,POWER,3.65
1765620068098,CH1,POWER,3.65
1765620068102,CH1,POWER,3.65
1765620068107,CH1,POWER,3.65
1765620068114,CH1,POWER,3.65
1765620068119,CH1,POWER,3.65
1765620068124,CH1,POWER,3.65
1765620068129,CH1,POWER,3.65
1765620068134,CH1,POWER,3.65
1765620068141,CH1,POWER,3.65
1765620068145,CH1,POWER,3.65
1765620068152,CH1,POWER,3.65
1765620068157,CH1,POWER,3.65
1765620068163,CH1,POWER,3.65
1765620068168,CH1,POWER,3.65
1765620068173,CH1,POWER,3.65
1765620068179,CH1,POWER,3.65
1765620068184,CH1,POWER,3.65
1765620068189,CH1,POWER,3.65
1765620068194,CH1,POWER,3.65
1765620068199,CH1,POWER,3.65
1765620068203,CH1,POWER,3.65
1765620068208,CH1,POWER,3.65
1765620068213,CH1,POWER,3.65
1765620068219,CH1,POWER,3.65
1765620068224,CH1,POWER,3.65
1765620068229,CH1,POWER,3.65
1765620068234,CH1,POWER,3.65
1765620068239,CH1,POWER,3.65
1765620068243,CH1,POWER,3.65
1765620068247,CH1,POWER,3.65
1765620068254,CH1,POWER,3.65
1765620068259,CH1,POWER,3.65
1765620068263,CH1,POWER,3.65
1765620068269,CH1,POWER,3.65
1765620068274,CH1,POWER,3.65
1765620068279,CH1,POWER,3.65
1765620068283,CH1,POWER,3.65
1765620068287,CH1,POWER,3.65
1765620068294,CH1,POWER,3.65
1765620068299,CH1,POWER,3.65
1765620068302,CH1,POWER,3.60
1765620068305,CH1,POWER,3.60
1765620068307,CH1,POWER,3.60
1765620068335,CH1,POWER,3.60
1765620068340,CH1,POWER,3.60
1765620068344,CH1,POWER,3.60
1765620068351,CH1,POWER,3.60
1765620068356,CH1,POWER,3.60
1765620068361,CH1,POWER,3.60
1765620068365,CH1,POWER,3.60
1765620068370,CH1,POWER,3.60
1765620068374,CH1,POWER,3.60
1765620068379,CH1,POWER,3.60
1765620068385,CH1,POWER,3.60
1765620068390,CH1,POWER,3.60
1765620068395,CH1,POWER,3.60
1765620068399,CH1,POWER,3.60
1765620068406,CH1,POWER,3.60
1765620068414,CH1,POWER,3.60
1765620068419,CH1,POWER,3.60
1765620068424,CH1,POWER,3.60
1765620068428,CH1,POWER,3.60
1765620068433,CH1,POWER,3.60
1765620068438,CH1,POWER,3.60
1765620068442,CH1,POWER,3.60
1765620068446,CH1,POWER,3.60
1765620068451,CH1,POWER,3.60
1765620068455,CH1,POWER,3.60
1765620068459,CH1,POWER,3.60
1765620068466,CH1,POWER,3.60
1765620068471,CH1,POWER,3.60
1765620068476,CH1,POWER,3.60
1765620068481,CH1,POWER,3.60
1765620068486,CH1,POWER,3.60
1765620068491,CH1,POWER,3.60
1765620068495,CH1,POWER,3.60
1765620068499,CH1,POWER,3.60
1765620068506,CH1,POWER,3.60
1765620068511,CH1,POWER,3.60
1765620068515,CH1,POWER,3.60
1765620068519,CH1,POWER,3.60
1765620068524,CH1,POWER,3.60
1765620068528,CH1,POWER,3.60
1765620068532,CH1,POWER,3.60
1765620068537,CH1,POWER,3.60
1765620068544,CH1,POWER,3.60
1765620068548,CH1,POWER,3.60
1765620068553,CH1,POWER,3.60
1765620068557,CH1,POWER,3.60
1765620068563,CH1,POWER,3.60
1765620068568,CH1,POWER,3.60
1765620068572,CH1,POWER,3.60
1765620068576,CH1,POWER,3.60
1765620068581,CH1,POWER,3.60
1765620068585,CH1,POWER,3.60
1765620068591,CH1,POWER,3.60
1765620068596,CH1,POWER,3.60
1765620068601,CH1,POWER,3.60
1765620068605,CH1,POWER,3.60
1765620068614,CH1,POWER,3.60
1765620068618,CH1,POWER,3.60
1765620068624,CH1,POWER,3.60
1765620068631,CH1,POWER,3.60
1765620068636,CH1,POWER,3.60
1765620068641,CH1,POWER,3.60
1765620068645,CH1,POWER,3.60
1765620068654,CH1,POWER,3.60
1765620068659,CH1,POWER,3.60
1765620068664,CH1,POWER,3.60
1765620068668,CH1,POWER,3.60
1765620068672,CH1,POWER,3.60
1765620068679,CH1,POWER,3.60
1765620068685,CH1,POWER,3.60
1765620068690,CH1,POWER,3.60
1765620068694,CH1,POWER,3.60
1765620068699,CH1,POWER,3.60
1765620068727,CH1,POWER,3.70
1765620068732,CH1,POWER,3.70
1765620068736,CH1,POWER,3.70
1765620068740,CH1,POWER,3.70
1765620068746,CH1,POWER,3.70
1765620068750,CH1,POWER,3.70
1765620068754,CH1,POWER,3.70
1765620068761,CH1,POWER,3.70
1765620068768,CH1,POWER,3.70
1765620068773,CH1,POWER,3.70
1765620068777,CH1,POWER,3.70
1765620068783,CH1,POWER,3.70
1765620068788,CH1,POWER,3.70
1765620068793,CH1,POWER,3.70
1765620068797,CH1,POWER,3.70
1765620068802,CH1,POWER,3.70
1765620068806,CH1,POWER,3.70
1765620068810,CH1,POWER,3.70
1765620068814,CH1,POWER,3.70
1765620068820,CH1,POWER,3.70
1765620068824,CH1,POWER,3.70
1765620068829,CH1,POWER,3.70
1765620068835,CH1,POWER,3.70
1765620068841,CH1,POWER,3.70
1765620068847,CH1,POWER,3.70
1765620068852,CH1,POWER,3.70
1765620068856,CH1,POWER,3.70
1765620068860,CH1,POWER,3.70
1765620068866,CH1,POWER,3.70
1765620068873,CH1,POWER,3.70
1765620068878,CH1,POWER,3.70
1765620068883,CH1,POWER,3.70
1765620068887,CH1,POWER,3.70
1765620068893,CH1,POWER,3.70
1765620068897,CH1,POWER,3.70
1765620068901,CH1,POWER,3.70
1765620068908,CH1,POWER,3.70
1765620068913,CH1,POWER,3.70
1765620068918,CH1,POWER,3.70
1765620068923,CH1,POWER,3.70
1765620068927,CH1,POWER,3.70
1765620068936,CH1,POWER,3.70
1765620068941,CH1,POWER,3.70
1765620068948,CH1,POWER,3.70
1765620068953,CH1,POWER,3.70
1765620068958,CH1,POWER,3.70
1765620068963,CH1,POWER,3.70
1765620068967,CH1,POWER,3.70
1765620068973,CH1,POWER,3.70
1765620068977,CH1,POWER,3.70
1765620068981,CH1,POWER,3.70
1765620068988,CH1,POWER,3.70
1765620068993,CH1,POWER,3.70
1765620068998,CH1,POWER,3.70
1765620069003,CH1,POWER,3.70
1765620069007,CH1,POWER,3.70
1765620069016,CH1,POWER,3.70
1765620069020,CH1,POWER,3.70
1765620069027,CH1,POWER,3.70
1765620069031,CH1,POWER,3.70
1765620069038,CH1,POWER,3.70
1765620069043,CH1,POWER,3.70
1765620069048,CH1,POWER,3.70
1765620069053,CH1,POWER,3.70
1765620069057,CH1,POWER,3.70
1765620069065,CH1,POWER,3.70
1765620069069,CH1,POWER,3.70
1765620069075,CH1,POWER,3.70
1765620069079,CH1,POWER,3.70
1765620069085,CH1,POWER,3.70
1765620069088,CH1,POWER,3.65
1765620069091,CH1,POWER,3.65
1765620069117,CH1,POWER,3.65
1765620069121,CH1,POWER,3.65
1765620069127,CH1,POWER,3.65
1765620069131,CH1,POWER,3.65
1765620069139,CH1,POWER,3.65
1765620069145,CH1,POWER,3.65
1765620069149,CH1,POWER,3.65
1765620069153,CH1,POWER,3.65
1765620069159,CH1,POWER,3.65
1765620069165,CH1,POWER,3.65
1765620069169,CH1,POWER,3.65
1765620069178,CH1,POWER,3.65
1765620069183,CH1,POWER,3.65
1765620069189,CH1,POWER,3.65
1765620069195,CH1,POWER,3.65
1765620069199,CH1,POWER,3.65
1765620069203,CH1,POWER,3.65
1765620069210,CH1,POWER,3.65
1765620069215,CH1,POWER,3.65
1765620069219,CH1,POWER,3.65
1765620069223,CH1,POWER,3.65
1765620069228,CH1,POWER,3.65
1765620069233,CH1,POWER,3.65
1765620069239,CH1,POWER,3.65
1765620069245,CH1,POWER,3.65
1765620069249,CH1,POWER,3.65
1765620069253,CH1,POWER,3.65
1765620069259,CH1,POWER,3.65
1765620069263,CH1,POWER,3.65
1765620069269,CH1,POWER,3.65
1765620069273,CH1,POWER,3.65
1765620069278,CH1,POWER,3.65
1765620069284,CH1,POWER,3.65
1765620069288,CH1,POWER,3.65
1765620069293,CH1,POWER,3.65
1765620069299,CH1,POWER,3.65
1765620069305,CH1,POWER,3.65
1765620069310,CH1,POWER,3.65
1765620069315,CH1,POWER,3.65
1765620069319,CH1,POWER,3.65
1765620069323,CH1,POWER,3.65
1765620069329,CH1,POWER,3.65
1765620069335,CH1,POWER,3.65
1765620069339,CH1,POWER,3.65
1765620069345,CH1,POWER,3.65
1765620069349,CH1,POWER,3.65
1765620069353,CH1,POWER,3.65
1765620069358,CH1,POWER,3.65
1765620069364,CH1,POWER,3.65
1765620069368,CH1,POWER,3.65
1765620069374,CH1,POWER,3.65
1765620069378,CH1,POWER,3.65
1765620069383,CH1,POWER,3.65
1765620069389,CH1,POWER,3.65
1765620069398,CH1,POWER,3.65
1765620069402,CH1,POWER,3.65
1765620069410,CH1,POWER,3.65
1765620069415,CH1,POWER,3.65
1765620069420,CH1,POWER,3.65
1765620069425,CH1,POWER,3.65
1765620069430,CH1,POWER,3.65
1765620069435,CH1,POWER,3.65
1765620069439,CH1,POWER,3.65
1765620069443,CH1,POWER,3.65
1765620069448,CH1,POWER,3.65
1765620069452,CH1,POWER,3.65
1765620069458,CH1,POWER,3.65
1765620069462,CH1,POWER,3.65
1765620069466,CH1,POWER,3.65
1765620069470,CH1,POWER,3.65
1765620069475,CH1,POWER,3.65
1765620069479,CH1,POWER,3.65
1765620069483,CH1,POWER,3.60
1765620069510,CH1,POWER,3.60
1765620069515,CH1,POWER,3.60
1765620069521,CH1,POWER,3.60
1765620069527,CH1,POWER,3.60
1765620069531,CH1,POWER,3.60
1765620069535,CH1,POWER,3.60
1765620069541,CH1,POWER,3.60
1765620069547,CH1,POWER,3.60
1765620069551,CH1,POWER,3.60
1765620069555,CH1,POWER,3.60
1765620069561,CH1,POWER,3.60
1765620069567,CH1,POWER,3.60
1765620069571,CH1,POWER,3.60
1765620069576,CH1,POWER,3.60
1765620069580,CH1,POWER,3.60
1765620069585,CH1,POWER,3.60
1765620069591,CH1,POWER,3.60
1765620069600,CH1,POWER,3.60
1765620069604,CH1,POWER,3.60
1765620069610,CH1,POWER,3.60
1765620069615,CH1,POWER,3.60
1765620069621,CH1,POWER,3.60
1765620069625,CH1,POWER,3.60
1765620069631,CH1,POWER,3.60
1765620069635,CH1,POWER,3.60
1765620069641,CH1,POWER,3.60
1765620069645,CH1,POWER,3.60
1765620069651,CH1,POWER,3.60
1765620069657,CH1,POWER,3.60
1765620069661,CH1,POWER,3.60
1765620069667,CH1,POWER,3.60
1765620069671,CH1,POWER,3.60
1765620069676,CH1,POWER,3.60
1765620069680,CH1,POWER,3.60
1765620069687,CH1,POWER,3.60
1765620069692,CH1,POWER,3.60
1765620069697,CH1,POWER,3.60
1765620069701,CH1,POWER,3.60
1765620069705,CH1,POWER,3.60
1765620069710,CH1,POWER,3.60
1765620069717,CH1,POWER,3.60
1765620069722,CH1,POWER,3.60
1765620069727,CH1,POWER,3.60
1765620069731,CH1,POWER,3.60
1765620069735,CH1,POWER,3.60
1765620069740,CH1,POWER,3.60
1765620069747,CH1,POWER,3.60
1765620069751,CH1,POWER,3.60
1765620069755,CH1,POWER,3.60
1765620069762,CH1,POWER,3.60
1765620069767,CH1,POWER,3.60
1765620069772,CH1,POWER,3.60
1765620069777,CH1,POWER,3.60
1765620069781,CH1,POWER,3.60
1765620069785,CH1,POWER,3.60
1765620069790,CH1,POWER,3.60
1765620069797,CH1,POWER,3.60
1765620069801,CH1,POWER,3.60
1765620069805,CH1,POWER,3.60
1765620069811,CH1,POWER,3.60
1765620069817,CH1,POWER,3.60
1765620069821,CH1,POWER,3.60
1765620069825,CH1,POWER,3.60
1765620069831,CH1,POWER,3.60
1765620069840,CH1,POWER,3.60
1765620069844,CH1,POWER,3.60
1765620069851,CH1,POWER,3.60
1765620069855,CH1,POWER,3.60
1765620069860,CH1,POWER,3.60
1765620069864,CH1,POWER,3.60
1765620069871,CH1,POWER,3.60
1765620069877,CH1,POWER,3.60
1765620069881,CH1,POWER,3.75
1765620069883,CH1,POWER,3.75
1765620069885,CH1,POWER,3.75
1765620069914,CH1,POWER,3.75
1765620069919,CH1,POWER,3.75
1765620069923,CH1,POWER,3.75
1765620069929,CH1,POWER,3.75
1765620069933,CH1,POWER,3.75
1765620069937,CH1,POWER,3.75
1765620069944,CH1,POWER,3.75
1765620069949,CH1,POWER,3.75
1765620069953,CH1,POWER,3.75
1765620069957,CH1,POWER,3.75
1765620069963,CH1,POWER,3.75
1765620069969,CH1,POWER,3.75
1765620069973,CH1,POWER,3.75
1765620069977,CH1,POWER,3.75
1765620069983,CH1,POWER,3.75
1765620069989,CH1,POWER,3.75
1765620069993,CH1,POWER,3.75
1765620069999,CH1,POWER,3.75
1765620070003,CH1,POWER,3.75
1765620070007,CH1,POWER,3.75
1765620070012,CH1,POWER,3.75
1765620070017,CH1,POWER,3.75
1765620070023,CH1,POWER,3.75
1765620070029,CH1,POWER,3.75
1765620070034,CH1,POWER,3.75
1765620070039,CH1,POWER,3.75
1765620070043,CH1,POWER,3.75
1765620070047,CH1,POWER,3.75
1765620070053,CH1,POWER,3.75
1765620070057,CH1,POWER,3.75
1765620070062,CH1,POWER,3.75
1765620070066,CH1,POWER,3.75
1765620070070,CH1,POWER,3.75
1765620070075,CH1,POWER,3.75
1765620070083,CH1,POWER,3.75
1765620070089,CH1,POWER,3.75
1765620070093,CH1,POWER,3.75
1765620070097,CH1,POWER,3.75
1765620070103,CH1,POWER,3.75
1765620070109,CH1,POWER,3.75
1765620070113,CH1,POWER,3.75
1765620070119,CH1,POWER,3.75
1765620070123,CH1,POWER,3.75
1765620070129,CH1,POWER,3.75
1765620070133,CH1,POWER,3.75
1765620070137,CH1,POWER,3.75
1765620070143,CH1,POWER,3.75
1765620070149,CH1,POWER,3.75
1765620070153,CH1,POWER,3.75
1765620070157,CH1,POWER,3.75
1765620070163,CH1,POWER,3.75
1765620070167,CH1,POWER,3.75
1765620070173,CH1,POWER,3.75
1765620070177,CH1,POWER,3.75
1765620070182,CH1,POWER,3.75
1765620070187,CH1,POWER,3.75
1765620070193,CH1,POWER,3.75
1765620070201,CH1,POWER,3.75
1765620070206,CH1,POWER,3.75
1765620070212,CH1,POWER,3.75
1765620070217,CH1,POWER,3.75
1765620070223,CH1,POWER,3.75
1765620070227,CH1,POWER,3.75
1765620070233,CH1,POWER,3.75
1765620070237,CH1,POWER,3.75
1765620070243,CH1,POWER,3.75
1765620070247,CH1,POWER,3.75
1765620070253,CH1,POWER,3.75
1765620070257,CH1,POWER,3.75
1765620070263,CH1,POWER,3.75
1765620070269,CH1,POWER,3.75
1765620070273,CH1,POWER,3.75
1765620070277,CH1,POWER,3.75
1765620070304,CH1,POWER,3.80
1765620070309,CH1,POWER,3.80
1765620070315,CH1,POWER,3.80
1765620070321,CH1,POWER,3.80
1765620070325,CH1,POWER,3.80
1765620070329,CH1,POWER,3.80
1765620070335,CH1,POWER,3.80
1765620070341,CH1,POWER,3.80
1765620070345,CH1,POWER,3.80
1765620070349,CH1,POWER,3.80
1765620070355,CH1,POWER,3.80
1765620070359,CH1,POWER,3.80
1765620070365,CH1,POWER,3.80
1765620070373,CH1,POWER,3.80
1765620070378,CH1,POWER,3.80
1765620070385,CH1,POWER,3.80
1765620070389,CH1,POWER,3.80
1765620070394,CH1,POWER,3.80
1765620070398,CH1,POWER,3.80
1765620070405,CH1,POWER,3.80
1765620070411,CH1,POWER,3.80
1765620070415,CH1,POWER,3.80
1765620070421,CH1,POWER,3.80
1765620070425,CH1,POWER,3.80
1765620070431,CH1,POWER,3.80
1765620070435,CH1,POWER,3.80
1765620070439,CH1,POWER,3.80
1765620070445,CH1,POWER,3.80
1765620070451,CH1,POWER,3.80
1765620070455,CH1,POWER,3.80
1765620070461,CH1,POWER,3.80
1765620070465,CH1,POWER,3.80
1765620070471,CH1,POWER,3.80
1765620070475,CH1,POWER,3.80
1765620070479,CH1,POWER,3.80
1765620070485,CH1,POWER,3.80
1765620070489,CH1,POWER,3.80
1765620070494,CH1,POWER,3.80
1765620070499,CH1,POWER,3.80
1765620070504,CH1,POWER,3.80
1765620070508,CH1,POWER,3.80
1765620070512,CH1,POWER,3.80
1765620070518,CH1,POWER,3.80
1765620070522,CH1,POWER,3.80
1765620070527,CH1,POWER,3.80
1765620070532,CH1,POWER,3.80
1765620070537,CH1,POWER,3.80
1765620070542,CH1,POWER,3.80
1765620070547,CH1,POWER,3.80
1765620070552,CH1,POWER,3.80
1765620070557,CH1,POWER,3.80
1765620070563,CH1,POWER,3.80
1765620070567,CH1,POWER,3.80
1765620070573,CH1,POWER,3.80
1765620070577,CH1,POWER,3.80
1765620070583,CH1,POWER,3.80
1765620070588,CH1,POWER,3.80
1765620070592,CH1,POWER,3.80
1765620070597,CH1,POWER,3.80
1765620070605,CH1,POWER,3.80
1765620070611,CH1,POWER,3.80
1765620070615,CH1,POWER,3.80
1765620070619,CH1,POWER,3.80
1765620070624,CH1,POWER,3.80
1765620070629,CH1,POWER,3.80
1765620070635,CH1,POWER,3.80
1765620070639,CH1,POWER,3.80
1765620070644,CH1,POWER,3.80
1765620070649,CH1,POWER,3.80
1765620070654,CH1,POWER,3.80
1765620070659,CH1,POWER,3.80
1765620070664,CH1,POWER,3.80
1765620070671,CH1,POWER,3.80
1765620070675,CH1,POWER,3.80
1765620070679,CH1,POWER,3.70
1765620070704,CH1,POWER,3.70
1765620070709,CH1,POWER,3.70
1765620070714,CH1,POWER,3.70
1765620070718,CH1,POWER,3.70
1765620070723,CH1,POWER,3.70
1765620070727,CH1,POWER,3.70
1765620070731,CH1,POWER,3.70
1765620070737,CH1,POWER,3.70
1765620070743,CH1,POWER,3.70
1765620070747,CH1,POWER,3.70
1765620070751,CH1,POWER,3.70
1765620070757,CH1,POWER,3.70
1765620070765,CH1,POWER,3.70
1765620070769,CH1,POWER,3.70
1765620070774,CH1,POWER,3.70
1765620070779,CH1,POWER,3.70
1765620070785,CH1,POWER,3.70
1765620070789,CH1,POWER,3.70
1765620070794,CH1,POWER,3.70
1765620070799,CH1,POWER,3.70
1765620070805,CH1,POWER,3.70
1765620070809,CH1,POWER,3.70
1765620070814,CH1,POWER,3.70
1765620070820,CH1,POWER,3.70
1765620070827,CH1,POWER,3.70
1765620070833,CH1,POWER,3.70
1765620070837,CH1,POWER,3.70
1765620070841,CH1,POWER,3.70
1765620070847,CH1,POWER,3.70
1765620070851,CH1,POWER,3.70
1765620070857,CH1,POWER,3.70
1765620070861,CH1,POWER,3.70
1765620070866,CH1,POWER,3.70
1765620070873,CH1,POWER,3.70
1765620070877,CH1,POWER,3.70
1765620070883,CH1,POWER,3.70
1765620070887,CH1,POWER,3.70
1765620070891,CH1,POWER,3.70
1765620070896,CH1,POWER,3.70
1765620070900,CH1,POWER,3.70
1765620070906,CH1,POWER,3.70
1765620070911,CH1,POWER,3.70
1765620070917,CH1,POWER,3.70
1765620070921,CH1,POWER,3.70
1765620070927,CH1,POWER,3.70
1765620070931,CH1,POWER,3.70
1765620070936,CH1,POWER,3.70
1765620070943,CH1,POWER,3.70
1765620070947,CH1,POWER,3.70
1765620070953,CH1,POWER,3.70
1765620070957,CH1,POWER,3.70
1765620070963,CH1,POWER,3.70
1765620070967,CH1,POWER,3.70
1765620070971,CH1,POWER,3.70
1765620070976,CH1,POWER,3.70
1765620070981,CH1,POWER,3.70
1765620070987,CH1,POWER,3.70
1765620070993,CH1,POWER,3.70
1765620070997,CH1,POWER,3.70
1765620071003,CH1,POWER,3.70
1765620071007,CH1,POWER,3.70
1765620071011,CH1,POWER,3.70
1765620071017,CH1,POWER,3.70
1765620071025,CH1,POWER,3.70
1765620071030,CH1,POWER,3.70
1765620071037,CH1,POWER,3.70
1765620071043,CH1,POWER,3.70
1765620071047,CH1,POWER,3.70
1765620071053,CH1,POWER,3.70
1765620071057,CH1,POWER,3.70
1765620071065,CH1,POWER,3.70
1765620071069,CH1,POWER,3.70
1765620071075,CH1,POWER,3.70
1765620071078,CH1,POWER,3.75
1765620071081,CH1,POWER,3.75
1765620071108,CH1,POWER,3.75
1765620071112,CH1,POWER,3.75
1765620071119,CH1,POWER,3.75
1765620071123,CH1,POWER,3.75
1765620071129,CH1,POWER,3.75
1765620071135,CH1,POWER,3.75
1765620071139,CH1,POWER,3.75
1765620071143,CH1,POWER,3.75
1765620071149,CH1,POWER,3.75
1765620071155,CH1,POWER,3.75
1765620071159,CH1,POWER,3.75
1765620071163,CH1,POWER,3.75
1765620071169,CH1,POWER,3.75
1765620071175,CH1,POWER,3.75
1765620071179,CH1,POWER,3.75
1765620071185,CH1,POWER,3.75
1765620071189,CH1,POWER,3.75
1765620071193,CH1,POWER,3.75
1765620071199,CH1,POWER,3.75
1765620071203,CH1,POWER,3.75
1765620071209,CH1,POWER,3.75
1765620071213,CH1,POWER,3.75
1765620071219,CH1,POWER,3.75
1765620071223,CH1,POWER,3.75
1765620071229,CH1,POWER,3.75
1765620071233,CH1,POWER,3.75
1765620071239,CH1,POWER,3.75
1765620071245,CH1,POWER,3.75
1765620071249,CH1,POWER,3.75
1765620071255,CH1,POWER,3.75
1765620071259,CH1,POWER,3.75
1765620071263,CH1,POWER,3.75
1765620071269,CH1,POWER,3.75
1765620071273,CH1,POWER,3.75
1765620071279,CH1,POWER,3.75
1765620071285,CH1,POWER,3.75
1765620071289,CH1,POWER,3.75
1765620071295,CH1,POWER,3.75
1765620071299,CH1,POWER,3.75
1765620071303,CH1,POWER,3.75
1765620071309,CH1,POWER,3.75
1765620071313,CH1,POWER,3.75
1765620071319,CH1,POWER,3.75
1765620071325,CH1,POWER,3.75
1765620071329,CH1,POWER,3.75
1765620071335,CH1,POWER,3.75
1765620071339,CH1,POWER,3.75
1765620071343,CH1,POWER,3.75
1765620071349,CH1,POWER,3.75
1765620071353,CH1,POWER,3.75
1765620071359,CH1,POWER,3.75
1765620071363,CH1,POWER,3.75
1765620071369,CH1,POWER,3.75
1765620071375,CH1,POWER,3.75
1765620071379,CH1,POWER,3.75
1765620071385,CH1,POWER,3.75
1765620071389,CH1,POWER,3.75
1765620071393,CH1,POWER,3.75
1765620071398,CH1,POWER,3.75
1765620071402,CH1,POWER,3.75
1765620071409,CH1,POWER,3.75
1765620071413,CH1,POWER,3.75
1765620071419,CH1,POWER,3.75
1765620071423,CH1,POWER,3.75
1765620071429,CH1,POWER,3.75
1765620071435,CH1,POWER,3.75
1765620071439,CH1,POWER,3.75
1765620071445,CH1,POWER,3.75
1765620071449,CH1,POWER,3.75
1765620071453,CH1,POWER,3.75
1765620071458,CH1,POWER,3.75
1765620071463,CH1,POWER,3.75
1765620071468,CH1,POWER,3.75
1765620071471,CH1,POWER,3.40
1765620071473,CH1,POWER,3.40
1765620071500,CH1,POWER,3.40
1765620071505,CH1,POWER,3.40
1765620071510,CH1,POWER,3.40
1765620071514,CH1,POWER,3.40
1765620071518,CH1,POWER,3.40
1765620071522,CH1,POWER,3.40
1765620071527,CH1,POWER,3.40
1765620071531,CH1,POWER,3.40
1765620071537,CH1,POWER,3.40
1765620071541,CH1,POWER,3.40
1765620071547,CH1,POWER,3.40
1765620071551,CH1,POWER,3.40
1765620071557,CH1,POWER,3.40
1765620071561,CH1,POWER,3.40
1765620071565,CH1,POWER,3.40
1765620071571,CH1,POWER,3.40
1765620071575,CH1,POWER,3.40
1765620071580,CH1,POWER,3.40
1765620071585,CH1,POWER,3.40
1765620071590,CH1,POWER,3.40
1765620071594,CH1,POWER,3.40
1765620071601,CH1,POWER,3.40
1765620071605,CH1,POWER,3.40
1765620071611,CH1,POWER,3.40
1765620071617,CH1,POWER,3.40
1765620071621,CH1,POWER,3.40
1765620071625,CH1,POWER,3.40
1765620071630,CH1,POWER,3.40
1765620071634,CH1,POWER,3.40
1765620071641,CH1,POWER,3.40
1765620071645,CH1,POWER,3.40
1765620071651,CH1,POWER,3.40
1765620071655,CH1,POWER,3.40
1765620071660,CH1,POWER,3.40
1765620071667,CH1,POWER,3.40
1765620071671,CH1,POWER,3.40
1765620071677,CH1,POWER,3.40
1765620071681,CH1,POWER,3.40
1765620071685,CH1,POWER,3.40
1765620071691,CH1,POWER,3.40
1765620071695,CH1,POWER,3.40
1765620071701,CH1,POWER,3.40
1765620071705,CH1,POWER,3.40
1765620071711,CH1,POWER,3.40
1765620071717,CH1,POWER,3.40
1765620071721,CH1,POWER,3.40
1765620071727,CH1,POWER,3.40
1765620071731,CH1,POWER,3.40
1765620071735,CH1,POWER,3.40
1765620071740,CH1,POWER,3.40
1765620071745,CH1,POWER,3.40
1765620071751,CH1,POWER,3.40
1765620071757,CH1,POWER,3.40
1765620071761,CH1,POWER,3.40
1765620071767,CH1,POWER,3.40
1765620071771,CH1,POWER,3.40
1765620071775,CH1,POWER,3.40
1765620071780,CH1,POWER,3.40
1765620071784,CH1,POWER,3.40
1765620071788,CH1,POWER,3.40
1765620071792,CH1,POWER,3.40
1765620071797,CH1,POWER,3.40
1765620071801,CH1,POWER,3.40
1765620071807,CH1,POWER,3.40
1765620071811,CH1,POWER,3.40
1765620071815,CH1,POWER,3.40
1765620071821,CH1,POWER,3.40
1765620071825,CH1,POWER,3.40
1765620071830,CH1,POWER,3.40
1765620071834,CH1,POWER,3.40
1765620071841,CH1,POWER,3.40
1765620071847,CH1,POWER,3.40
1765620071851,CH1,POWER,3.40
1765620071859,CH1,POWER,3.40
1765620071864,CH1,POWER,3.40
1765620071890,CH1,POWER,3.75
1765620071895,CH1,POWER,3.75
1765620071900,CH1,POWER,3.75
1765620071904,CH1,POWER,3.75
1765620071909,CH1,POWER,3.75
1765620071913,CH1,POWER,3.75
1765620071921,CH1,POWER,3.75
1765620071926,CH1,POWER,3.75
1765620071933,CH1,POWER,3.75
1765620071937,CH1,POWER,3.75
1765620071942,CH1,POWER,3.75
1765620071946,CH1,POWER,3.75
1765620071950,CH1,POWER,3.75
1765620071955,CH1,POWER,3.75
1765620071961,CH1,POWER,3.75
1765620071965,CH1,POWER,3.75
1765620071970,CH1,POWER,3.75
1765620071974,CH1,POWER,3.75
1765620071979,CH1,POWER,3.75
1765620071983,CH1,POWER,3.75
1765620071991,CH1,POWER,3.75
1765620071996,CH1,POWER,3.75
1765620072003,CH1,POWER,3.75
1765620072007,CH1,POWER,3.75
1765620072013,CH1,POWER,3.75
1765620072017,CH1,POWER,3.75
1765620072023,CH1,POWER,3.75
1765620072029,CH1,POWER,3.75
1765620072033,CH1,POWER,3.75
1765620072039,CH1,POWER,3.75
1765620072043,CH1,POWER,3.75
1765620072047,CH1,POWER,3.75
1765620072052,CH1,POWER,3.75
1765620072059,CH1,POWER,3.75
1765620072063,CH1,POWER,3.75
1765620072067,CH1,POWER,3.75
1765620072072,CH1,POWER,3.75
1765620072076,CH1,POWER,3.75
1765620072080,CH1,POWER,3.75
1765620072085,CH1,POWER,3.75
1765620072090,CH1,POWER,3.75
1765620072095,CH1,POWER,3.75
1765620072101,CH1,POWER,3.75
1765620072105,CH1,POWER,3.75
1765620072110,CH1,POWER,3.75
1765620072114,CH1,POWER,3.75
1765620072119,CH1,POWER,3.75
1765620072123,CH1,POWER,3.75
1765620072131,CH1,POWER,3.75
1765620072136,CH1,POWER,3.75
1765620072143,CH1,POWER,3.75
1765620072147,CH1,POWER,3.75
1765620072152,CH1,POWER,3.75
1765620072156,CH1,POWER,3.75
1765620072160,CH1,POWER,3.75
1765620072165,CH1,POWER,3.75
1765620072171,CH1,POWER,3.75
1765620072176,CH1,POWER,3.75
1765620072180,CH1,POWER,3.75
1765620072184,CH1,POWER,3.75
1765620072189,CH1,POWER,3.75
1765620072193,CH1,POWER,3.75
1765620072199,CH1,POWER,3.75
1765620072203,CH1,POWER,3.75
1765620072207,CH1,POWER,3.75
1765620072213,CH1,POWER,3.75
1765620072219,CH1,POWER,3.75
1765620072223,CH1,POWER,3.75
1765620072227,CH1,POWER,3.75
1765620072233,CH1,POWER,3.75
1765620072237,CH1,POWER,3.75
1765620072243,CH1,POWER,3.75
1765620072247,CH1,POWER,3.75
1765620072253,CH1,POWER,3.75
1765620072256,CH1,POWER,3.85
1765620072281,CH1,POWER,3.85
1765620072286,CH1,POWER,3.85
1765620072293,CH1,POWER,3.85
1765620072297,CH1,POWER,3.85
1765620072302,CH1,POWER,3.85
1765620072307,CH1,POWER,3.85
1765620072313,CH1,POWER,3.85
1765620072318,CH1,POWER,3.85
1765620072322,CH1,POWER,3.85
1765620072327,CH1,POWER,3.85
1765620072333,CH1,POWER,3.85
1765620072338,CH1,POWER,3.85
1765620072345,CH1,POWER,3.85
1765620072349,CH1,POWER,3.85
1765620072354,CH1,POWER,3.85
1765620072359,CH1,POWER,3.85
1765620072365,CH1,POWER,3.85
1765620072371,CH1,POWER,3.85
1765620072375,CH1,POWER,3.85
1765620072379,CH1,POWER,3.85
1765620072385,CH1,POWER,3.85
1765620072391,CH1,POWER,3.85
1765620072395,CH1,POWER,3.85
1765620072399,CH1,POWER,3.85
1765620072404,CH1,POWER,3.85
1765620072409,CH1,POWER,3.85
1765620072414,CH1,POWER,3.85
1765620072419,CH1,POWER,3.85
1765620072424,CH1,POWER,3.85
1765620072428,CH1,POWER,3.85
1765620072435,CH1,POWER,3.85
1765620072441,CH1,POWER,3.85
1765620072445,CH1,POWER,3.85
1765620072451,CH1,POWER,3.85
1765620072455,CH1,POWER,3.85
1765620072459,CH1,POWER,3.85
1765620072464,CH1,POWER,3.85
1765620072468,CH1,POWER,3.85
1765620072475,CH1,POWER,3.85
1765620072479,CH1,POWER,3.85
1765620072485,CH1,POWER,3.85
1765620072491,CH1,POWER,3.85
1765620072495,CH1,POWER,3.85
1765620072503,CH1,POWER,3.85
1765620072507,CH1,POWER,3.85
1765620072512,CH1,POWER,3.85
1765620072518,CH1,POWER,3.85
1765620072522,CH1,POWER,3.85
1765620072527,CH1,POWER,3.85
1765620072533,CH1,POWER,3.85
1765620072539,CH1,POWER,3.85
1765620072544,CH1,POWER,3.85
1765620072548,CH1,POWER,3.85
1765620072552,CH1,POWER,3.85
1765620072558,CH1,POWER,3.85
1765620072565,CH1,POWER,3.85
1765620072569,CH1,POWER,3.85
1765620072575,CH1,POWER,3.85
1765620072581,CH1,POWER,3.85
1765620072585,CH1,POWER,3.85
1765620072591,CH1,POWER,3.85
1765620072595,CH1,POWER,3.85
1765620072599,CH1,POWER,3.85
1765620072604,CH1,POWER,3.85
1765620072608,CH1,POWER,3.85
1765620072612,CH1,POWER,3.85
1765620072616,CH1,POWER,3.85
1765620072621,CH1,POWER,3.85
1765620072625,CH1,POWER,3.85
1765620072629,CH1,POWER,3.85
1765620072635,CH1,POWER,3.85
1765620072639,CH1,POWER,3.85
1765620072644,CH1,POWER,3.85
1765620072648,CH1,POWER,3.85
1765620072652,CH1,POWER,3.85
1765620072655,CH1,POWER,3.70
1765620072657,CH1,POWER,3.70
1765620072660,CH1,POWER,3.70
1765620072687,CH1,POWER,3.70
1765620072693,CH1,POWER,3.70
1765620072697,CH1,POWER,3.70
1765620072701,CH1,POWER,3.70
1765620072707,CH1,POWER,3.70
1765620072713,CH1,POWER,3.70
1765620072717,CH1,POWER,3.70
1765620072722,CH1,POWER,3.70
1765620072727,CH1,POWER,3.70
1765620072733,CH1,POWER,3.70
1765620072737,CH1,POWER,3.70
1765620072741,CH1,POWER,3.70
1765620072747,CH1,POWER,3.70
1765620072753,CH1,POWER,3.70
1765620072757,CH1,POWER,3.70
1765620072763,CH1,POWER,3.70
1765620072767,CH1,POWER,3.70
1765620072773,CH1,POWER,3.70
1765620072777,CH1,POWER,3.70
1765620072781,CH1,POWER,3.70
1765620072787,CH1,POWER,3.70
1765620072793,CH1,POWER,3.70
1765620072797,CH1,POWER,3.70
1765620072801,CH1,POWER,3.70
1765620072806,CH1,POWER,3.70
1765620072810,CH1,POWER,3.70
1765620072814,CH1,POWER,3.70
1765620072818,CH1,POWER,3.70
1765620072822,CH1,POWER,3.70
1765620072827,CH1,POWER,3.70
1765620072833,CH1,POWER,3.70
1765620072837,CH1,POWER,3.70
1765620072842,CH1,POWER,3.70
1765620072847,CH1,POWER,3.70
1765620072853,CH1,POWER,3.70
1765620072857,CH1,POWER,3.70
1765620072865,CH1,POWER,3.70
1765620072870,CH1,POWER,3.70
1765620072877,CH1,POWER,3.70
1765620072881,CH1,POWER,3.70
1765620072886,CH1,POWER,3.70
1765620072890,CH1,POWER,3.70
1765620072894,CH1,POWER,3.70
1765620072898,CH1,POWER,3.70
1765620072905,CH1,POWER,3.70
1765620072910,CH1,POWER,3.70
1765620072917,CH1,POWER,3.70
1765620072925,CH1,POWER,3.70
1765620072930,CH1,POWER,3.70
1765620072937,CH1,POWER,3.70
1765620072945,CH1,POWER,3.70
1765620072950,CH1,POWER,3.70
1765620072957,CH1,POWER,3.70
1765620072965,CH1,POWER,3.70
1765620072970,CH1,POWER,3.70
1765620072974,CH1,POWER,3.70
1765620072979,CH1,POWER,3.70
1765620072985,CH1,POWER,3.70
1765620072989,CH1,POWER,3.70
1765620072994,CH1,POWER,3.70
1765620072998,CH1,POWER,3.70
1765620073002,CH1,POWER,3.70
1765620073007,CH1,POWER,3.70
1765620073011,CH1,POWER,3.70
1765620073017,CH1,POWER,3.70
1765620073022,CH1,POWER,3.70
1765620073027,CH1,POWER,3.70
1765620073031,CH1,POWER,3.70
1765620073037,CH1,POWER,3.70
1765620073043,CH1,POWER,3.70
1765620073047,CH1,POWER,3.70
1765620073050,CH1,POWER,3.65
1765620073076,CH1,POWER,3.65
1765620073081,CH1,POWER,3.65
1765620073086,CH1,POWER,3.65
1765620073090,CH1,POWER,3.65
1765620073096,CH1,POWER,3.65
1765620073101,CH1,POWER,3.65
1765620073107,CH1,POWER,3.65
1765620073112,CH1,POWER,3.65
1765620073116,CH1,POWER,3.65
1765620073121,CH1,POWER,3.65
1765620073127,CH1,POWER,3.65
1765620073133,CH1,POWER,3.65
1765620073138,CH1,POWER,3.65
1765620073142,CH1,POWER,3.65
1765620073149,CH1,POWER,3.65
1765620073157,CH1,POWER,3.65
1765620073162,CH1,POWER,3.65
1765620073166,CH1,POWER,3.65
1765620073170,CH1,POWER,3.65
1765620073177,CH1,POWER,3.65
1765620073182,CH1,POWER,3.65
1765620073189,CH1,POWER,3.65
1765620073197,CH1,POWER,3.65
1765620073201,CH1,POWER,3.65
1765620073206,CH1,POWER,3.65
1765620073211,CH1,POWER,3.65
1765620073217,CH1,POWER,3.65
1765620073222,CH1,POWER,3.65
1765620073226,CH1,POWER,3.65
1765620073230,CH1,POWER,3.65
1765620073235,CH1,POWER,3.65
1765620073239,CH1,POWER,3.65
1765620073243,CH1,POWER,3.65
1765620073249,CH1,POWER,3.65
1765620073255,CH1,POWER,3.65
1765620073259,CH1,POWER,3.65
1765620073264,CH1,POWER,3.65
1765620073269,CH1,POWER,3.65
1765620073273,CH1,POWER,3.65
1765620073279,CH1,POWER,3.65
1765620073287,CH1,POWER,3.65
1765620073291,CH1,POWER,3.65
1765620073297,CH1,POWER,3.65
1765620073302,CH1,POWER,3.65
1765620073306,CH1,POWER,3.65
1765620073311,CH1,POWER,3.65
1765620073319,CH1,POWER,3.65
1765620073327,CH1,POWER,3.65
1765620073332,CH1,POWER,3.65
1765620073339,CH1,POWER,3.65
1765620073343,CH1,POWER,3.65
1765620073348,CH1,POWER,3.65
1765620073352,CH1,POWER,3.65
1765620073359,CH1,POWER,3.65
1765620073365,CH1,POWER,3.65
1765620073369,CH1,POWER,3.65
1765620073375,CH1,POWER,3.65
1765620073379,CH1,POWER,3.65
1765620073385,CH1,POWER,3.65
1765620073389,CH1,POWER,3.65
1765620073393,CH1,POWER,3.65
1765620073398,CH1,POWER,3.65
1765620073402,CH1,POWER,3.65
1765620073408,CH1,POWER,3.65
1765620073413,CH1,POWER,3.65
1765620073419,CH1,POWER,3.65
1765620073425,CH1,POWER,3.65
1765620073429,CH1,POWER,3.65
1765620073437,CH1,POWER,3.65
1765620073441,CH1,POWER,3.65
1765620073443,CH1,POWER,3.80
1765620073471,CH1,POWER,3.80
1765620073477,CH1,POWER,3.80
1765620073481,CH1,POWER,3.80
1765620073489,CH1,POWER,3.80
1765620073494,CH1,POWER,3.80
1765620073501,CH1,POWER,3.80
1765620073507,CH1,POWER,3.80
1765620073511,CH1,POWER,3.80
1765620073516,CH1,POWER,3.80
1765620073521,CH1,POWER,3.80
1765620073526,CH1,POWER,3.80
1765620073531,CH1,POWER,3.80
1765620073535,CH1,POWER,3.80
1765620073541,CH1,POWER,3.80
1765620073546,CH1,POWER,3.80
1765620073551,CH1,POWER,3.80
1765620073556,CH1,POWER,3.80
1765620073561,CH1,POWER,3.80
1765620073565,CH1,POWER,3.80
1765620073570,CH1,POWER,3.80
1765620073574,CH1,POWER,3.80
1765620073578,CH1,POWER,3.80
1765620073583,CH1,POWER,3.80
1765620073589,CH1,POWER,3.80
1765620073594,CH1,POWER,3.80
1765620073601,CH1,POWER,3.80
1765620073609,CH1,POWER,3.80
1765620073614,CH1,POWER,3.80
1765620073621,CH1,POWER,3.80
1765620073627,CH1,POWER,3.80
1765620073631,CH1,POWER,3.80
1765620073635,CH1,POWER,3.80
1765620073641,CH1,POWER,3.80
1765620073645,CH1,POWER,3.80
1765620073651,CH1,POWER,3.80
1765620073655,CH1,POWER,3.80
1765620073661,CH1,POWER,3.80
1765620073667,CH1,POWER,3.80
1765620073671,CH1,POWER,3.80
1765620073679,CH1,POWER,3.80
1765620073684,CH1,POWER,3.80
1765620073691,CH1,POWER,3.80
1765620073699,CH1,POWER,3.80
1765620073704,CH1,POWER,3.80
1765620073708,CH1,POWER,3.80
1765620073713,CH1,POWER,3.80
1765620073718,CH1,POWER,3.80
1765620073722,CH1,POWER,3.80
1765620073729,CH1,POWER,3.80
1765620073733,CH1,POWER,3.80
1765620073738,CH1,POWER,3.80
1765620073743,CH1,POWER,3.80
1765620073751,CH1,POWER,3.80
1765620073757,CH1,POWER,3.80
1765620073761,CH1,POWER,3.80
1765620073766,CH1,POWER,3.80
1765620073771,CH1,POWER,3.80
1765620073777,CH1,POWER,3.80
1765620073781,CH1,POWER,3.80
1765620073789,CH1,POWER,3.80
1765620073794,CH1,POWER,3.80
1765620073800,CH1,POWER,3.80
1765620073805,CH1,POWER,3.80
1765620073811,CH1,POWER,3.80
1765620073817,CH1,POWER,3.80
1765620073821,CH1,POWER,3.80
1765620073829,CH1,POWER,3.80
1765620073831,CH1,POWER,3.80
1765620073834,CH1,POWER,3.80
1765620073860,CH1,POWER,3.80
1765620073865,CH1,POWER,3.80
1765620073870,CH1,POWER,3.80
1765620073874,CH1,POWER,3.80
1765620073880,CH1,POWER,3.80
1765620073885,CH1,POWER,3.80
1765620073891,CH1,POWER,3.80
1765620073896,CH1,POWER,3.80
1765620073900,CH1,POWER,3.80
1765620073905,CH1,POWER,3.80
1765620073911,CH1,POWER,3.80
1765620073915,CH1,POWER,3.80
1765620073920,CH1,POWER,3.80
1765620073925,CH1,POWER,3.80
1765620073930,CH1,POWER,3.80
1765620073935,CH1,POWER,3.80
1765620073941,CH1,POWER,3.80
1765620073947,CH1,POWER,3.80
1765620073952,CH1,POWER,3.80
1765620073957,CH1,POWER,3.80
1765620073963,CH1,POWER,3.80
1765620073971,CH1,POWER,3.80
1765620073976,CH1,POWER,3.80
1765620073980,CH1,POWER,3.80
1765620073985,CH1,POWER,3.80
1765620073991,CH1,POWER,3.80
1765620073995,CH1,POWER,3.80
1765620074000,CH1,POWER,3.80
1765620074004,CH1,POWER,3.80
1765620074011,CH1,POWER,3.80
1765620074016,CH1,POWER,3.80
1765620074022,CH1,POWER,3.80
1765620074028,CH1,POWER,3.80
1765620074033,CH1,POWER,3.80
1765620074041,CH1,POWER,3.80
1765620074046,CH1,POWER,3.80
1765620074053,CH1,POWER,3.80
1765620074059,CH1,POWER,3.80
1765620074063,CH1,POWER,3.80
1765620074069,CH1,POWER,3.80
1765620074073,CH1,POWER,3.80
1765620074078,CH1,POWER,3.80
1765620074083,CH1,POWER,3.80
1765620074088,CH1,POWER,3.80
1765620074093,CH1,POWER,3.80
1765620074101,CH1,POWER,3.80
1765620074106,CH1,POWER,3.80
1765620074113,CH1,POWER,3.80
1765620074119,CH1,POWER,3.80
1765620074123,CH1,POWER,3.80
1765620074131,CH1,POWER,3.80
1765620074136,CH1,POWER,3.80
1765620074143,CH1,POWER,3.80
1765620074149,CH1,POWER,3.80
1765620074153,CH1,POWER,3.80
1765620074161,CH1,POWER,3.80
1765620074167,CH1,POWER,3.80
1765620074172,CH1,POWER,3.80
1765620074176,CH1,POWER,3.80
1765620074183,CH1,POWER,3.80
1765620074188,CH1,POWER,3.80
1765620074193,CH1,POWER,3.80
1765620074199,CH1,POWER,3.80
1765620074203,CH1,POWER,3.80
1765620074209,CH1,POWER,3.80
1765620074213,CH1,POWER,3.80
1765620074217,CH1,POWER,3.80
1765620074221,CH1,POWER,3.75
1765620074223,CH1,POWER,3.75
1765620074226,CH1,POWER,3.75
1765620074252,CH1,POWER,3.75
1765620074257,CH1,POWER,3.75
1765620074265,CH1,POWER,3.75
1765620074269,CH1,POWER,3.75
1765620074275,CH1,POWER,3.75
1765620074281,CH1,POWER,3.75
1765620074285,CH1,POWER,3.75
1765620074290,CH1,POWER,3.75
1765620074295,CH1,POWER,3.75
1765620074303,CH1,POWER,3.75
1765620074308,CH1,POWER,3.75
1765620074315,CH1,POWER,3.75
1765620074321,CH1,POWER,3.75
1765620074325,CH1,POWER,3.75
1765620074330,CH1,POWER,3.75
1765620074335,CH1,POWER,3.75
1765620074341,CH1,POWER,3.75
1765620074345,CH1,POWER,3.75
1765620074353,CH1,POWER,3.75
1765620074358,CH1,POWER,3.75
1765620074362,CH1,POWER,3.75
1765620074368,CH1,POWER,3.75
1765620074375,CH1,POWER,3.75
1765620074380,CH1,POWER,3.75
1765620074385,CH1,POWER,3.75
1765620074390,CH1,POWER,3.75
1765620074395,CH1,POWER,3.75
1765620074403,CH1,POWER,3.75
1765620074409,CH1,POWER,3.75
1765620074414,CH1,POWER,3.75
1765620074419,CH1,POWER,3.75
1765620074425,CH1,POWER,3.75
1765620074429,CH1,POWER,3.75
1765620074434,CH1,POWER,3.75
1765620074439,CH1,POWER,3.75
1765620074445,CH1,POWER,3.75
1765620074449,CH1,POWER,3.75
1765620074455,CH1,POWER,3.75
1765620074459,CH1,POWER,3.75
1765620074465,CH1,POWER,3.75
1765620074470,CH1,POWER,3.75
1765620074475,CH1,POWER,3.75
1765620074480,CH1,POWER,3.75
1765620074485,CH1,POWER,3.75
1765620074491,CH1,POWER,3.75
1765620074495,CH1,POWER,3.75
1765620074503,CH1,POWER,3.75
1765620074508,CH1,POWER,3.75
1765620074515,CH1,POWER,3.75
1765620074519,CH1,POWER,3.75
1765620074524,CH1,POWER,3.75
1765620074528,CH1,POWER,3.75
1765620074535,CH1,POWER,3.75
1765620074540,CH1,POWER,3.75
1765620074545,CH1,POWER,3.75
1765620074550,CH1,POWER,3.75
1765620074555,CH1,POWER,3.75
1765620074563,CH1,POWER,3.75
1765620074568,CH1,POWER,3.75
1765620074572,CH1,POWER,3.75
1765620074577,CH1,POWER,3.75
1765620074583,CH1,POWER,3.75
1765620074588,CH1,POWER,3.75
1765620074595,CH1,POWER,3.75
1765620074600,CH1,POWER,3.75
1765620074605,CH1,POWER,3.75
1765620074610,CH1,POWER,3.75
1765620074613,CH1,POWER,3.75
1765620074615,CH1,POWER,3.75
1765620074618,CH1,POWER,3.75
1765620074644,CH1,POWER,3.75
1765620074649,CH1,POWER,3.75
1765620074654,CH1,POWER,3.75
1765620074658,CH1,POWER,3.75
1765620074665,CH1,POWER,3.75
1765620074669,CH1,POWER,3.75
1765620074675,CH1,POWER,3.75
1765620074679,CH1,POWER,3.75
1765620074684,CH1,POWER,3.75
1765620074689,CH1,POWER,3.75
1765620074695,CH1,POWER,3.75
1765620074700,CH1,POWER,3.75
1765620074704,CH1,POWER,3.75
1765620074709,CH1,POWER,3.75
1765620074717,CH1,POWER,3.75
1765620074722,CH1,POWER,3.75
1765620074727,CH1,POWER,3.75
1765620074733,CH1,POWER,3.75
1765620074737,CH1,POWER,3.75
1765620074742,CH1,POWER,3.75
1765620074747,CH1,POWER,3.75
1765620074753,CH1,POWER,3.75
1765620074757,CH1,POWER,3.75
1765620074765,CH1,POWER,3.75
1765620074770,CH1,POWER,3.75
1765620074774,CH1,POWER,3.75
1765620074779,CH1,POWER,3.75
1765620074785,CH1,POWER,3.75
1765620074790,CH1,POWER,3.75
1765620074794,CH1,POWER,3.75
1765620074799,CH1,POWER,3.75
1765620074805,CH1,POWER,3.75
1765620074810,CH1,POWER,3.75
1765620074817,CH1,POWER,3.75
1765620074823,CH1,POWER,3.75
1765620074827,CH1,POWER,3.75
1765620074833,CH1,POWER,3.75
1765620074837,CH1,POWER,3.75
1765620074842,CH1,POWER,3.75
1765620074847,CH1,POWER,3.75
1765620074855,CH1,POWER,3.75
1765620074860,CH1,POWER,3.75
1765620074866,CH1,POWER,3.75
1765620074871,CH1,POWER,3.75
1765620074877,CH1,POWER,3.75
1765620074883,CH1,POWER,3.75
1765620074887,CH1,POWER,3.75
1765620074891,CH1,POWER,3.75
1765620074896,CH1,POWER,3.75
1765620074901,CH1,POWER,3.75
1765620074907,CH1,POWER,3.75
1765620074911,CH1,POWER,3.75
1765620074917,CH1,POWER,3.75
1765620074925,CH1,POWER,3.75
1765620074930,CH1,POWER,3.75
1765620074937,CH1,POWER,3.75
1765620074943,CH1,POWER,3.75
1765620074947,CH1,POWER,3.75
1765620074952,CH1,POWER,3.75
1765620074957,CH1,POWER,3.75
1765620074962,CH1,POWER,3.75
1765620074967,CH1,POWER,3.75
1765620074975,CH1,POWER,3.75
1765620074980,CH1,POWER,3.75
1765620074986,CH1,POWER,3.75
1765620074992,CH1,POWER,3.75
1765620074997,CH1,POWER,3.75
1765620075001,CH1,POWER,3.75
1765620075007,CH1,POWER,3.75
1765620075010,CH1,POWER,3.85
1765620075036,CH1,POWER,3.85
1765620075041,CH1,POWER,3.85
1765620075046,CH1,POWER,3.85
1765620075051,CH1,POWER,3.85
1765620075056,CH1,POWER,3.85
1765620075061,CH1,POWER,3.85
1765620075069,CH1,POWER,3.85
1765620075075,CH1,POWER,3.85
1765620075079,CH1,POWER,3.85
1765620075087,CH1,POWER,3.85
1765620075092,CH1,POWER,3.85
1765620075096,CH1,POWER,3.85
1765620075101,CH1,POWER,3.85
1765620075107,CH1,POWER,3.85
1765620075113,CH1,POWER,3.85
1765620075119,CH1,POWER,3.85
1765620075127,CH1,POWER,3.85
1765620075132,CH1,POWER,3.85
1765620075139,CH1,POWER,3.85
1765620075145,CH1,POWER,3.85
1765620075149,CH1,POWER,3.85
1765620075155,CH1,POWER,3.85
1765620075159,CH1,POWER,3.85
1765620075167,CH1,POWER,3.85
1765620075172,CH1,POWER,3.85
1765620075179,CH1,POWER,3.85
1765620075185,CH1,POWER,3.85
1765620075189,CH1,POWER,3.85
1765620075194,CH1,POWER,3.85
1765620075199,CH1,POWER,3.85
1765620075204,CH1,POWER,3.85
1765620075209,CH1,POWER,3.85
1765620075215,CH1,POWER,3.85
1765620075219,CH1,POWER,3.85
1765620075223,CH1,POWER,3.85
1765620075229,CH1,POWER,3.85
1765620075233,CH1,POWER,3.85
1765620075239,CH1,POWER,3.85
1765620075244,CH1,POWER,3.85
1765620075249,CH1,POWER,3.85
1765620075253,CH1,POWER,3.85
1765620075259,CH1,POWER,3.85
1765620075263,CH1,POWER,3.85
1765620075269,CH1,POWER,3.85
1765620075274,CH1,POWER,3.85
1765620075279,CH1,POWER,3.85
1765620075284,CH1,POWER,3.85
1765620075289,CH1,POWER,3.85
1765620075297,CH1,POWER,3.85
1765620075302,CH1,POWER,3.85
1765620075309,CH1,POWER,3.85
1765620075315,CH1,POWER,3.85
1765620075319,CH1,POWER,3.85
1765620075327,CH1,POWER,3.85
1765620075332,CH1,POWER,3.85
1765620075339,CH1,POWER,3.85
1765620075345,CH1,POWER,3.85
1765620075349,CH1,POWER,3.85
1765620075355,CH1,POWER,3.85
1765620075359,CH1,POWER,3.85
1765620075367,CH1,POWER,3.85
1765620075371,CH1,POWER,3.85
1765620075376,CH1,POWER,3.85
1765620075380,CH1,POWER,3.85
1765620075387,CH1,POWER,3.85
1765620075392,CH1,POWER,3.85
1765620075418,CH1,POWER,3.75
1765620075423,CH1,POWER,3.75
1765620075428,CH1,POWER,3.75
1765620075432,CH1,POWER,3.75
1765620075438,CH1,POWER,3.75
1765620075443,CH1,POWER,3.75
1765620075449,CH1,POWER,3.75
1765620075455,CH1,POWER,3.75
1765620075461,CH1,POWER,3.75
1765620075466,CH1,POWER,3.75
1765620075471,CH1,POWER,3.75
1765620075476,CH1,POWER,3.75
1765620075481,CH1,POWER,3.75
1765620075486,CH1,POWER,3.75
1765620075491,CH1,POWER,3.75
1765620075496,CH1,POWER,3.75
1765620075501,CH1,POWER,3.75
1765620075505,CH1,POWER,3.75
1765620075511,CH1,POWER,3.75
1765620075516,CH1,POWER,3.75
1765620075521,CH1,POWER,3.75
1765620075526,CH1,POWER,3.75
1765620075531,CH1,POWER,3.75
1765620075536,CH1,POWER,3.75
1765620075541,CH1,POWER,3.75
1765620075545,CH1,POWER,3.75
1765620075550,CH1,POWER,3.75
1765620075554,CH1,POWER,3.75
1765620075560,CH1,POWER,3.75
1765620075565,CH1,POWER,3.75
1765620075570,CH1,POWER,3.75
1765620075575,CH1,POWER,3.75
1765620075581,CH1,POWER,3.75
1765620075587,CH1,POWER,3.75
1765620075591,CH1,POWER,3.75
1765620075595,CH1,POWER,3.75
1765620075600,CH1,POWER,3.75
1765620075605,CH1,POWER,3.75
1765620075611,CH1,POWER,3.75
1765620075615,CH1,POWER,3.75
1765620075620,CH1,POWER,3.75
1765620075625,CH1,POWER,3.75
1765620075630,CH1,POWER,3.75
1765620075636,CH1,POWER,3.75
1765620075641,CH1,POWER,3.75
1765620075646,CH1,POWER,3.75
1765620075651,CH1,POWER,3.75
1765620075657,CH1,POWER,3.75
1765620075661,CH1,POWER,3.75
1765620075666,CH1,POWER,3.75
1765620075671,CH1,POWER,3.75
1765620075675,CH1,POWER,3.75
1765620075681,CH1,POWER,3.75
1765620075686,CH1,POWER,3.75
1765620075691,CH1,POWER,3.75
1765620075696,CH1,POWER,3.75
1765620075701,CH1,POWER,3.75
1765620075705,CH1,POWER,3.75
1765620075711,CH1,POWER,3.75
1765620075716,CH1,POWER,3.75
1765620075721,CH1,POWER,3.75
1765620075726,CH1,POWER,3.75
1765620075731,CH1,POWER,3.75
1765620075736,CH1,POWER,3.75
1765620075741,CH1,POWER,3.75
1765620075749,CH1,POWER,3.75
1765620075753,CH1,POWER,3.75
1765620075759,CH1,POWER,3.75
1765620075763,CH1,POWER,3.75
1765620075768,CH1,POWER,3.75
1765620075774,CH1,POWER,3.75
1765620075778,CH1,POWER,3.75
1765620075782,CH1,POWER,3.75
1765620075810,CH1,POWER,3.80
1765620075815,CH1,POWER,3.80
1765620075820,CH1,POWER,3.80
1765620075825,CH1,POWER,3.80
1765620075830,CH1,POWER,3.80
1765620075835,CH1,POWER,3.80
1765620075840,CH1,POWER,3.80
1765620075846,CH1,POWER,3.80
1765620075853,CH1,POWER,3.80
1765620075861,CH1,POWER,3.80
1765620075866,CH1,POWER,3.80
1765620075873,CH1,POWER,3.80
1765620075878,CH1,POWER,3.80
1765620075883,CH1,POWER,3.80
1765620075888,CH1,POWER,3.80
1765620075893,CH1,POWER,3.80
1765620075897,CH1,POWER,3.80
1765620075903,CH1,POWER,3.80
1765620075908,CH1,POWER,3.80
1765620075913,CH1,POWER,3.80
1765620075917,CH1,POWER,3.80
1765620075923,CH1,POWER,3.80
1765620075928,CH1,POWER,3.80
1765620075933,CH1,POWER,3.80
1765620075938,CH1,POWER,3.80
1765620075943,CH1,POWER,3.80
1765620075948,CH1,POWER,3.80
1765620075953,CH1,POWER,3.80
1765620075957,CH1,POWER,3.80
1765620075962,CH1,POWER,3.80
1765620075967,CH1,POWER,3.80
1765620075973,CH1,POWER,3.80
1765620075978,CH1,POWER,3.80
1765620075983,CH1,POWER,3.80
1765620075987,CH1,POWER,3.80
1765620075993,CH1,POWER,3.80
1765620075998,CH1,POWER,3.80
1765620076003,CH1,POWER,3.80
1765620076007,CH1,POWER,3.80
1765620076013,CH1,POWER,3.80
1765620076019,CH1,POWER,3.80
1765620076023,CH1,POWER,3.80
1765620076031,CH1,POWER,3.80
1765620076036,CH1,POWER,3.80
1765620076043,CH1,POWER,3.80
1765620076048,CH1,POWER,3.80
1765620076053,CH1,POWER,3.80
1765620076058,CH1,POWER,3.80
1765620076063,CH1,POWER,3.80
1765620076068,CH1,POWER,3.80
1765620076073,CH1,POWER,3.80
1765620076077,CH1,POWER,3.80
1765620076082,CH1,POWER,3.80
1765620076086,CH1,POWER,3.80
1765620076093,CH1,POWER,3.80
1765620076098,CH1,POWER,3.80
1765620076103,CH1,POWER,3.80
1765620076111,CH1,POWER,3.80
1765620076116,CH1,POWER,3.80
1765620076123,CH1,POWER,3.80
1765620076131,CH1,POWER,3.80
1765620076136,CH1,POWER,3.80
1765620076143,CH1,POWER,3.80
1765620076148,CH1,POWER,3.80
1765620076153,CH1,POWER,3.80
1765620076158,CH1,POWER,3.80
1765620076163,CH1,POWER,3.80
1765620076167,CH1,POWER,3.80
1765620076172,CH1,POWER,3.80
1765620076175,CH1,POWER,3.90
1765620076177,CH1,POWER,3.90
1765620076204,CH1,POWER,3.90
1765620076209,CH1,POWER,3.90
1765620076214,CH1,POWER,3.90
1765620076219,CH1,POWER,3.90
1765620076224,CH1,POWER,3.90
1765620076228,CH1,POWER,3.90
1765620076235,CH1,POWER,3.90
1765620076240,CH1,POWER,3.90
1765620076245,CH1,POWER,3.90
1765620076249,CH1,POWER,3.90
1765620076255,CH1,POWER,3.90
1765620076260,CH1,POWER,3.90
1765620076265,CH1,POWER,3.90
1765620076270,CH1,POWER,3.90
1765620076275,CH1,POWER,3.90
1765620076283,CH1,POWER,3.90
1765620076288,CH1,POWER,3.90
1765620076294,CH1,POWER,3.90
1765620076299,CH1,POWER,3.90
1765620076305,CH1,POWER,3.90
1765620076310,CH1,POWER,3.90
1765620076315,CH1,POWER,3.90
1765620076320,CH1,POWER,3.90
1765620076325,CH1,POWER,3.90
1765620076329,CH1,POWER,3.90
1765620076334,CH1,POWER,3.90
1765620076338,CH1,POWER,3.90
1765620076342,CH1,POWER,3.90
1765620076347,CH1,POWER,3.90
1765620076352,CH1,POWER,3.90
1765620076357,CH1,POWER,3.90
1765620076362,CH1,POWER,3.90
1765620076367,CH1,POWER,3.90
1765620076373,CH1,POWER,3.90
1765620076377,CH1,POWER,3.90
1765620076383,CH1,POWER,3.90
1765620076387,CH1,POWER,3.90
1765620076392,CH1,POWER,3.90
1765620076397,CH1,POWER,3.90
1765620076402,CH1,POWER,3.90
1765620076406,CH1,POWER,3.90
1765620076412,CH1,POWER,3.90
1765620076417,CH1,POWER,3.90
1765620076423,CH1,POWER,3.90
1765620076427,CH1,POWER,3.90
1765620076435,CH1,POWER,3.90
1765620076440,CH1,POWER,3.90
1765620076445,CH1,POWER,3.90
1765620076449,CH1,POWER,3.90
1765620076455,CH1,POWER,3.90
1765620076460,CH1,POWER,3.90
1765620076465,CH1,POWER,3.90
1765620076470,CH1,POWER,3.90
1765620076475,CH1,POWER,3.90
1765620076479,CH1,POWER,3.90
1765620076484,CH1,POWER,3.90
1765620076488,CH1,POWER,3.90
1765620076494,CH1,POWER,3.90
1765620076499,CH1,POWER,3.90
1765620076504,CH1,POWER,3.90
1765620076509,CH1,POWER,3.90
1765620076515,CH1,POWER,3.90
1765620076519,CH1,POWER,3.90
1765620076524,CH1,POWER,3.90
1765620076528,CH1,POWER,3.90
1765620076535,CH1,POWER,3.90
1765620076539,CH1,POWER,3.90
1765620076545,CH1,POWER,3.90
1765620076553,CH1,POWER,3.90
1765620076558,CH1,POWER,3.90
1765620076584,CH1,POWER,3.70
1765620076589,CH1,POWER,3.70
1765620076594,CH1,POWER,3.70
1765620076599,CH1,POWER,3.70
1765620076605,CH1,POWER,3.70
1765620076610,CH1,POWER,3.70
1765620076616,CH1,POWER,3.70
1765620076621,CH1,POWER,3.70
1765620076626,CH1,POWER,3.70
1765620076631,CH1,POWER,3.70
1765620076637,CH1,POWER,3.70
1765620076641,CH1,POWER,3.70
1765620076646,CH1,POWER,3.70
1765620076650,CH1,POWER,3.70
1765620076657,CH1,POWER,3.70
1765620076662,CH1,POWER,3.70
1765620076667,CH1,POWER,3.70
1765620076671,CH1,POWER,3.70
1765620076677,CH1,POWER,3.70
1765620076682,CH1,POWER,3.70
1765620076687,CH1,POWER,3.70
1765620076691,CH1,POWER,3.70
1765620076696,CH1,POWER,3.70
1765620076700,CH1,POWER,3.70
1765620076707,CH1,POWER,3.70
1765620076711,CH1,POWER,3.70
1765620076717,CH1,POWER,3.70
1765620076722,CH1,POWER,3.70
1765620076727,CH1,POWER,3.70
1765620076731,CH1,POWER,3.70
1765620076736,CH1,POWER,3.70
1765620076741,CH1,POWER,3.70
1765620076746,CH1,POWER,3.70
1765620076751,CH1,POWER,3.70
1765620076757,CH1,POWER,3.70
1765620076761,CH1,POWER,3.70
1765620076766,CH1,POWER,3.70
1765620076770,CH1,POWER,3.70
1765620076774,CH1,POWER,3.70
1765620076778,CH1,POWER,3.70
1765620076782,CH1,POWER,3.70
1765620076787,CH1,POWER,3.70
1765620076792,CH1,POWER,3.70
1765620076797,CH1,POWER,3.70
1765620076801,CH1,POWER,3.70
1765620076806,CH1,POWER,3.70
1765620076810,CH1,POWER,3.70
1765620076817,CH1,POWER,3.70
1765620076822,CH1,POWER,3.70
1765620076827,CH1,POWER,3.70
1765620076835,CH1,POWER,3.70
1765620076840,CH1,POWER,3.70
1765620076847,CH1,POWER,3.70
1765620076852,CH1,POWER,3.70
1765620076857,CH1,POWER,3.70
1765620076861,CH1,POWER,3.70
1765620076866,CH1,POWER,3.70
1765620076870,CH1,POWER,3.70
1765620076874,CH1,POWER,3.70
1765620076878,CH1,POWER,3.70
1765620076884,CH1,POWER,3.70
1765620076889,CH1,POWER,3.70
1765620076894,CH1,POWER,3.70
1765620076899,CH1,POWER,3.70
1765620076904,CH1,POWER,3.70
1765620076908,CH1,POWER,3.70
1765620076915,CH1,POWER,3.70
1765620076920,CH1,POWER,3.70
1765620076927,CH1,POWER,3.70
1765620076931,CH1,POWER,3.70
1765620076936,CH1,POWER,3.70
1765620076941,CH1,POWER,3.70
1765620076946,CH1,POWER,3.70
1765620076951,CH1,POWER,3.70
1765620076954,CH1,POWER,3.65
1765620076957,CH1,POWER,3.65
1765620076959,CH1,POWER,3.65
1765620076962,CH1,POWER,3.65
1765620076989,CH1,POWER,3.65
1765620076994,CH1,POWER,3.65
1765620076999,CH1,POWER,3.65
1765620077005,CH1,POWER,3.65
1765620077010,CH1,POWER,3.65
1765620077016,CH1,POWER,3.65
1765620077020,CH1,POWER,3.65
1765620077024,CH1,POWER,3.65
1765620077029,CH1,POWER,3.65
1765620077033,CH1,POWER,3.65
1765620077039,CH1,POWER,3.65
1765620077043,CH1,POWER,3.65
1765620077048,CH1,POWER,3.65
1765620077053,CH1,POWER,3.65
1765620077058,CH1,POWER,3.65
1765620077063,CH1,POWER,3.65
1765620077069,CH1,POWER,3.65
1765620077073,CH1,POWER,3.65
1765620077078,CH1,POWER,3.65
1765620077082,CH1,POWER,3.65
1765620077086,CH1,POWER,3.65
1765620077090,CH1,POWER,3.65
1765620077097,CH1,POWER,3.65
1765620077102,CH1,POWER,3.65
1765620077109,CH1,POWER,3.65
1765620077114,CH1,POWER,3.65
1765620077119,CH1,POWER,3.65
1765620077124,CH1,POWER,3.65
1765620077129,CH1,POWER,3.65
1765620077134,CH1,POWER,3.65
1765620077139,CH1,POWER,3.65
1765620077144,CH1,POWER,3.65
1765620077149,CH1,POWER,3.65
1765620077154,CH1,POWER,3.65
1765620077159,CH1,POWER,3.65
1765620077163,CH1,POWER,3.65
1765620077168,CH1,POWER,3.65
1765620077173,CH1,POWER,3.65
1765620077178,CH1,POWER,3.65
1765620077182,CH1,POWER,3.65
1765620077189,CH1,POWER,3.65
1765620077194,CH1,POWER,3.65
1765620077199,CH1,POWER,3.65
1765620077204,CH1,POWER,3.65
1765620077209,CH1,POWER,3.65
1765620077214,CH1,POWER,3.65
1765620077219,CH1,POWER,3.65
1765620077225,CH1,POWER,3.65
1765620077229,CH1,POWER,3.65
1765620077233,CH1,POWER,3.65
1765620077239,CH1,POWER,3.65
1765620077244,CH1,POWER,3.65
1765620077249,CH1,POWER,3.65
1765620077253,CH1,POWER,3.65
1765620077258,CH1,POWER,3.65
1765620077262,CH1,POWER,3.65
1765620077268,CH1,POWER,3.65
1765620077273,CH1,POWER,3.65
1765620077279,CH1,POWER,3.65
1765620077284,CH1,POWER,3.65
1765620077289,CH1,POWER,3.65
1765620077293,CH1,POWER,3.65
1765620077299,CH1,POWER,3.65
1765620077304,CH1,POWER,3.65
1765620077309,CH1,POWER,3.65
1765620077314,CH1,POWER,3.65
1765620077319,CH1,POWER,3.65
1765620077324,CH1,POWER,3.65
1765620077329,CH1,POWER,3.65
1765620077335,CH1,POWER,3.65
1765620077340,CH1,POWER,3.65
1765620077347,CH1,POWER,3.65
1765620077349,CH1,POWER,3.70
1765620077352,CH1,POWER,3.70
1765620077378,CH1,POWER,3.70
1765620077383,CH1,POWER,3.70
1765620077388,CH1,POWER,3.70
1765620077393,CH1,POWER,3.70
1765620077398,CH1,POWER,3.70
1765620077402,CH1,POWER,3.70
1765620077408,CH1,POWER,3.70
1765620077414,CH1,POWER,3.70
1765620077420,CH1,POWER,3.70
1765620077425,CH1,POWER,3.70
1765620077430,CH1,POWER,3.70
1765620077435,CH1,POWER,3.70
1765620077441,CH1,POWER,3.70
1765620077449,CH1,POWER,3.70
1765620077454,CH1,POWER,3.70
1765620077461,CH1,POWER,3.70
1765620077469,CH1,POWER,3.70
1765620077475,CH1,POWER,3.70
1765620077480,CH1,POWER,3.70
1765620077485,CH1,POWER,3.70
1765620077490,CH1,POWER,3.70
1765620077494,CH1,POWER,3.70
1765620077501,CH1,POWER,3.70
1765620077505,CH1,POWER,3.70
1765620077510,CH1,POWER,3.70
1765620077515,CH1,POWER,3.70
1765620077521,CH1,POWER,3.70
1765620077529,CH1,POWER,3.70
1765620077534,CH1,POWER,3.70
1765620077541,CH1,POWER,3.70
1765620077549,CH1,POWER,3.70
1765620077554,CH1,POWER,3.70
1765620077561,CH1,POWER,3.70
1765620077566,CH1,POWER,3.70
1765620077571,CH1,POWER,3.70
1765620077576,CH1,POWER,3.70
1765620077581,CH1,POWER,3.70
1765620077585,CH1,POWER,3.70
1765620077591,CH1,POWER,3.70
1765620077595,CH1,POWER,3.70
1765620077600,CH1,POWER,3.70
1765620077606,CH1,POWER,3.70
1765620077611,CH1,POWER,3.70
1765620077616,CH1,POWER,3.70
1765620077621,CH1,POWER,3.70
1765620077626,CH1,POWER,3.70
1765620077631,CH1,POWER,3.70
1765620077636,CH1,POWER,3.70
1765620077641,CH1,POWER,3.70
1765620077646,CH1,POWER,3.70
1765620077651,CH1,POWER,3.70
1765620077656,CH1,POWER,3.70
1765620077661,CH1,POWER,3.70
1765620077666,CH1,POWER,3.70
1765620077671,CH1,POWER,3.70
1765620077676,CH1,POWER,3.70
1765620077681,CH1,POWER,3.70
1765620077686,CH1,POWER,3.70
1765620077691,CH1,POWER,3.70
1765620077696,CH1,POWER,3.70
1765620077701,CH1,POWER,3.70
1765620077709,CH1,POWER,3.70
1765620077714,CH1,POWER,3.70
1765620077721,CH1,POWER,3.70
1765620077726,CH1,POWER,3.70
1765620077731,CH1,POWER,3.70
1765620077736,CH1,POWER,3.70
1765620077739,CH1,POWER,3.60
1765620077741,CH1,POWER,3.60
1765620077744,CH1,POWER,3.60
1765620077771,CH1,POWER,3.60
1765620077776,CH1,POWER,3.60
1765620077783,CH1,POWER,3.60
1765620077791,CH1,POWER,3.60
1765620077796,CH1,POWER,3.60
1765620077803,CH1,POWER,3.60
1765620077808,CH1,POWER,3.60
1765620077813,CH1,POWER,3.60
1765620077818,CH1,POWER,3.60
1765620077823,CH1,POWER,3.60
1765620077827,CH1,POWER,3.60
1765620077833,CH1,POWER,3.60
1765620077841,CH1,POWER,3.60
1765620077846,CH1,POWER,3.60
1765620077853,CH1,POWER,3.60
1765620077858,CH1,POWER,3.60
1765620077863,CH1,POWER,3.60
1765620077868,CH1,POWER,3.60
1765620077873,CH1,POWER,3.60
1765620077878,CH1,POWER,3.60
1765620077883,CH1,POWER,3.60
1765620077888,CH1,POWER,3.60
1765620077893,CH1,POWER,3.60
1765620077898,CH1,POWER,3.60
1765620077903,CH1,POWER,3.60
1765620077911,CH1,POWER,3.60
1765620077917,CH1,POWER,3.60
1765620077923,CH1,POWER,3.60
1765620077928,CH1,POWER,3.60
1765620077933,CH1,POWER,3.60
1765620077938,CH1,POWER,3.60
1765620077943,CH1,POWER,3.60
1765620077947,CH1,POWER,3.60
1765620077952,CH1,POWER,3.60
1765620077958,CH1,POWER,3.60
1765620077963,CH1,POWER,3.60
1765620077968,CH1,POWER,3.60
1765620077973,CH1,POWER,3.60
1765620077977,CH1,POWER,3.60
1765620077982,CH1,POWER,3.60
1765620077986,CH1,POWER,3.60
1765620077992,CH1,POWER,3.60
1765620077997,CH1,POWER,3.60
1765620078003,CH1,POWER,3.60
1765620078008,CH1,POWER,3.60
1765620078013,CH1,POWER,3.60
1765620078021,CH1,POWER,3.60
1765620078025,CH1,POWER,3.60
1765620078033,CH1,POWER,3.60
1765620078041,CH1,POWER,3.60
1765620078046,CH1,POWER,3.60
1765620078053,CH1,POWER,3.60
1765620078058,CH1,POWER,3.60
1765620078063,CH1,POWER,3.60
1765620078067,CH1,POWER,3.60
1765620078072,CH1,POWER,3.60
1765620078078,CH1,POWER,3.60
1765620078083,CH1,POWER,3.60
1765620078088,CH1,POWER,3.60
1765620078093,CH1,POWER,3.60
1765620078100,CH1,POWER,3.60
1765620078105,CH1,POWER,3.60
1765620078110,CH1,POWER,3.60
1765620078114,CH1,POWER,3.60
1765620078121,CH1,POWER,3.60
1765620078126,CH1,POWER,3.60
1765620078154,CH1,POWER,3.70
1765620078159,CH1,POWER,3.70
1765620078164,CH1,POWER,3.70
1765620078170,CH1,POWER,3.70
1765620078175,CH1,POWER,3.70
1765620078179,CH1,POWER,3.70
1765620078184,CH1,POWER,3.70
1765620078190,CH1,POWER,3.70
1765620078195,CH1,POWER,3.70
1765620078200,CH1,POWER,3.70
1765620078205,CH1,POWER,3.70
1765620078210,CH1,POWER,3.70
1765620078215,CH1,POWER,3.70
1765620078220,CH1,POWER,3.70
1765620078225,CH1,POWER,3.70
1765620078233,CH1,POWER,3.70
1765620078238,CH1,POWER,3.70
1765620078245,CH1,POWER,3.70
1765620078249,CH1,POWER,3.70
1765620078254,CH1,POWER,3.70
1765620078260,CH1,POWER,3.70
1765620078264,CH1,POWER,3.70
1765620078269,CH1,POWER,3.70
1765620078275,CH1,POWER,3.70
1765620078279,CH1,POWER,3.70
1765620078284,CH1,POWER,3.70
1765620078290,CH1,POWER,3.70
1765620078295,CH1,POWER,3.70
1765620078300,CH1,POWER,3.70
1765620078305,CH1,POWER,3.70
1765620078310,CH1,POWER,3.70
1765620078315,CH1,POWER,3.70
1765620078322,CH1,POWER,3.70
1765620078327,CH1,POWER,3.70
1765620078332,CH1,POWER,3.70
1765620078337,CH1,POWER,3.70
1765620078344,CH1,POWER,3.70
1765620078349,CH1,POWER,3.70
1765620078354,CH1,POWER,3.70
1765620078359,CH1,POWER,3.70
1765620078365,CH1,POWER,3.70
1765620078370,CH1,POWER,3.70
1765620078375,CH1,POWER,3.70
1765620078383,CH1,POWER,3.70
1765620078389,CH1,POWER,3.70
1765620078394,CH1,POWER,3.70
1765620078399,CH1,POWER,3.70
1765620078404,CH1,POWER,3.70
1765620078410,CH1,POWER,3.70
1765620078415,CH1,POWER,3.70
1765620078420,CH1,POWER,3.70
1765620078425,CH1,POWER,3.70
1765620078433,CH1,POWER,3.70
1765620078439,CH1,POWER,3.70
1765620078444,CH1,POWER,3.70
1765620078449,CH1,POWER,3.70
1765620078454,CH1,POWER,3.70
1765620078459,CH1,POWER,3.70
1765620078464,CH1,POWER,3.70
1765620078469,CH1,POWER,3.70
1765620078474,CH1,POWER,3.70
1765620078479,CH1,POWER,3.70
1765620078484,CH1,POWER,3.70
1765620078489,CH1,POWER,3.70
1765620078494,CH1,POWER,3.70
1765620078498,CH1,POWER,3.70
1765620078505,CH1,POWER,3.70
1765620078510,CH1,POWER,3.70
1765620078515,CH1,POWER,3.70
1765620078518,CH1,POWER,3.60
1765620078544,CH1,POWER,3.60
1765620078549,CH1,POWER,3.60
1765620078554,CH1,POWER,3.60
1765620078560,CH1,POWER,3.60
1765620078566,CH1,POWER,3.60
1765620078571,CH1,POWER,3.60
1765620078577,CH1,POWER,3.60
1765620078582,CH1,POWER,3.60
1765620078587,CH1,POWER,3.60
1765620078595,CH1,POWER,3.60
1765620078600,CH1,POWER,3.60
1765620078606,CH1,POWER,3.60
1765620078612,CH1,POWER,3.60
1765620078617,CH1,POWER,3.60
1765620078622,CH1,POWER,3.60
1765620078627,CH1,POWER,3.60
1765620078632,CH1,POWER,3.60
1765620078637,CH1,POWER,3.60
1765620078642,CH1,POWER,3.60
1765620078647,CH1,POWER,3.60
1765620078651,CH1,POWER,3.60
1765620078656,CH1,POWER,3.60
1765620078661,CH1,POWER,3.60
1765620078667,CH1,POWER,3.60
1765620078672,CH1,POWER,3.60
1765620078677,CH1,POWER,3.60
1765620078685,CH1,POWER,3.60
1765620078691,CH1,POWER,3.60
1765620078696,CH1,POWER,3.60
1765620078702,CH1,POWER,3.60
1765620078707,CH1,POWER,3.60
1765620078712,CH1,POWER,3.60
1765620078717,CH1,POWER,3.60
1765620078722,CH1,POWER,3.60
1765620078727,CH1,POWER,3.60
1765620078731,CH1,POWER,3.60
1765620078736,CH1,POWER,3.60
1765620078741,CH1,POWER,3.60
1765620078747,CH1,POWER,3.60
1765620078755,CH1,POWER,3.60
1765620078760,CH1,POWER,3.60
1765620078767,CH1,POWER,3.60
1765620078772,CH1,POWER,3.60
1765620078777,CH1,POWER,3.60
1765620078784,CH1,POWER,3.60
1765620078789,CH1,POWER,3.60
1765620078797,CH1,POWER,3.60
1765620078802,CH1,POWER,3.60
1765620078807,CH1,POWER,3.60
1765620078812,CH1,POWER,3.60
1765620078817,CH1,POWER,3.60
1765620078822,CH1,POWER,3.60
1765620078827,CH1,POWER,3.60
1765620078834,CH1,POWER,3.60
1765620078839,CH1,POWER,3.60
1765620078844,CH1,POWER,3.60
1765620078848,CH1,POWER,3.60
1765620078855,CH1,POWER,3.60
1765620078861,CH1,POWER,3.60
1765620078867,CH1,POWER,3.60
1765620078872,CH1,POWER,3.60
1765620078877,CH1,POWER,3.60
1765620078882,CH1,POWER,3.60
1765620078887,CH1,POWER,3.60
1765620078892,CH1,POWER,3.60
1765620078897,CH1,POWER,3.60
1765620078903,CH1,POWER,3.60
1765620078905,CH1,POWER,3.70
1765620078908,CH1,POWER,3.70
1765620078910,CH1,POWER,3.70
1765620078938,CH1,POWER,3.70
1765620078943,CH1,POWER,3.70
1765620078948,CH1,POWER,3.70
1765620078954,CH1,POWER,3.70
1765620078959,CH1,POWER,3.70
1765620078967,CH1,POWER,3.70
1765620078972,CH1,POWER,3.70
1765620078978,CH1,POWER,3.70
1765620078983,CH1,POWER,3.70
1765620078988,CH1,POWER,3.70
1765620078993,CH1,POWER,3.70
1765620078999,CH1,POWER,3.70
1765620079004,CH1,POWER,3.70
1765620079009,CH1,POWER,3.70
1765620079017,CH1,POWER,3.70
1765620079021,CH1,POWER,3.70
1765620079026,CH1,POWER,3.70
1765620079031,CH1,POWER,3.70
1765620079036,CH1,POWER,3.70
1765620079041,CH1,POWER,3.70
1765620079049,CH1,POWER,3.70
1765620079054,CH1,POWER,3.70
1765620079059,CH1,POWER,3.70
1765620079067,CH1,POWER,3.70
1765620079072,CH1,POWER,3.70
1765620079078,CH1,POWER,3.70
1765620079083,CH1,POWER,3.70
1765620079088,CH1,POWER,3.70
1765620079093,CH1,POWER,3.70
1765620079098,CH1,POWER,3.70
1765620079102,CH1,POWER,3.70
1765620079109,CH1,POWER,3.70
1765620079114,CH1,POWER,3.70
1765620079119,CH1,POWER,3.70
1765620079123,CH1,POWER,3.70
1765620079128,CH1,POWER,3.70
1765620079133,CH1,POWER,3.70
1765620079139,CH1,POWER,3.70
1765620079144,CH1,POWER,3.70
1765620079149,CH1,POWER,3.70
1765620079154,CH1,POWER,3.70
1765620079159,CH1,POWER,3.70
1765620079164,CH1,POWER,3.70
1765620079168,CH1,POWER,3.70
1765620079173,CH1,POWER,3.70
1765620079178,CH1,POWER,3.70
1765620079183,CH1,POWER,3.70
1765620079189,CH1,POWER,3.70
1765620079194,CH1,POWER,3.70
1765620079199,CH1,POWER,3.70
1765620079204,CH1,POWER,3.70
1765620079209,CH1,POWER,3.70
1765620079217,CH1,POWER,3.70
1765620079222,CH1,POWER,3.70
1765620079229,CH1,POWER,3.70
1765620079237,CH1,POWER,3.70
1765620079242,CH1,POWER,3.70
1765620079249,CH1,POWER,3.70
1765620079257,CH1,POWER,3.70
1765620079262,CH1,POWER,3.70
1765620079269,CH1,POWER,3.70
1765620079274,CH1,POWER,3.70
1765620079279,CH1,POWER,3.70
1765620079287,CH1,POWER,3.70
1765620079292,CH1,POWER,3.70
1765620079318,CH1,POWER,3.65
1765620079323,CH1,POWER,3.65
1765620079328,CH1,POWER,3.65
1765620079333,CH1,POWER,3.65
1765620079338,CH1,POWER,3.65
1765620079343,CH1,POWER,3.65
1765620079351,CH1,POWER,3.65
1765620079356,CH1,POWER,3.65
1765620079361,CH1,POWER,3.65
1765620079366,CH1,POWER,3.65
1765620079371,CH1,POWER,3.65
1765620079376,CH1,POWER,3.65
1765620079381,CH1,POWER,3.65
1765620079384,CH1,POWER,3.65
1765620079391,CH1,POWER,3.65
1765620079396,CH1,POWER,3.65
1765620079401,CH1,POWER,3.65
1765620079406,CH1,POWER,3.65
1765620079411,CH1,POWER,3.65
1765620079416,CH1,POWER,3.65
1765620079421,CH1,POWER,3.65
1765620079429,CH1,POWER,3.65
1765620079434,CH1,POWER,3.65
1765620079441,CH1,POWER,3.65
1765620079446,CH1,POWER,3.65
1765620079451,CH1,POWER,3.65
1765620079456,CH1,POWER,3.65
1765620079460,CH1,POWER,3.65
1765620079465,CH1,POWER,3.65
1765620079469,CH1,POWER,3.65
1765620079474,CH1,POWER,3.65
1765620079481,CH1,POWER,3.65
1765620079486,CH1,POWER,3.65
1765620079491,CH1,POWER,3.65
1765620079496,CH1,POWER,3.65
1765620079500,CH1,POWER,3.65
1765620079505,CH1,POWER,3.65
1765620079510,CH1,POWER,3.65
1765620079514,CH1,POWER,3.65
1765620079520,CH1,POWER,3.65
1765620079525,CH1,POWER,3.65
1765620079530,CH1,POWER,3.65
1765620079535,CH1,POWER,3.65
1765620079541,CH1,POWER,3.65
1765620079546,CH1,POWER,3.65
1765620079551,CH1,POWER,3.65
1765620079556,CH1,POWER,3.65
1765620079561,CH1,POWER,3.65
1765620079569,CH1,POWER,3.65
1765620079574,CH1,POWER,3.65
1765620079581,CH1,POWER,3.65
1765620079586,CH1,POWER,3.65
1765620079591,CH1,POWER,3.65
1765620079596,CH1,POWER,3.65
1765620079601,CH1,POWER,3.65
1765620079606,CH1,POWER,3.65
1765620079611,CH1,POWER,3.65
1765620079619,CH1,POWER,3.65
1765620079624,CH1,POWER,3.65
1765620079630,CH1,POWER,3.65
1765620079635,CH1,POWER,3.65
1765620079640,CH1,POWER,3.65
1765620079645,CH1,POWER,3.65
1765620079651,CH1,POWER,3.65
1765620079654,CH1,POWER,3.65
1765620079661,CH1,POWER,3.65
1765620079667,CH1,POWER,3.65
1765620079672,CH1,POWER,3.65
1765620079679,CH1,POWER,3.65
1765620079683,CH1,POWER,3.65
1765620079709,CH1,POWER,3.65
1765620079714,CH1,POWER,3.65
1765620079720,CH1,POWER,3.65
1765620079725,CH1,POWER,3.65
1765620079729,CH1,POWER,3.65
1765620079734,CH1,POWER,3.65
1765620079738,CH1,POWER,3.65
1765620079743,CH1,POWER,3.65
1765620079747,CH1,POWER,3.65
1765620079752,CH1,POWER,3.65
1765620079756,CH1,POWER,3.65
1765620079763,CH1,POWER,3.65
1765620079768,CH1,POWER,3.65
1765620079772,CH1,POWER,3.65
1765620079776,CH1,POWER,3.65
1765620079782,CH1,POWER,3.65
1765620079787,CH1,POWER,3.65
1765620079792,CH1,POWER,3.65
1765620079797,CH1,POWER,3.65
1765620079803,CH1,POWER,3.65
1765620079808,CH1,POWER,3.65
1765620079812,CH1,POWER,3.65
1765620079817,CH1,POWER,3.65
1765620079823,CH1,POWER,3.65
1765620079828,CH1,POWER,3.65
1765620079833,CH1,POWER,3.65
1765620079838,CH1,POWER,3.65
1765620079842,CH1,POWER,3.65
1765620079846,CH1,POWER,3.65
1765620079852,CH1,POWER,3.65
1765620079857,CH1,POWER,3.65
1765620079862,CH1,POWER,3.65
1765620079868,CH1,POWER,3.65
1765620079873,CH1,POWER,3.65
1765620079878,CH1,POWER,3.65
1765620079883,CH1,POWER,3.65
1765620079888,CH1,POWER,3.65
1765620079892,CH1,POWER,3.65
1765620079897,CH1,POWER,3.65
1765620079902,CH1,POWER,3.65
1765620079906,CH1,POWER,3.65
1765620079913,CH1,POWER,3.65
1765620079918,CH1,POWER,3.65
1765620079922,CH1,POWER,3.65
1765620079927,CH1,POWER,3.65
1765620079931,CH1,POWER,3.65
1765620079936,CH1,POWER,3.65
1765620079943,CH1,POWER,3.65
1765620079948,CH1,POWER,3.65
1765620079952,CH1,POWER,3.65
1765620079957,CH1,POWER,3.65
1765620079963,CH1,POWER,3.65
1765620079968,CH1,POWER,3.65
1765620079973,CH1,POWER,3.65
1765620079978,CH1,POWER,3.65
1765620079983,CH1,POWER,3.65
1765620079988,CH1,POWER,3.65
1765620079992,CH1,POWER,3.65
1765620079996,CH1,POWER,3.65
1765620080003,CH1,POWER,3.65
1765620080008,CH1,POWER,3.65
1765620080013,CH1,POWER,3.65
1765620080018,CH1,POWER,3.65
1765620080023,CH1,POWER,3.65
1765620080028,CH1,POWER,3.65
1765620080032,CH1,POWER,3.65
1765620080036,CH1,POWER,3.65
1765620080043,CH1,POWER,3.65
1765620080048,CH1,POWER,3.65
1765620080053,CH1,POWER,3.65
1765620080058,CH1,POWER,3.65
1765620080063,CH1,POWER,3.65
1765620080068,CH1,POWER,3.65
1765620080072,CH1,POWER,3.65
1765620080075,CH1,POWER,3.65
1765620080077,CH1,POWER,3.65
1765620080105,CH1,POWER,3.65
1765620080110,CH1,POWER,3.65
1765620080114,CH1,POWER,3.65
1765620080119,CH1,POWER,3.65
1765620080124,CH1,POWER,3.65
1765620080128,CH1,POWER,3.65
1765620080135,CH1,POWER,3.65
1765620080140,CH1,POWER,3.65
1765620080144,CH1,POWER,3.65
1765620080148,CH1,POWER,3.65
1765620080155,CH1,POWER,3.65
1765620080160,CH1,POWER,3.65
1765620080164,CH1,POWER,3.65
1765620080168,CH1,POWER,3.65
1765620080174,CH1,POWER,3.65
1765620080178,CH1,POWER,3.65
1765620080184,CH1,POWER,3.65
1765620080188,CH1,POWER,3.65
1765620080194,CH1,POWER,3.65
1765620080198,CH1,POWER,3.65
1765620080204,CH1,POWER,3.65
1765620080208,CH1,POWER,3.65
1765620080214,CH1,POWER,3.65
1765620080219,CH1,POWER,3.65
1765620080224,CH1,POWER,3.65
1765620080228,CH1,POWER,3.65
1765620080235,CH1,POWER,3.65
1765620080243,CH1,POWER,3.65
1765620080248,CH1,POWER,3.65
1765620080255,CH1,POWER,3.65
1765620080260,CH1,POWER,3.65
1765620080264,CH1,POWER,3.65
1765620080270,CH1,POWER,3.65
1765620080274,CH1,POWER,3.65
1765620080283,CH1,POWER,3.65
1765620080288,CH1,POWER,3.65
1765620080294,CH1,POWER,3.65
1765620080303,CH1,POWER,3.65
1765620080308,CH1,POWER,3.65
1765620080314,CH1,POWER,3.65
1765620080323,CH1,POWER,3.65
1765620080328,CH1,POWER,3.65
1765620080335,CH1,POWER,3.65
1765620080340,CH1,POWER,3.65
1765620080345,CH1,POWER,3.65
1765620080350,CH1,POWER,3.65
1765620080354,CH1,POWER,3.65
1765620080362,CH1,POWER,3.65
1765620080368,CH1,POWER,3.65
1765620080375,CH1,POWER,3.65
1765620080380,CH1,POWER,3.65
1765620080385,CH1,POWER,3.65
1765620080390,CH1,POWER,3.65
1765620080394,CH1,POWER,3.65
1765620080399,CH1,POWER,3.65
1765620080403,CH1,POWER,3.65
1765620080407,CH1,POWER,3.65
1765620080412,CH1,POWER,3.65
1765620080416,CH1,POWER,3.65
1765620080422,CH1,POWER,3.65
1765620080427,CH1,POWER,3.65
1765620080431,CH1,POWER,3.65
1765620080435,CH1,POWER,3.65
1765620080443,CH1,POWER,3.65
1765620080448,CH1,POWER,3.65
1765620080455,CH1,POWER,3.65
1765620080460,CH1,POWER,3.65
1765620080464,CH1,POWER,3.65
1765620080467,CH1,POWER,3.80
1765620080469,CH1,POWER,3.80
1765620080497,CH1,POWER,3.80
1765620080502,CH1,POWER,3.80
1765620080506,CH1,POWER,3.80
1765620080510,CH1,POWER,3.80
1765620080517,CH1,POWER,3.80
1765620080522,CH1,POWER,3.80
1765620080527,CH1,POWER,3.80
1765620080532,CH1,POWER,3.80
1765620080537,CH1,POWER,3.80
1765620080544,CH1,POWER,3.80
1765620080548,CH1,POWER,3.80
1765620080554,CH1,POWER,3.80
1765620080560,CH1,POWER,3.80
1765620080566,CH1,POWER,3.80
1765620080571,CH1,POWER,3.80
1765620080575,CH1,POWER,3.80
1765620080579,CH1,POWER,3.80
1765620080587,CH1,POWER,3.80
1765620080592,CH1,POWER,3.80
1765620080596,CH1,POWER,3.80
1765620080602,CH1,POWER,3.80
1765620080607,CH1,POWER,3.80
1765620080612,CH1,POWER,3.80
1765620080616,CH1,POWER,3.80
1765620080625,CH1,POWER,3.80
1765620080630,CH1,POWER,3.80
1765620080636,CH1,POWER,3.80
1765620080642,CH1,POWER,3.80
1765620080646,CH1,POWER,3.80
1765620080652,CH1,POWER,3.80
1765620080657,CH1,POWER,3.80
1765620080665,CH1,POWER,3.80
1765620080670,CH1,POWER,3.80
1765620080677,CH1,POWER,3.80
1765620080682,CH1,POWER,3.80
1765620080687,CH1,POWER,3.80
1765620080692,CH1,POWER,3.80
1765620080697,CH1,POWER,3.80
1765620080705,CH1,POWER,3.80
1765620080710,CH1,POWER,3.80
1765620080717,CH1,POWER,3.80
1765620080722,CH1,POWER,3.80
1765620080727,CH1,POWER,3.80
1765620080732,CH1,POWER,3.80
1765620080737,CH1,POWER,3.80
1765620080742,CH1,POWER,3.80
1765620080746,CH1,POWER,3.80
1765620080751,CH1,POWER,3.80
1765620080757,CH1,POWER,3.80
1765620080762,CH1,POWER,3.80
1765620080766,CH1,POWER,3.80
1765620080772,CH1,POWER,3.80
1765620080777,CH1,POWER,3.80
1765620080782,CH1,POWER,3.80
1765620080786,CH1,POWER,3.80
1765620080790,CH1,POWER,3.80
1765620080797,CH1,POWER,3.80
1765620080802,CH1,POWER,3.80
1765620080806,CH1,POWER,3.80
1765620080812,CH1,POWER,3.80
1765620080816,CH1,POWER,3.80
1765620080822,CH1,POWER,3.80
1765620080826,CH1,POWER,3.80
1765620080830,CH1,POWER,3.80
1765620080837,CH1,POWER,3.80
1765620080842,CH1,POWER,3.80
1765620080847,CH1,POWER,3.80
1765620080851,CH1,POWER,3.70
1765620080879,CH1,POWER,3.70
1765620080884,CH1,POWER,3.70
1765620080888,CH1,POWER,3.70
1765620080894,CH1,POWER,3.70
1765620080899,CH1,POWER,3.70
1765620080904,CH1,POWER,3.70
1765620080908,CH1,POWER,3.70
1765620080917,CH1,POWER,3.70
1765620080922,CH1,POWER,3.70
1765620080929,CH1,POWER,3.70
1765620080934,CH1,POWER,3.70
1765620080939,CH1,POWER,3.70
1765620080944,CH1,POWER,3.70
1765620080949,CH1,POWER,3.70
1765620080954,CH1,POWER,3.70
1765620080958,CH1,POWER,3.70
1765620080964,CH1,POWER,3.70
1765620080968,CH1,POWER,3.70
1765620080974,CH1,POWER,3.70
1765620080979,CH1,POWER,3.70
1765620080984,CH1,POWER,3.70
1765620080988,CH1,POWER,3.70
1765620080994,CH1,POWER,3.70
1765620080998,CH1,POWER,3.70
1765620081004,CH1,POWER,3.70
1765620081008,CH1,POWER,3.70
1765620081012,CH1,POWER,3.70
1765620081018,CH1,POWER,3.70
1765620081022,CH1,POWER,3.70
1765620081029,CH1,POWER,3.70
1765620081034,CH1,POWER,3.70
1765620081039,CH1,POWER,3.70
1765620081044,CH1,POWER,3.70
1765620081049,CH1,POWER,3.70
1765620081054,CH1,POWER,3.70
1765620081058,CH1,POWER,3.70
1765620081064,CH1,POWER,3.70
1765620081069,CH1,POWER,3.70
1765620081074,CH1,POWER,3.70
1765620081078,CH1,POWER,3.70
1765620081083,CH1,POWER,3.70
1765620081087,CH1,POWER,3.70
1765620081093,CH1,POWER,3.70
1765620081097,CH1,POWER,3.70
1765620081101,CH1,POWER,3.70
1765620081106,CH1,POWER,3.70
1765620081111,CH1,POWER,3.70
1765620081115,CH1,POWER,3.70
1765620081120,CH1,POWER,3.70
1765620081126,CH1,POWER,3.70
1765620081131,CH1,POWER,3.70
1765620081136,CH1,POWER,3.70
1765620081140,CH1,POWER,3.70
1765620081146,CH1,POWER,3.70
1765620081150,CH1,POWER,3.70
1765620081156,CH1,POWER,3.70
1765620081162,CH1,POWER,3.70
1765620081167,CH1,POWER,3.70
1765620081172,CH1,POWER,3.70
1765620081178,CH1,POWER,3.70
1765620081187,CH1,POWER,3.70
1765620081191,CH1,POWER,3.70
1765620081198,CH1,POWER,3.70
1765620081202,CH1,POWER,3.70
1765620081209,CH1,POWER,3.70
1765620081214,CH1,POWER,3.70
1765620081218,CH1,POWER,3.70
1765620081222,CH1,POWER,3.70
1765620081229,CH1,POWER,3.70
1765620081234,CH1,POWER,3.70
1765620081238,CH1,POWER,3.70
1765620081242,CH1,POWER,3.70
1765620081248,CH1,POWER,3.70
1765620081251,CH1,POWER,3.65
1765620081276,CH1,POWER,3.65
1765620081281,CH1,POWER,3.65
1765620081286,CH1,POWER,3.65
1765620081291,CH1,POWER,3.65
1765620081296,CH1,POWER,3.65
1765620081300,CH1,POWER,3.65
1765620081305,CH1,POWER,3.65
1765620081309,CH1,POWER,3.65
1765620081314,CH1,POWER,3.65
1765620081319,CH1,POWER,3.65
1765620081326,CH1,POWER,3.65
1765620081330,CH1,POWER,3.65
1765620081339,CH1,POWER,3.65
1765620081345,CH1,POWER,3.65
1765620081350,CH1,POWER,3.65
1765620081354,CH1,POWER,3.65
1765620081359,CH1,POWER,3.65
1765620081366,CH1,POWER,3.65
1765620081370,CH1,POWER,3.65
1765620081379,CH1,POWER,3.65
1765620081384,CH1,POWER,3.65
1765620081391,CH1,POWER,3.65
1765620081396,CH1,POWER,3.65
1765620081401,CH1,POWER,3.65
1765620081406,CH1,POWER,3.65
1765620081411,CH1,POWER,3.65
1765620081416,CH1,POWER,3.65
1765620081420,CH1,POWER,3.65
1765620081425,CH1,POWER,3.65
1765620081430,CH1,POWER,3.65
1765620081435,CH1,POWER,3.65
1765620081440,CH1,POWER,3.65
1765620081445,CH1,POWER,3.65
1765620081449,CH1,POWER,3.65
1765620081456,CH1,POWER,3.65
1765620081460,CH1,POWER,3.65
1765620081466,CH1,POWER,3.65
1765620081470,CH1,POWER,3.65
1765620081475,CH1,POWER,3.65
1765620081479,CH1,POWER,3.65
1765620081484,CH1,POWER,3.65
1765620081490,CH1,POWER,3.65
1765620081499,CH1,POWER,3.65
1765620081504,CH1,POWER,3.65
1765620081511,CH1,POWER,3.65
1765620081516,CH1,POWER,3.65
1765620081521,CH1,POWER,3.65
1765620081526,CH1,POWER,3.65
1765620081530,CH1,POWER,3.65
1765620081536,CH1,POWER,3.65
1765620081540,CH1,POWER,3.65
1765620081546,CH1,POWER,3.65
1765620081550,CH1,POWER,3.65
1765620081555,CH1,POWER,3.65
1765620081559,CH1,POWER,3.65
1765620081563,CH1,POWER,3.65
1765620081570,CH1,POWER,3.65
1765620081574,CH1,POWER,3.65
1765620081580,CH1,POWER,3.65
1765620081586,CH1,POWER,3.65
1765620081591,CH1,POWER,3.65
1765620081596,CH1,POWER,3.65
1765620081601,CH1,POWER,3.65
1765620081606,CH1,POWER,3.65
1765620081610,CH1,POWER,3.65
1765620081616,CH1,POWER,3.65
1765620081621,CH1,POWER,3.65
1765620081626,CH1,POWER,3.65
1765620081630,CH1,POWER,3.65
1765620081637,CH1,POWER,3.65
1765620081640,CH1,POWER,3.75
1765620081642,CH1,POWER,3.75
1765620081645,CH1,POWER,3.75
1765620081673,CH1,POWER,3.75
1765620081678,CH1,POWER,3.75
1765620081682,CH1,POWER,3.75
1765620081686,CH1,POWER,3.75
1765620081693,CH1,POWER,3.75
1765620081698,CH1,POWER,3.75
1765620081703,CH1,POWER,3.75
1765620081708,CH1,POWER,3.75
1765620081712,CH1,POWER,3.75
1765620081716,CH1,POWER,3.75
1765620081722,CH1,POWER,3.75
1765620081727,CH1,POWER,3.75
1765620081731,CH1,POWER,3.75
1765620081736,CH1,POWER,3.75
1765620081742,CH1,POWER,3.75
1765620081747,CH1,POWER,3.75
1765620081751,CH1,POWER,3.75
1765620081755,CH1,POWER,3.75
1765620081763,CH1,POWER,3.75
1765620081768,CH1,POWER,3.75
1765620081772,CH1,POWER,3.75
1765620081776,CH1,POWER,3.75
1765620081782,CH1,POWER,3.75
1765620081791,CH1,POWER,3.75
1765620081795,CH1,POWER,3.75
1765620081803,CH1,POWER,3.75
1765620081808,CH1,POWER,3.75
1765620081813,CH1,POWER,3.75
1765620081818,CH1,POWER,3.75
1765620081822,CH1,POWER,3.75
1765620081826,CH1,POWER,3.75
1765620081832,CH1,POWER,3.75
1765620081836,CH1,POWER,3.75
1765620081842,CH1,POWER,3.75
1765620081846,CH1,POWER,3.75
1765620081853,CH1,POWER,3.75
1765620081858,CH1,POWER,3.75
1765620081863,CH1,POWER,3.75
1765620081868,CH1,POWER,3.75
1765620081872,CH1,POWER,3.75
1765620081876,CH1,POWER,3.75
1765620081883,CH1,POWER,3.75
1765620081888,CH1,POWER,3.75
1765620081892,CH1,POWER,3.75
1765620081898,CH1,POWER,3.75
1765620081902,CH1,POWER,3.75
1765620081906,CH1,POWER,3.75
1765620081911,CH1,POWER,3.75
1765620081916,CH1,POWER,3.75
1765620081922,CH1,POWER,3.75
1765620081928,CH1,POWER,3.75
1765620081932,CH1,POWER,3.75
1765620081938,CH1,POWER,3.75
1765620081942,CH1,POWER,3.75
1765620081946,CH1,POWER,3.75
1765620081952,CH1,POWER,3.75
1765620081956,CH1,POWER,3.75
1765620081962,CH1,POWER,3.75
1765620081966,CH1,POWER,3.75
1765620081972,CH1,POWER,3.75
1765620081979,CH1,POWER,3.75
1765620081983,CH1,POWER,3.75
1765620081991,CH1,POWER,3.75
1765620081995,CH1,POWER,3.75
1765620082000,CH1,POWER,3.75
1765620082004,CH1,POWER,3.75
1765620082010,CH1,POWER,3.75
1765620082015,CH1,POWER,3.75
1765620082022,CH1,POWER,3.75
1765620082026,CH1,POWER,3.85
1765620082052,CH1,POWER,3.85
1765620082056,CH1,POWER,3.85
1765620082061,CH1,POWER,3.85
1765620082065,CH1,POWER,3.85
1765620082070,CH1,POWER,3.85
1765620082074,CH1,POWER,3.85
1765620082079,CH1,POWER,3.85
1765620082083,CH1,POWER,3.85
1765620082090,CH1,POWER,3.85
1765620082094,CH1,POWER,3.85
1765620082098,CH1,POWER,3.85
1765620082103,CH1,POWER,3.85
1765620082109,CH1,POWER,3.85
1765620082113,CH1,POWER,3.85
1765620082118,CH1,POWER,3.85
1765620082124,CH1,POWER,3.85
1765620082131,CH1,POWER,3.85
1765620082135,CH1,POWER,3.85
1765620082142,CH1,POWER,3.85
1765620082146,CH1,POWER,3.85
1765620082152,CH1,POWER,3.85
1765620082156,CH1,POWER,3.85
1765620082164,CH1,POWER,3.85
1765620082170,CH1,POWER,3.85
1765620082175,CH1,POWER,3.85
1765620082180,CH1,POWER,3.85
1765620082184,CH1,POWER,3.85
1765620082192,CH1,POWER,3.85
1765620082196,CH1,POWER,3.85
1765620082202,CH1,POWER,3.85
1765620082206,CH1,POWER,3.85
1765620082212,CH1,POWER,3.85
1765620082218,CH1,POWER,3.85
1765620082223,CH1,POWER,3.85
1765620082230,CH1,POWER,3.85
1765620082234,CH1,POWER,3.85
1765620082240,CH1,POWER,3.85
1765620082244,CH1,POWER,3.85
1765620082248,CH1,POWER,3.85
1765620082255,CH1,POWER,3.85
1765620082260,CH1,POWER,3.85
1765620082264,CH1,POWER,3.85
1765620082268,CH1,POWER,3.85
1765620082274,CH1,POWER,3.85
1765620082278,CH1,POWER,3.85
1765620082284,CH1,POWER,3.85
1765620082288,CH1,POWER,3.85
1765620082293,CH1,POWER,3.85
1765620082300,CH1,POWER,3.85
1765620082305,CH1,POWER,3.85
1765620082310,CH1,POWER,3.85
1765620082314,CH1,POWER,3.85
1765620082318,CH1,POWER,3.85
1765620082323,CH1,POWER,3.85
1765620082330,CH1,POWER,3.85
1765620082335,CH1,POWER,3.85
1765620082340,CH1,POWER,3.85
1765620082344,CH1,POWER,3.85
1765620082348,CH1,POWER,3.85
1765620082353,CH1,POWER,3.85
1765620082357,CH1,POWER,3.85
1765620082361,CH1,POWER,3.85
1765620082365,CH1,POWER,3.85
1765620082370,CH1,POWER,3.85
1765620082374,CH1,POWER,3.85
1765620082378,CH1,POWER,3.85
1765620082384,CH1,POWER,3.85
1765620082389,CH1,POWER,3.85
1765620082393,CH1,POWER,3.85
1765620082400,CH1,POWER,3.85
1765620082404,CH1,POWER,3.85
1765620082408,CH1,POWER,3.85
1765620082414,CH1,POWER,3.85
1765620082420,CH1,POWER,3.85
1765620082422,CH1,POWER,3.90
1765620082425,CH1,POWER,3.90
1765620082428,CH1,POWER,3.90
1765620082454,CH1,POWER,3.90
1765620082458,CH1,POWER,3.90
1765620082463,CH1,POWER,3.90
1765620082468,CH1,POWER,3.90
1765620082477,CH1,POWER,3.90
1765620082482,CH1,POWER,3.90
1765620082487,CH1,POWER,3.90
1765620082492,CH1,POWER,3.90
1765620082496,CH1,POWER,3.90
1765620082500,CH1,POWER,3.90
1765620082506,CH1,POWER,3.90
1765620082510,CH1,POWER,3.90
1765620082516,CH1,POWER,3.90
1765620082520,CH1,POWER,3.90
1765620082526,CH1,POWER,3.90
1765620082535,CH1,POWER,3.90
1765620082539,CH1,POWER,3.90
1765620082547,CH1,POWER,3.90
1765620082552,CH1,POWER,3.90
1765620082556,CH1,POWER,3.90
1765620082560,CH1,POWER,3.90
1765620082566,CH1,POWER,3.90
1765620082572,CH1,POWER,3.90
1765620082576,CH1,POWER,3.90
1765620082580,CH1,POWER,3.90
1765620082586,CH1,POWER,3.90
1765620082590,CH1,POWER,3.90
1765620082596,CH1,POWER,3.90
1765620082600,CH1,POWER,3.90
1765620082606,CH1,POWER,3.90
1765620082610,CH1,POWER,3.90
1765620082616,CH1,POWER,3.90
1765620082620,CH1,POWER,3.90
1765620082626,CH1,POWER,3.90
1765620082632,CH1,POWER,3.90
1765620082636,CH1,POWER,3.90
1765620082640,CH1,POWER,3.90
1765620082646,CH1,POWER,3.90
1765620082650,CH1,POWER,3.90
1765620082656,CH1,POWER,3.90
1765620082660,CH1,POWER,3.90
1765620082665,CH1,POWER,3.90
1765620082672,CH1,POWER,3.90
1765620082676,CH1,POWER,3.90
1765620082682,CH1,POWER,3.90
1765620082686,CH1,POWER,3.90
1765620082692,CH1,POWER,3.90
1765620082696,CH1,POWER,3.90
1765620082700,CH1,POWER,3.90
1765620082705,CH1,POWER,3.90
1765620082712,CH1,POWER,3.90
1765620082716,CH1,POWER,3.90
1765620082721,CH1,POWER,3.90
1765620082725,CH1,POWER,3.90
1765620082732,CH1,POWER,3.90
1765620082736,CH1,POWER,3.90
1765620082740,CH1,POWER,3.90
1765620082745,CH1,POWER,3.90
1765620082752,CH1,POWER,3.90
1765620082756,CH1,POWER,3.90
1765620082762,CH1,POWER,3.90
1765620082766,CH1,POWER,3.90
1765620082774,CH1,POWER,3.90
1765620082778,CH1,POWER,3.90
1765620082784,CH1,POWER,3.90
1765620082789,CH1,POWER,3.90
1765620082796,CH1,POWER,3.90
1765620082802,CH1,POWER,3.90
1765620082806,CH1,POWER,3.90
1765620082812,CH1,POWER,3.90
1765620082816,CH1,POWER,3.90
1765620082822,CH1,POWER,3.90
1765620082825,CH1,POWER,3.85
1765620082828,CH1,POWER,3.85
1765620082830,CH1,POWER,3.85
1765620082857,CH1,POWER,3.85
1765620082861,CH1,POWER,3.85
1765620082865,CH1,POWER,3.85
1765620082869,CH1,POWER,3.85
1765620082874,CH1,POWER,3.85
1765620082878,CH1,POWER,3.85
1765620082882,CH1,POWER,3.85
1765620082888,CH1,POWER,3.85
1765620082894,CH1,POWER,3.85
1765620082898,CH1,POWER,3.85
1765620082904,CH1,POWER,3.85
1765620082908,CH1,POWER,3.85
1765620082912,CH1,POWER,3.85
1765620082917,CH1,POWER,3.85
1765620082921,CH1,POWER,3.85
1765620082925,CH1,POWER,3.85
1765620082929,CH1,POWER,3.85
1765620082936,CH1,POWER,3.85
1765620082941,CH1,POWER,3.85
1765620082948,CH1,POWER,3.85
1765620082952,CH1,POWER,3.85
1765620082957,CH1,POWER,3.85
1765620082964,CH1,POWER,3.85
1765620082968,CH1,POWER,3.85
1765620082974,CH1,POWER,3.85
1765620082978,CH1,POWER,3.85
1765620082982,CH1,POWER,3.85
1765620082988,CH1,POWER,3.85
1765620082992,CH1,POWER,3.85
1765620082998,CH1,POWER,3.85
1765620083004,CH1,POWER,3.85
1765620083008,CH1,POWER,3.85
1765620083014,CH1,POWER,3.85
1765620083018,CH1,POWER,3.85
1765620083022,CH1,POWER,3.85
1765620083027,CH1,POWER,3.85
1765620083034,CH1,POWER,3.85
1765620083038,CH1,POWER,3.85
1765620083044,CH1,POWER,3.85
1765620083048,CH1,POWER,3.85
1765620083052,CH1,POWER,3.85
1765620083058,CH1,POWER,3.85
1765620083062,CH1,POWER,3.85
1765620083068,CH1,POWER,3.85
1765620083074,CH1,POWER,3.85
1765620083078,CH1,POWER,3.85
1765620083084,CH1,POWER,3.85
1765620083088,CH1,POWER,3.85
1765620083092,CH1,POWER,3.85
1765620083097,CH1,POWER,3.85
1765620083104,CH1,POWER,3.85
1765620083108,CH1,POWER,3.85
1765620083114,CH1,POWER,3.85
1765620083118,CH1,POWER,3.85
1765620083124,CH1,POWER,3.85
1765620083128,CH1,POWER,3.85
1765620083132,CH1,POWER,3.85
1765620083137,CH1,POWER,3.85
1765620083144,CH1,POWER,3.85
1765620083148,CH1,POWER,3.85
1765620083154,CH1,POWER,3.85
1765620083158,CH1,POWER,3.85
1765620083162,CH1,POWER,3.85
1765620083168,CH1,POWER,3.85
1765620083172,CH1,POWER,3.85
1765620083178,CH1,POWER,3.85
1765620083182,CH1,POWER,3.85
1765620083188,CH1,POWER,3.85
1765620083194,CH1,POWER,3.85
1765620083198,CH1,POWER,3.85
1765620083202,CH1,POWER,3.85
1765620083207,CH1,POWER,3.85
1765620083214,CH1,POWER,3.85
1765620083218,CH1,POWER,3.85
1765620083221,CH1,POWER,3.90
1765620083247,CH1,POWER,3.90
1765620083252,CH1,POWER,3.90
1765620083257,CH1,POWER,3.90
1765620083261,CH1,POWER,3.90
1765620083266,CH1,POWER,3.90
1765620083270,CH1,POWER,3.90
1765620083274,CH1,POWER,3.90
1765620083279,CH1,POWER,3.90
1765620083284,CH1,POWER,3.90
1765620083290,CH1,POWER,3.90
1765620083296,CH1,POWER,3.90
1765620083300,CH1,POWER,3.90
1765620083304,CH1,POWER,3.90
1765620083310,CH1,POWER,3.90
1765620083316,CH1,POWER,3.90
1765620083320,CH1,POWER,3.90
1765620083324,CH1,POWER,3.90
1765620083330,CH1,POWER,3.90
1765620083336,CH1,POWER,3.90
1765620083340,CH1,POWER,3.90
1765620083344,CH1,POWER,3.90
1765620083350,CH1,POWER,3.90
1765620083356,CH1,POWER,3.90
1765620083360,CH1,POWER,3.90
1765620083364,CH1,POWER,3.90
1765620083370,CH1,POWER,3.90
1765620083376,CH1,POWER,3.90
1765620083380,CH1,POWER,3.90
1765620083384,CH1,POWER,3.90
1765620083390,CH1,POWER,3.90
1765620083396,CH1,POWER,3.90
1765620083400,CH1,POWER,3.90
1765620083406,CH1,POWER,3.90
1765620083410,CH1,POWER,3.90
1765620083414,CH1,POWER,3.90
1765620083420,CH1,POWER,3.90
1765620083426,CH1,POWER,3.90
1765620083430,CH1,POWER,3.90
1765620083434,CH1,POWER,3.90
1765620083439,CH1,POWER,3.90
1765620083443,CH1,POWER,3.90
1765620083450,CH1,POWER,3.90
1765620083456,CH1,POWER,3.90
1765620083460,CH1,POWER,3.90
1765620083464,CH1,POWER,3.90
1765620083470,CH1,POWER,3.90
1765620083476,CH1,POWER,3.90
1765620083480,CH1,POWER,3.90
1765620083484,CH1,POWER,3.90
1765620083490,CH1,POWER,3.90
1765620083496,CH1,POWER,3.90
1765620083500,CH1,POWER,3.90
1765620083504,CH1,POWER,3.90
1765620083509,CH1,POWER,3.90
1765620083514,CH1,POWER,3.90
1765620083520,CH1,POWER,3.90
1765620083526,CH1,POWER,3.90
1765620083530,CH1,POWER,3.90
1765620083534,CH1,POWER,3.90
1765620083540,CH1,POWER,3.90
1765620083544,CH1,POWER,3.90
1765620083550,CH1,POWER,3.90
1765620083556,CH1,POWER,3.90
1765620083560,CH1,POWER,3.90
1765620083566,CH1,POWER,3.90
1765620083570,CH1,POWER,3.90
1765620083574,CH1,POWER,3.90
1765620083580,CH1,POWER,3.90
1765620083586,CH1,POWER,3.90
1765620083590,CH1,POWER,3.90
1765620083594,CH1,POWER,3.90
1765620083600,CH1,POWER,3.90
1765620083606,CH1,POWER,3.90
1765620083610,CH1,POWER,3.90
1765620083613,CH1,POWER,3.80
1765620083639,CH1,POWER,3.80
1765620083644,CH1,POWER,3.80
1765620083649,CH1,POWER,3.80
1765620083654,CH1,POWER,3.80
1765620083659,CH1,POWER,3.80
1765620083664,CH1,POWER,3.80
1765620083670,CH1,POWER,3.80
1765620083675,CH1,POWER,3.80
1765620083682,CH1,POWER,3.80
1765620083686,CH1,POWER,3.80
1765620083691,CH1,POWER,3.80
1765620083695,CH1,POWER,3.80
1765620083701,CH1,POWER,3.80
1765620083705,CH1,POWER,3.80
1765620083709,CH1,POWER,3.80
1765620083713,CH1,POWER,3.80
1765620083720,CH1,POWER,3.80
1765620083724,CH1,POWER,3.80
1765620083729,CH1,POWER,3.80
1765620083733,CH1,POWER,3.80
1765620083738,CH1,POWER,3.80
1765620083742,CH1,POWER,3.80
1765620083746,CH1,POWER,3.80
1765620083752,CH1,POWER,3.80
1765620083760,CH1,POWER,3.80
1765620083765,CH1,POWER,3.80
1765620083772,CH1,POWER,3.80
1765620083776,CH1,POWER,3.80
1765620083782,CH1,POWER,3.80
1765620083786,CH1,POWER,3.80
1765620083792,CH1,POWER,3.80
1765620083798,CH1,POWER,3.80
1765620083802,CH1,POWER,3.80
1765620083806,CH1,POWER,3.80
1765620083812,CH1,POWER,3.80
1765620083818,CH1,POWER,3.80
1765620083822,CH1,POWER,3.80
1765620083826,CH1,POWER,3.80
1765620083832,CH1,POWER,3.80
1765620083838,CH1,POWER,3.80
1765620083842,CH1,POWER,3.80
1765620083848,CH1,POWER,3.80
1765620083852,CH1,POWER,3.80
1765620083856,CH1,POWER,3.80
1765620083862,CH1,POWER,3.80
1765620083868,CH1,POWER,3.80
1765620083872,CH1,POWER,3.80
1765620083876,CH1,POWER,3.80
1765620083882,CH1,POWER,3.80
1765620083886,CH1,POWER,3.80
1765620083892,CH1,POWER,3.80
1765620083896,CH1,POWER,3.80
1765620083901,CH1,POWER,3.80
1765620083905,CH1,POWER,3.80
1765620083909,CH1,POWER,3.80
1765620083914,CH1,POWER,3.80
1765620083920,CH1,POWER,3.80
1765620083925,CH1,POWER,3.80
1765620083932,CH1,POWER,3.80
1765620083936,CH1,POWER,3.80
1765620083941,CH1,POWER,3.80
1765620083945,CH1,POWER,3.80
1765620083949,CH1,POWER,3.80
1765620083954,CH1,POWER,3.80
1765620083960,CH1,POWER,3.80
1765620083965,CH1,POWER,3.80
1765620083972,CH1,POWER,3.80
1765620083976,CH1,POWER,3.80
1765620083981,CH1,POWER,3.80
1765620083986,CH1,POWER,3.80
1765620083992,CH1,POWER,3.80
1765620083998,CH1,POWER,3.80
1765620084000,CH1,POWER,3.80
1765620084003,CH1,POWER,3.80
1765620084005,CH1,POWER,3.80
1765620084031,CH1,POWER,3.80
1765620084036,CH1,POWER,3.80
1765620084042,CH1,POWER,3.80
1765620084047,CH1,POWER,3.80
1765620084054,CH1,POWER,3.80
1765620084058,CH1,POWER,3.80
1765620084063,CH1,POWER,3.80
1765620084067,CH1,POWER,3.80
1765620084071,CH1,POWER,3.80
1765620084075,CH1,POWER,3.80
1765620084080,CH1,POWER,3.80
1765620084084,CH1,POWER,3.80
1765620084090,CH1,POWER,3.80
1765620084094,CH1,POWER,3.80
1765620084100,CH1,POWER,3.80
1765620084104,CH1,POWER,3.80
1765620084108,CH1,POWER,3.80
1765620084114,CH1,POWER,3.80
1765620084118,CH1,POWER,3.80
1765620084124,CH1,POWER,3.80
1765620084130,CH1,POWER,3.80
1765620084134,CH1,POWER,3.80
1765620084138,CH1,POWER,3.80
1765620084144,CH1,POWER,3.80
1765620084148,CH1,POWER,3.80
1765620084153,CH1,POWER,3.80
1765620084157,CH1,POWER,3.80
1765620084164,CH1,POWER,3.80
1765620084170,CH1,POWER,3.80
1765620084174,CH1,POWER,3.80
1765620084180,CH1,POWER,3.80
1765620084184,CH1,POWER,3.80
1765620084188,CH1,POWER,3.80
1765620084194,CH1,POWER,3.80
1765620084200,CH1,POWER,3.80
1765620084204,CH1,POWER,3.80
1765620084208,CH1,POWER,3.80
1765620084214,CH1,POWER,3.80
1765620084220,CH1,POWER,3.80
1765620084224,CH1,POWER,3.80
1765620084230,CH1,POWER,3.80
1765620084234,CH1,POWER,3.80
1765620084238,CH1,POWER,3.80
1765620084244,CH1,POWER,3.80
1765620084252,CH1,POWER,3.80
1765620084257,CH1,POWER,3.80
1765620084263,CH1,POWER,3.80
1765620084268,CH1,POWER,3.80
1765620084274,CH1,POWER,3.80
1765620084280,CH1,POWER,3.80
1765620084284,CH1,POWER,3.80
1765620084290,CH1,POWER,3.80
1765620084294,CH1,POWER,3.80
1765620084298,CH1,POWER,3.80
1765620084304,CH1,POWER,3.80
1765620084308,CH1,POWER,3.80
1765620084314,CH1,POWER,3.80
1765620084318,CH1,POWER,3.80
1765620084324,CH1,POWER,3.80
1765620084328,CH1,POWER,3.80
1765620084334,CH1,POWER,3.80
1765620084338,CH1,POWER,3.80
1765620084344,CH1,POWER,3.80
1765620084350,CH1,POWER,3.80
1765620084354,CH1,POWER,3.80
1765620084360,CH1,POWER,3.80
1765620084364,CH1,POWER,3.80
1765620084368,CH1,POWER,3.80
1765620084374,CH1,POWER,3.80
1765620084380,CH1,POWER,3.80
1765620084384,CH1,POWER,3.80
1765620084388,CH1,POWER,3.80
1765620084393,CH1,POWER,3.80
1765620084395,CH1,POWER,3.90
1765620084398,CH1,POWER,3.90
1765620084425,CH1,POWER,3.90
1765620084430,CH1,POWER,3.90
1765620084435,CH1,POWER,3.90
1765620084439,CH1,POWER,3.90
1765620084446,CH1,POWER,3.90
1765620084452,CH1,POWER,3.90
1765620084456,CH1,POWER,3.90
1765620084462,CH1,POWER,3.90
1765620084466,CH1,POWER,3.90
1765620084472,CH1,POWER,3.90
1765620084476,CH1,POWER,3.90
1765620084482,CH1,POWER,3.90
1765620084486,CH1,POWER,3.90
1765620084490,CH1,POWER,3.90
1765620084496,CH1,POWER,3.90
1765620084502,CH1,POWER,3.90
1765620084506,CH1,POWER,3.90
1765620084512,CH1,POWER,3.90
1765620084516,CH1,POWER,3.90
1765620084520,CH1,POWER,3.90
1765620084525,CH1,POWER,3.90
1765620084529,CH1,POWER,3.90
1765620084533,CH1,POWER,3.90
1765620084538,CH1,POWER,3.90
1765620084544,CH1,POWER,3.90
1765620084548,CH1,POWER,3.90
1765620084554,CH1,POWER,3.90
1765620084558,CH1,POWER,3.90
1765620084564,CH1,POWER,3.90
1765620084569,CH1,POWER,3.90
1765620084573,CH1,POWER,3.90
1765620084577,CH1,POWER,3.90
1765620084582,CH1,POWER,3.90
1765620084586,CH1,POWER,3.90
1765620084592,CH1,POWER,3.90
1765620084596,CH1,POWER,3.90
1765620084600,CH1,POWER,3.90
1765620084606,CH1,POWER,3.90
1765620084612,CH1,POWER,3.90
1765620084616,CH1,POWER,3.90
1765620084620,CH1,POWER,3.90
1765620084626,CH1,POWER,3.90
1765620084632,CH1,POWER,3.90
1765620084636,CH1,POWER,3.90
1765620084642,CH1,POWER,3.90
1765620084646,CH1,POWER,3.90
1765620084650,CH1,POWER,3.90
1765620084656,CH1,POWER,3.90
1765620084662,CH1,POWER,3.90
1765620084666,CH1,POWER,3.90
1765620084670,CH1,POWER,3.90
1765620084676,CH1,POWER,3.90
1765620084682,CH1,POWER,3.90
1765620084686,CH1,POWER,3.90
1765620084690,CH1,POWER,3.90
1765620084695,CH1,POWER,3.90
1765620084699,CH1,POWER,3.90
1765620084706,CH1,POWER,3.90
1765620084710,CH1,POWER,3.90
1765620084715,CH1,POWER,3.90
1765620084720,CH1,POWER,3.90
1765620084725,CH1,POWER,3.90
1765620084730,CH1,POWER,3.90
1765620084736,CH1,POWER,3.90
1765620084742,CH1,POWER,3.90
1765620084746,CH1,POWER,3.90
1765620084750,CH1,POWER,3.90
1765620084756,CH1,POWER,3.90
1765620084760,CH1,POWER,3.90
1765620084766,CH1,POWER,3.90
1765620084772,CH1,POWER,3.90
1765620084776,CH1,POWER,3.90
1765620084780,CH1,POWER,3.90
1765620084786,CH1,POWER,3.90
1765620084789,CH1,POWER,3.95
1765620084815,CH1,POWER,3.95
1765620084820,CH1,POWER,3.95
1765620084825,CH1,POWER,3.95
1765620084829,CH1,POWER,3.95
1765620084836,CH1,POWER,3.95
1765620084841,CH1,POWER,3.95
1765620084848,CH1,POWER,3.95
1765620084854,CH1,POWER,3.95
1765620084858,CH1,POWER,3.95
1765620084864,CH1,POWER,3.95
1765620084868,CH1,POWER,3.95
1765620084874,CH1,POWER,3.95
1765620084878,CH1,POWER,3.95
1765620084883,CH1,POWER,3.95
1765620084888,CH1,POWER,3.95
1765620084892,CH1,POWER,3.95
1765620084898,CH1,POWER,3.95
1765620084904,CH1,POWER,3.95
1765620084908,CH1,POWER,3.95
1765620084912,CH1,POWER,3.95
1765620084918,CH1,POWER,3.95
1765620084922,CH1,POWER,3.95
1765620084927,CH1,POWER,3.95
1765620084931,CH1,POWER,3.95
1765620084935,CH1,POWER,3.95
1765620084940,CH1,POWER,3.95
1765620084946,CH1,POWER,3.95
1765620084951,CH1,POWER,3.95
1765620084958,CH1,POWER,3.95
1765620084966,CH1,POWER,3.95
1765620084971,CH1,POWER,3.95
1765620084978,CH1,POWER,3.95
1765620084984,CH1,POWER,3.95
1765620084988,CH1,POWER,3.95
1765620084994,CH1,POWER,3.95
1765620084998,CH1,POWER,3.95
1765620085002,CH1,POWER,3.95
1765620085008,CH1,POWER,3.95
1765620085014,CH1,POWER,3.95
1765620085018,CH1,POWER,3.95
1765620085022,CH1,POWER,3.95
1765620085027,CH1,POWER,3.95
1765620085032,CH1,POWER,3.95
1765620085038,CH1,POWER,3.95
1765620085042,CH1,POWER,3.95
1765620085047,CH1,POWER,3.95
1765620085051,CH1,POWER,3.95
1765620085055,CH1,POWER,3.95
1765620085061,CH1,POWER,3.95
1765620085068,CH1,POWER,3.95
1765620085074,CH1,POWER,3.95
1765620085078,CH1,POWER,3.95
1765620085082,CH1,POWER,3.95
1765620085088,CH1,POWER,3.95
1765620085094,CH1,POWER,3.95
1765620085098,CH1,POWER,3.95
1765620085102,CH1,POWER,3.95
1765620085108,CH1,POWER,3.95
1765620085116,CH1,POWER,3.95
1765620085121,CH1,POWER,3.95
1765620085125,CH1,POWER,3.95
1765620085130,CH1,POWER,3.95
1765620085135,CH1,POWER,3.95
1765620085140,CH1,POWER,3.95
1765620085146,CH1,POWER,3.95
1765620085150,CH1,POWER,3.95
1765620085156,CH1,POWER,3.95
1765620085162,CH1,POWER,3.95
1765620085168,CH1,POWER,3.95
1765620085172,CH1,POWER,3.95
1765620085178,CH1,POWER,3.95
1765620085182,CH1,POWER,3.95
1765620085186,CH1,POWER,3.85
1765620085189,CH1,POWER,3.85
1765620085192,CH1,POWER,3.85
1765620085219,CH1,POWER,3.85
1765620085224,CH1,POWER,3.85
1765620085230,CH1,POWER,3.85
1765620085234,CH1,POWER,3.85
1765620085239,CH1,POWER,3.85
1765620085244,CH1,POWER,3.85
1765620085250,CH1,POWER,3.85
1765620085256,CH1,POWER,3.85
1765620085260,CH1,POWER,3.85
1765620085266,CH1,POWER,3.85
1765620085270,CH1,POWER,3.85
1765620085274,CH1,POWER,3.85
1765620085280,CH1,POWER,3.85
1765620085286,CH1,POWER,3.85
1765620085290,CH1,POWER,3.85
1765620085294,CH1,POWER,3.85
1765620085300,CH1,POWER,3.85
1765620085304,CH1,POWER,3.85
1765620085310,CH1,POWER,3.85
1765620085316,CH1,POWER,3.85
1765620085320,CH1,POWER,3.85
1765620085324,CH1,POWER,3.85
1765620085330,CH1,POWER,3.85
1765620085338,CH1,POWER,3.85
1765620085343,CH1,POWER,3.85
1765620085349,CH1,POWER,3.85
1765620085354,CH1,POWER,3.85
1765620085360,CH1,POWER,3.85
1765620085364,CH1,POWER,3.85
1765620085370,CH1,POWER,3.85
1765620085374,CH1,POWER,3.85
1765620085379,CH1,POWER,3.85
1765620085383,CH1,POWER,3.85
1765620085387,CH1,POWER,3.85
1765620085393,CH1,POWER,3.85
1765620085399,CH1,POWER,3.85
1765620085406,CH1,POWER,3.85
1765620085410,CH1,POWER,3.85
1765620085415,CH1,POWER,3.85
1765620085420,CH1,POWER,3.85
1765620085426,CH1,POWER,3.85
1765620085430,CH1,POWER,3.85
1765620085438,CH1,POWER,3.85
1765620085442,CH1,POWER,3.85
1765620085447,CH1,POWER,3.85
1765620085451,CH1,POWER,3.85
1765620085457,CH1,POWER,3.85
1765620085462,CH1,POWER,3.85
1765620085468,CH1,POWER,3.85
1765620085474,CH1,POWER,3.85
1765620085480,CH1,POWER,3.85
1765620085486,CH1,POWER,3.85
1765620085490,CH1,POWER,3.85
1765620085494,CH1,POWER,3.85
1765620085500,CH1,POWER,3.85
1765620085504,CH1,POWER,3.85
1765620085509,CH1,POWER,3.85
1765620085513,CH1,POWER,3.85
1765620085520,CH1,POWER,3.85
1765620085526,CH1,POWER,3.85
1765620085530,CH1,POWER,3.85
1765620085538,CH1,POWER,3.85
1765620085542,CH1,POWER,3.85
1765620085548,CH1,POWER,3.85
1765620085552,CH1,POWER,3.85
1765620085558,CH1,POWER,3.85
1765620085563,CH1,POWER,3.85
1765620085567,CH1,POWER,3.85
1765620085572,CH1,POWER,3.85
1765620085578,CH1,POWER,3.85
1765620085582,CH1,POWER,3.85
1765620085587,CH1,POWER,3.85
1765620085589,CH1,POWER,3.80
1765620085592,CH1,POWER,3.80
1765620085594,CH1,POWER,3.80
1765620085622,CH1,POWER,3.80
1765620085628,CH1,POWER,3.80
1765620085632,CH1,POWER,3.80
1765620085637,CH1,POWER,3.80
1765620085642,CH1,POWER,3.80
1765620085647,CH1,POWER,3.80
1765620085652,CH1,POWER,3.80
1765620085656,CH1,POWER,3.80
1765620085661,CH1,POWER,3.80
1765620085665,CH1,POWER,3.80
1765620085669,CH1,POWER,3.80
1765620085673,CH1,POWER,3.80
1765620085678,CH1,POWER,3.80
1765620085682,CH1,POWER,3.80
1765620085688,CH1,POWER,3.80
1765620085692,CH1,POWER,3.80
1765620085696,CH1,POWER,3.80
1765620085702,CH1,POWER,3.80
1765620085710,CH1,POWER,3.80
1765620085715,CH1,POWER,3.80
1765620085722,CH1,POWER,3.80
1765620085730,CH1,POWER,3.80
1765620085735,CH1,POWER,3.80
1765620085739,CH1,POWER,3.80
1765620085744,CH1,POWER,3.80
1765620085750,CH1,POWER,3.80
1765620085755,CH1,POWER,3.80
1765620085759,CH1,POWER,3.80
1765620085763,CH1,POWER,3.80
1765620085768,CH1,POWER,3.80
1765620085772,CH1,POWER,3.80
1765620085780,CH1,POWER,3.80
1765620085785,CH1,POWER,3.80
1765620085792,CH1,POWER,3.80
1765620085796,CH1,POWER,3.80
1765620085802,CH1,POWER,3.80
1765620085808,CH1,POWER,3.80
1765620085812,CH1,POWER,3.80
1765620085816,CH1,POWER,3.80
1765620085822,CH1,POWER,3.80
1765620085828,CH1,POWER,3.80
1765620085832,CH1,POWER,3.80
1765620085838,CH1,POWER,3.80
1765620085842,CH1,POWER,3.80
1765620085846,CH1,POWER,3.80
1765620085851,CH1,POWER,3.80
1765620085855,CH1,POWER,3.80
1765620085861,CH1,POWER,3.80
1765620085865,CH1,POWER,3.80
1765620085869,CH1,POWER,3.80
1765620085874,CH1,POWER,3.80
1765620085880,CH1,POWER,3.80
1765620085886,CH1,POWER,3.80
1765620085891,CH1,POWER,3.80
1765620085898,CH1,POWER,3.80
1765620085902,CH1,POWER,3.80
1765620085906,CH1,POWER,3.80
1765620085911,CH1,POWER,3.80
1765620085915,CH1,POWER,3.80
1765620085921,CH1,POWER,3.80
1765620085926,CH1,POWER,3.80
1765620085932,CH1,POWER,3.80
1765620085936,CH1,POWER,3.80
1765620085942,CH1,POWER,3.80
1765620085948,CH1,POWER,3.80
1765620085952,CH1,POWER,3.80
1765620085956,CH1,POWER,3.80
1765620085962,CH1,POWER,3.80
1765620085970,CH1,POWER,3.80
1765620085975,CH1,POWER,3.80
1765620085982,CH1,POWER,3.80
1765620085985,CH1,POWER,3.80
1765620086011,CH1,POWER,3.80
1765620086016,CH1,POWER,3.80
1765620086021,CH1,POWER,3.80
1765620086025,CH1,POWER,3.80
1765620086031,CH1,POWER,3.80
1765620086036,CH1,POWER,3.80
1765620086044,CH1,POWER,3.80
1765620086052,CH1,POWER,3.80
1765620086057,CH1,POWER,3.80
1765620086064,CH1,POWER,3.80
1765620086070,CH1,POWER,3.80
1765620086074,CH1,POWER,3.80
1765620086078,CH1,POWER,3.80
1765620086084,CH1,POWER,3.80
1765620086090,CH1,POWER,3.80
1765620086094,CH1,POWER,3.80
1765620086098,CH1,POWER,3.80
1765620086103,CH1,POWER,3.80
1765620086108,CH1,POWER,3.80
1765620086114,CH1,POWER,3.80
1765620086118,CH1,POWER,3.80
1765620086124,CH1,POWER,3.80
1765620086132,CH1,POWER,3.80
1765620086137,CH1,POWER,3.80
1765620086144,CH1,POWER,3.80
1765620086150,CH1,POWER,3.80
1765620086154,CH1,POWER,3.80
1765620086158,CH1,POWER,3.80
1765620086164,CH1,POWER,3.80
1765620086168,CH1,POWER,3.80
1765620086174,CH1,POWER,3.80
1765620086180,CH1,POWER,3.80
1765620086184,CH1,POWER,3.80
1765620086192,CH1,POWER,3.80
1765620086197,CH1,POWER,3.80
1765620086204,CH1,POWER,3.80
1765620086212,CH1,POWER,3.80
1765620086217,CH1,POWER,3.80
1765620086221,CH1,POWER,3.80
1765620086225,CH1,POWER,3.80
1765620086229,CH1,POWER,3.80
1765620086234,CH1,POWER,3.80
1765620086238,CH1,POWER,3.80
1765620086244,CH1,POWER,3.80
1765620086250,CH1,POWER,3.80
1765620086254,CH1,POWER,3.80
1765620086262,CH1,POWER,3.80
1765620086267,CH1,POWER,3.80
1765620086274,CH1,POWER,3.80
1765620086282,CH1,POWER,3.80
1765620086287,CH1,POWER,3.80
1765620086291,CH1,POWER,3.80
1765620086297,CH1,POWER,3.80
1765620086304,CH1,POWER,3.80
1765620086310,CH1,POWER,3.80
1765620086314,CH1,POWER,3.80
1765620086320,CH1,POWER,3.80
1765620086324,CH1,POWER,3.80
1765620086328,CH1,POWER,3.80
1765620086334,CH1,POWER,3.80
1765620086340,CH1,POWER,3.80
1765620086344,CH1,POWER,3.80
1765620086350,CH1,POWER,3.80
1765620086354,CH1,POWER,3.80
1765620086359,CH1,POWER,3.80
1765620086364,CH1,POWER,3.80
1765620086370,CH1,POWER,3.80
1765620086373,CH1,POWER,3.75
1765620086376,CH1,POWER,3.75
1765620086378,CH1,POWER,3.75
1765620086405,CH1,POWER,3.75
1765620086410,CH1,POWER,3.75
1765620086415,CH1,POWER,3.75
1765620086419,CH1,POWER,3.75
1765620086426,CH1,POWER,3.75
1765620086431,CH1,POWER,3.75
1765620086436,CH1,POWER,3.75
1765620086441,CH1,POWER,3.75
1765620086446,CH1,POWER,3.75
1765620086452,CH1,POWER,3.75
1765620086456,CH1,POWER,3.75
1765620086460,CH1,POWER,3.75
1765620086465,CH1,POWER,3.75
1765620086470,CH1,POWER,3.75
1765620086476,CH1,POWER,3.75
1765620086484,CH1,POWER,3.75
1765620086489,CH1,POWER,3.75
1765620086493,CH1,POWER,3.75
1765620086498,CH1,POWER,3.75
1765620086504,CH1,POWER,3.75
1765620086509,CH1,POWER,3.75
1765620086515,CH1,POWER,3.75
1765620086520,CH1,POWER,3.75
1765620086525,CH1,POWER,3.75
1765620086530,CH1,POWER,3.75
1765620086535,CH1,POWER,3.75
1765620086540,CH1,POWER,3.75
1765620086546,CH1,POWER,3.75
1765620086552,CH1,POWER,3.75
1765620086556,CH1,POWER,3.75
1765620086562,CH1,POWER,3.75
1765620086566,CH1,POWER,3.75
1765620086574,CH1,POWER,3.75
1765620086580,CH1,POWER,3.75
1765620086585,CH1,POWER,3.75
1765620086592,CH1,POWER,3.75
1765620086596,CH1,POWER,3.75
1765620086602,CH1,POWER,3.75
1765620086606,CH1,POWER,3.75
1765620086614,CH1,POWER,3.75
1765620086618,CH1,POWER,3.75
1765620086623,CH1,POWER,3.75
1765620086628,CH1,POWER,3.75
1765620086636,CH1,POWER,3.75
1765620086644,CH1,POWER,3.75
1765620086649,CH1,POWER,3.75
1765620086656,CH1,POWER,3.75
1765620086664,CH1,POWER,3.75
1765620086669,CH1,POWER,3.75
1765620086676,CH1,POWER,3.75
1765620086681,CH1,POWER,3.75
1765620086686,CH1,POWER,3.75
1765620086691,CH1,POWER,3.75
1765620086696,CH1,POWER,3.75
1765620086702,CH1,POWER,3.75
1765620086706,CH1,POWER,3.75
1765620086714,CH1,POWER,3.75
1765620086719,CH1,POWER,3.75
1765620086726,CH1,POWER,3.75
1765620086734,CH1,POWER,3.75
1765620086739,CH1,POWER,3.75
1765620086746,CH1,POWER,3.75
1765620086751,CH1,POWER,3.75
1765620086756,CH1,POWER,3.75
1765620086761,CH1,POWER,3.75
1765620086766,CH1,POWER,3.75
1765620086769,CH1,POWER,3.70
1765620086795,CH1,POWER,3.70
1765620086801,CH1,POWER,3.70
1765620086808,CH1,POWER,3.70
1765620086816,CH1,POWER,3.70
1765620086821,CH1,POWER,3.70
1765620086825,CH1,POWER,3.70
1765620086830,CH1,POWER,3.70
1765620086836,CH1,POWER,3.70
1765620086841,CH1,POWER,3.70
1765620086845,CH1,POWER,3.70
1765620086850,CH1,POWER,3.70
1765620086855,CH1,POWER,3.70
1765620086860,CH1,POWER,3.70
1765620086866,CH1,POWER,3.70
1765620086871,CH1,POWER,3.70
1765620086878,CH1,POWER,3.70
1765620086884,CH1,POWER,3.70
1765620086888,CH1,POWER,3.70
1765620086894,CH1,POWER,3.70
1765620086898,CH1,POWER,3.70
1765620086904,CH1,POWER,3.70
1765620086908,CH1,POWER,3.70
1765620086914,CH1,POWER,3.70
1765620086918,CH1,POWER,3.70
1765620086923,CH1,POWER,3.70
1765620086928,CH1,POWER,3.70
1765620086932,CH1,POWER,3.70
1765620086937,CH1,POWER,3.70
1765620086944,CH1,POWER,3.70
1765620086948,CH1,POWER,3.70
1765620086956,CH1,POWER,3.70
1765620086960,CH1,POWER,3.70
1765620086965,CH1,POWER,3.70
1765620086969,CH1,POWER,3.70
1765620086974,CH1,POWER,3.70
1765620086978,CH1,POWER,3.70
1765620086982,CH1,POWER,3.70
1765620086988,CH1,POWER,3.70
1765620086994,CH1,POWER,3.70
1765620086998,CH1,POWER,3.70
1765620087006,CH1,POWER,3.70
1765620087011,CH1,POWER,3.70
1765620087018,CH1,POWER,3.70
1765620087024,CH1,POWER,3.70
1765620087028,CH1,POWER,3.70
1765620087034,CH1,POWER,3.70
1765620087038,CH1,POWER,3.70
1765620087046,CH1,POWER,3.70
1765620087051,CH1,POWER,3.70
1765620087058,CH1,POWER,3.70
1765620087066,CH1,POWER,3.70
1765620087071,CH1,POWER,3.70
1765620087078,CH1,POWER,3.70
1765620087083,CH1,POWER,3.70
1765620087088,CH1,POWER,3.70
1765620087093,CH1,POWER,3.70
1765620087098,CH1,POWER,3.70
1765620087104,CH1,POWER,3.70
1765620087108,CH1,POWER,3.70
1765620087112,CH1,POWER,3.70
1765620087117,CH1,POWER,3.70
1765620087121,CH1,POWER,3.70
1765620087128,CH1,POWER,3.70
1765620087134,CH1,POWER,3.70
1765620087138,CH1,POWER,3.70
1765620087146,CH1,POWER,3.70
1765620087151,CH1,POWER,3.70
1765620087156,CH1,POWER,3.85
1765620087159,CH1,POWER,3.85
1765620087161,CH1,POWER,3.85
1765620087187,CH1,POWER,3.85
1765620087192,CH1,POWER,3.85
1765620087197,CH1,POWER,3.85
1765620087201,CH1,POWER,3.85
1765620087208,CH1,POWER,3.85
1765620087214,CH1,POWER,3.85
1765620087220,CH1,POWER,3.85
1765620087226,CH1,POWER,3.85
1765620087230,CH1,POWER,3.85
1765620087238,CH1,POWER,3.85
1765620087243,CH1,POWER,3.85
1765620087250,CH1,POWER,3.85
1765620087256,CH1,POWER,3.85
1765620087260,CH1,POWER,3.85
1765620087265,CH1,POWER,3.85
1765620087270,CH1,POWER,3.85
1765620087275,CH1,POWER,3.85
1765620087280,CH1,POWER,3.85
1765620087286,CH1,POWER,3.85
1765620087290,CH1,POWER,3.85
1765620087295,CH1,POWER,3.85
1765620087300,CH1,POWER,3.85
1765620087304,CH1,POWER,3.85
1765620087309,CH1,POWER,3.85
1765620087313,CH1,POWER,3.85
1765620087317,CH1,POWER,3.85
1765620087323,CH1,POWER,3.85
1765620087330,CH1,POWER,3.85
1765620087334,CH1,POWER,3.85
1765620087339,CH1,POWER,3.85
1765620087343,CH1,POWER,3.85
1765620087350,CH1,POWER,3.85
1765620087356,CH1,POWER,3.85
1765620087360,CH1,POWER,3.85
1765620087365,CH1,POWER,3.85
1765620087370,CH1,POWER,3.85
1765620087374,CH1,POWER,3.85
1765620087379,CH1,POWER,3.85
1765620087383,CH1,POWER,3.85
1765620087390,CH1,POWER,3.85
1765620087398,CH1,POWER,3.85
1765620087403,CH1,POWER,3.85
1765620087409,CH1,POWER,3.85
1765620087414,CH1,POWER,3.85
1765620087420,CH1,POWER,3.85
1765620087428,CH1,POWER,3.85
1765620087433,CH1,POWER,3.85
1765620087439,CH1,POWER,3.85
1765620087444,CH1,POWER,3.85
1765620087450,CH1,POWER,3.85
1765620087455,CH1,POWER,3.85
1765620087460,CH1,POWER,3.85
1765620087465,CH1,POWER,3.85
1765620087470,CH1,POWER,3.85
1765620087476,CH1,POWER,3.85
1765620087480,CH1,POWER,3.85
1765620087486,CH1,POWER,3.85
1765620087490,CH1,POWER,3.85
1765620087498,CH1,POWER,3.85
1765620087503,CH1,POWER,3.85
1765620087510,CH1,POWER,3.85
1765620087516,CH1,POWER,3.85
1765620087520,CH1,POWER,3.85
1765620087525,CH1,POWER,3.85
1765620087530,CH1,POWER,3.85
1765620087535,CH1,POWER,3.85
1765620087540,CH1,POWER,3.85
1765620087544,CH1,POWER,3.85
1765620087549,CH1,POWER,3.85
1765620087552,CH1,POWER,4.05
1765620087555,CH1,POWER,4.05
1765620087582,CH1,POWER,4.05
1765620087588,CH1,POWER,4.05
1765620087592,CH1,POWER,4.05
1765620087597,CH1,POWER,4.05
1765620087602,CH1,POWER,4.05
1765620087610,CH1,POWER,4.05
1765620087615,CH1,POWER,4.05
1765620087622,CH1,POWER,4.05
1765620087628,CH1,POWER,4.05
1765620087632,CH1,POWER,4.05
1765620087637,CH1,POWER,4.05
1765620087642,CH1,POWER,4.05
1765620087647,CH1,POWER,4.05
1765620087652,CH1,POWER,4.05
1765620087656,CH1,POWER,4.05
1765620087662,CH1,POWER,4.05
1765620087666,CH1,POWER,4.05
1765620087672,CH1,POWER,4.05
1765620087676,CH1,POWER,4.05
1765620087682,CH1,POWER,4.05
1765620087687,CH1,POWER,4.05
1765620087692,CH1,POWER,4.05
1765620087697,CH1,POWER,4.05
1765620087702,CH1,POWER,4.05
1765620087706,CH1,POWER,4.05
1765620087712,CH1,POWER,4.05
1765620087718,CH1,POWER,4.05
1765620087722,CH1,POWER,4.05
1765620087727,CH1,POWER,4.05
1765620087732,CH1,POWER,4.05
1765620087740,CH1,POWER,4.05
1765620087745,CH1,POWER,4.05
1765620087752,CH1,POWER,4.05
1765620087757,CH1,POWER,4.05
1765620087762,CH1,POWER,4.05
1765620087767,CH1,POWER,4.05
1765620087772,CH1,POWER,4.05
1765620087778,CH1,POWER,4.05
1765620087782,CH1,POWER,4.05
1765620087787,CH1,POWER,4.05
1765620087792,CH1,POWER,4.05
1765620087797,CH1,POWER,4.05
1765620087802,CH1,POWER,4.05
1765620087808,CH1,POWER,4.05
1765620087812,CH1,POWER,4.05
1765620087817,CH1,POWER,4.05
1765620087822,CH1,POWER,4.05
1765620087827,CH1,POWER,4.05
1765620087832,CH1,POWER,4.05
1765620087840,CH1,POWER,4.05
1765620087845,CH1,POWER,4.05
1765620087849,CH1,POWER,4.05
1765620087855,CH1,POWER,4.05
1765620087862,CH1,POWER,4.05
1765620087868,CH1,POWER,4.05
1765620087872,CH1,POWER,4.05
1765620087877,CH1,POWER,4.05
1765620087882,CH1,POWER,4.05
1765620087887,CH1,POWER,4.05
1765620087892,CH1,POWER,4.05
1765620087898,CH1,POWER,4.05
1765620087902,CH1,POWER,4.05
1765620087907,CH1,POWER,4.05
1765620087912,CH1,POWER,4.05
1765620087917,CH1,POWER,4.05
1765620087922,CH1,POWER,4.05
1765620087927,CH1,POWER,4.05
1765620087932,CH1,POWER,4.05
1765620087937,CH1,POWER,4.05
1765620087941,CH1,POWER,4.05
1765620087943,CH1,POWER,4.05
1765620087945,CH1,POWER,4.05
1765620087971,CH1,POWER,4.05
1765620087976,CH1,POWER,4.05
1765620087982,CH1,POWER,4.05
1765620087986,CH1,POWER,4.05
1765620087991,CH1,POWER,4.05
1765620087995,CH1,POWER,4.05
1765620088002,CH1,POWER,4.05
1765620088007,CH1,POWER,4.05
1765620088014,CH1,POWER,4.05
1765620088019,CH1,POWER,4.05
1765620088024,CH1,POWER,4.05
1765620088029,CH1,POWER,4.05
1765620088034,CH1,POWER,4.05
1765620088042,CH1,POWER,4.05
1765620088048,CH1,POWER,4.05
1765620088054,CH1,POWER,4.05
1765620088059,CH1,POWER,4.05
1765620088064,CH1,POWER,4.05
1765620088069,CH1,POWER,4.05
1765620088074,CH1,POWER,4.05
1765620088082,CH1,POWER,4.05
1765620088087,CH1,POWER,4.05
1765620088094,CH1,POWER,4.05
1765620088099,CH1,POWER,4.05
1765620088104,CH1,POWER,4.05
1765620088108,CH1,POWER,4.05
1765620088113,CH1,POWER,4.05
1765620088118,CH1,POWER,4.05
1765620088124,CH1,POWER,4.05
1765620088130,CH1,POWER,4.05
1765620088134,CH1,POWER,4.05
1765620088139,CH1,POWER,4.05
1765620088144,CH1,POWER,4.05
1765620088149,CH1,POWER,4.05
1765620088154,CH1,POWER,4.05
1765620088158,CH1,POWER,4.05
1765620088163,CH1,POWER,4.05
1765620088168,CH1,POWER,4.05
1765620088173,CH1,POWER,4.05
1765620088178,CH1,POWER,4.05
1765620088183,CH1,POWER,4.05
1765620088187,CH1,POWER,4.05
1765620088194,CH1,POWER,4.05
1765620088198,CH1,POWER,4.05
1765620088203,CH1,POWER,4.05
1765620088208,CH1,POWER,4.05
1765620088213,CH1,POWER,4.05
1765620088218,CH1,POWER,4.05
1765620088224,CH1,POWER,4.05
1765620088230,CH1,POWER,4.05
1765620088234,CH1,POWER,4.05
1765620088239,CH1,POWER,4.05
1765620088244,CH1,POWER,4.05
1765620088249,CH1,POWER,4.05
1765620088254,CH1,POWER,4.05
1765620088260,CH1,POWER,4.05
1765620088264,CH1,POWER,4.05
1765620088269,CH1,POWER,4.05
1765620088274,CH1,POWER,4.05
1765620088278,CH1,POWER,4.05
1765620088284,CH1,POWER,4.05
1765620088288,CH1,POWER,4.05
1765620088294,CH1,POWER,4.05
1765620088298,CH1,POWER,4.05
1765620088304,CH1,POWER,4.05
1765620088308,CH1,POWER,4.05
1765620088314,CH1,POWER,4.05
1765620088318,CH1,POWER,4.05
1765620088324,CH1,POWER,4.05
1765620088328,CH1,POWER,4.05
1765620088333,CH1,POWER,4.05
1765620088336,CH1,POWER,3.90
1765620088338,CH1,POWER,3.90
1765620088365,CH1,POWER,3.90
1765620088369,CH1,POWER,3.90
1765620088373,CH1,POWER,3.90
1765620088377,CH1,POWER,3.90
1765620088383,CH1,POWER,3.90
1765620088387,CH1,POWER,3.90
1765620088391,CH1,POWER,3.90
1765620088396,CH1,POWER,3.90
1765620088400,CH1,POWER,3.90
1765620088406,CH1,POWER,3.90
1765620088414,CH1,POWER,3.90
1765620088419,CH1,POWER,3.90
1765620088423,CH1,POWER,3.90
1765620088427,CH1,POWER,3.90
1765620088433,CH1,POWER,3.90
1765620088438,CH1,POWER,3.90
1765620088443,CH1,POWER,3.90
1765620088447,CH1,POWER,3.90
1765620088454,CH1,POWER,3.90
1765620088459,CH1,POWER,3.90
1765620088466,CH1,POWER,3.90
1765620088474,CH1,POWER,3.90
1765620088479,CH1,POWER,3.90
1765620088486,CH1,POWER,3.90
1765620088492,CH1,POWER,3.90
1765620088496,CH1,POWER,3.90
1765620088500,CH1,POWER,3.90
1765620088506,CH1,POWER,3.90
1765620088510,CH1,POWER,3.90
1765620088516,CH1,POWER,3.90
1765620088521,CH1,POWER,3.90
1765620088526,CH1,POWER,3.90
1765620088530,CH1,POWER,3.90
1765620088536,CH1,POWER,3.90
1765620088541,CH1,POWER,3.90
1765620088546,CH1,POWER,3.90
1765620088551,CH1,POWER,3.90
1765620088556,CH1,POWER,3.90
1765620088561,CH1,POWER,3.90
1765620088566,CH1,POWER,3.90
1765620088570,CH1,POWER,3.90
1765620088576,CH1,POWER,3.90
1765620088584,CH1,POWER,3.90
1765620088590,CH1,POWER,3.90
1765620088595,CH1,POWER,3.90
1765620088599,CH1,POWER,3.90
1765620088606,CH1,POWER,3.90
1765620088610,CH1,POWER,3.90
1765620088615,CH1,POWER,3.90
1765620088622,CH1,POWER,3.90
1765620088626,CH1,POWER,3.90
1765620088631,CH1,POWER,3.90
1765620088636,CH1,POWER,3.90
1765620088640,CH1,POWER,3.90
1765620088645,CH1,POWER,3.90
1765620088649,CH1,POWER,3.90
1765620088653,CH1,POWER,3.90
1765620088657,CH1,POWER,3.90
1765620088661,CH1,POWER,3.90
1765620088666,CH1,POWER,3.90
1765620088674,CH1,POWER,3.90
1765620088679,CH1,POWER,3.90
1765620088686,CH1,POWER,3.90
1765620088691,CH1,POWER,3.90
1765620088696,CH1,POWER,3.90
1765620088700,CH1,POWER,3.90
1765620088706,CH1,POWER,3.90
1765620088711,CH1,POWER,3.90
1765620088716,CH1,POWER,3.90
1765620088722,CH1,POWER,3.90
1765620088726,CH1,POWER,3.85
1765620088729,CH1,POWER,3.85
1765620088755,CH1,POWER,3.85
1765620088760,CH1,POWER,3.85
1765620088765,CH1,POWER,3.85
1765620088770,CH1,POWER,3.85
1765620088776,CH1,POWER,3.85
1765620088781,CH1,POWER,3.85
1765620088788,CH1,POWER,3.85
1765620088792,CH1,POWER,3.85
1765620088798,CH1,POWER,3.85
1765620088803,CH1,POWER,3.85
1765620088808,CH1,POWER,3.85
1765620088812,CH1,POWER,3.85
1765620088817,CH1,POWER,3.85
1765620088822,CH1,POWER,3.85
1765620088827,CH1,POWER,3.85
1765620088834,CH1,POWER,3.85
1765620088838,CH1,POWER,3.85
1765620088846,CH1,POWER,3.85
1765620088851,CH1,POWER,3.85
1765620088858,CH1,POWER,3.85
1765620088863,CH1,POWER,3.85
1765620088868,CH1,POWER,3.85
1765620088872,CH1,POWER,3.85
1765620088878,CH1,POWER,3.85
1765620088886,CH1,POWER,3.85
1765620088891,CH1,POWER,3.85
1765620088898,CH1,POWER,3.85
1765620088903,CH1,POWER,3.85
1765620088908,CH1,POWER,3.85
1765620088916,CH1,POWER,3.85
1765620088920,CH1,POWER,3.85
1765620088925,CH1,POWER,3.85
1765620088929,CH1,POWER,3.85
1765620088936,CH1,POWER,3.85
1765620088940,CH1,POWER,3.85
1765620088945,CH1,POWER,3.85
1765620088950,CH1,POWER,3.85
1765620088956,CH1,POWER,3.85
1765620088961,CH1,POWER,3.85
1765620088968,CH1,POWER,3.85
1765620088973,CH1,POWER,3.85
1765620088978,CH1,POWER,3.85
1765620088986,CH1,POWER,3.85
1765620088990,CH1,POWER,3.85
1765620088995,CH1,POWER,3.85
1765620088999,CH1,POWER,3.85
1765620089006,CH1,POWER,3.85
1765620089010,CH1,POWER,3.85
1765620089015,CH1,POWER,3.85
1765620089020,CH1,POWER,3.85
1765620089028,CH1,POWER,3.85
1765620089033,CH1,POWER,3.85
1765620089038,CH1,POWER,3.85
1765620089042,CH1,POWER,3.85
1765620089047,CH1,POWER,3.85
1765620089052,CH1,POWER,3.85
1765620089058,CH1,POWER,3.85
1765620089066,CH1,POWER,3.85
1765620089071,CH1,POWER,3.85
1765620089075,CH1,POWER,3.85
1765620089080,CH1,POWER,3.85
1765620089086,CH1,POWER,3.85
1765620089091,CH1,POWER,3.85
1765620089098,CH1,POWER,3.85
1765620089103,CH1,POWER,3.85
1765620089108,CH1,POWER,3.85
1765620089115,CH1,POWER,3.85
1765620089117,CH1,POWER,3.90
1765620089120,CH1,POWER,3.90
1765620089122,CH1,POWER,3.90
1765620089150,CH1,POWER,3.90
1765620089155,CH1,POWER,3.90
1765620089160,CH1,POWER,3.90
1765620089168,CH1,POWER,3.90
1765620089173,CH1,POWER,3.90
1765620089180,CH1,POWER,3.90
1765620089188,CH1,POWER,3.90
1765620089193,CH1,POWER,3.90
1765620089200,CH1,POWER,3.90
1765620089205,CH1,POWER,3.90
1765620089210,CH1,POWER,3.90
1765620089215,CH1,POWER,3.90
1765620089220,CH1,POWER,3.90
1765620089225,CH1,POWER,3.90
1765620089230,CH1,POWER,3.90
1765620089238,CH1,POWER,3.90
1765620089243,CH1,POWER,3.90
1765620089250,CH1,POWER,3.90
1765620089258,CH1,POWER,3.90
1765620089263,CH1,POWER,3.90
1765620089267,CH1,POWER,3.90
1765620089272,CH1,POWER,3.90
1765620089277,CH1,POWER,3.90
1765620089283,CH1,POWER,3.90
1765620089290,CH1,POWER,3.90
1765620089294,CH1,POWER,3.90
1765620089300,CH1,POWER,3.90
1765620089304,CH1,POWER,3.90
1765620089309,CH1,POWER,3.90
1765620089313,CH1,POWER,3.90
1765620089317,CH1,POWER,3.90
1765620089321,CH1,POWER,3.90
1765620089325,CH1,POWER,3.90
1765620089330,CH1,POWER,3.90
1765620089335,CH1,POWER,3.90
1765620089340,CH1,POWER,3.90
1765620089344,CH1,POWER,3.90
1765620089350,CH1,POWER,3.90
1765620089354,CH1,POWER,3.90
1765620089360,CH1,POWER,3.90
1765620089364,CH1,POWER,3.90
1765620089370,CH1,POWER,3.90
1765620089374,CH1,POWER,3.90
1765620089380,CH1,POWER,3.90
1765620089384,CH1,POWER,3.90
1765620089390,CH1,POWER,3.90
1765620089395,CH1,POWER,3.90
1765620089400,CH1,POWER,3.90
1765620089404,CH1,POWER,3.90
1765620089409,CH1,POWER,3.90
1765620089414,CH1,POWER,3.90
1765620089420,CH1,POWER,3.90
1765620089425,CH1,POWER,3.90
1765620089430,CH1,POWER,3.90
1765620089434,CH1,POWER,3.90
1765620089440,CH1,POWER,3.90
1765620089445,CH1,POWER,3.90
1765620089450,CH1,POWER,3.90
1765620089455,CH1,POWER,3.90
1765620089460,CH1,POWER,3.90
1765620089465,CH1,POWER,3.90
1765620089470,CH1,POWER,3.90
1765620089474,CH1,POWER,3.90
1765620089480,CH1,POWER,3.90
1765620089484,CH1,POWER,3.90
1765620089489,CH1,POWER,3.90
1765620089494,CH1,POWER,3.90
1765620089499,CH1,POWER,3.90
1765620089504,CH1,POWER,3.90
1765620089508,CH1,POWER,3.90
1765620089511,CH1,POWER,3.85
1765620089514,CH1,POWER,3.85
1765620089541,CH1,POWER,3.85
1765620089546,CH1,POWER,3.85
1765620089551,CH1,POWER,3.85
1765620089556,CH1,POWER,3.85
1765620089561,CH1,POWER,3.85
1765620089566,CH1,POWER,3.85
1765620089571,CH1,POWER,3.85
1765620089575,CH1,POWER,3.85
1765620089579,CH1,POWER,3.85
1765620089584,CH1,POWER,3.85
1765620089589,CH1,POWER,3.85
1765620089595,CH1,POWER,3.85
1765620089599,CH1,POWER,3.85
1765620089605,CH1,POWER,3.85
1765620089612,CH1,POWER,3.85
1765620089616,CH1,POWER,3.85
1765620089621,CH1,POWER,3.85
1765620089626,CH1,POWER,3.85
1765620089631,CH1,POWER,3.85
1765620089636,CH1,POWER,3.85
1765620089641,CH1,POWER,3.85
1765620089645,CH1,POWER,3.85
1765620089651,CH1,POWER,3.85
1765620089655,CH1,POWER,3.85
1765620089659,CH1,POWER,3.85
1765620089665,CH1,POWER,3.85
1765620089672,CH1,POWER,3.85
1765620089677,CH1,POWER,3.85
1765620089682,CH1,POWER,3.85
1765620089687,CH1,POWER,3.85
1765620089692,CH1,POWER,3.85
1765620089696,CH1,POWER,3.85
1765620089702,CH1,POWER,3.85
1765620089706,CH1,POWER,3.85
1765620089711,CH1,POWER,3.85
1765620089716,CH1,POWER,3.85
1765620089721,CH1,POWER,3.85
1765620089726,CH1,POWER,3.85
1765620089732,CH1,POWER,3.85
1765620089736,CH1,POWER,3.85
1765620089742,CH1,POWER,3.85
1765620089746,CH1,POWER,3.85
1765620089752,CH1,POWER,3.85
1765620089760,CH1,POWER,3.85
1765620089766,CH1,POWER,3.85
1765620089771,CH1,POWER,3.85
1765620089777,CH1,POWER,3.85
1765620089782,CH1,POWER,3.85
1765620089786,CH1,POWER,3.85
1765620089792,CH1,POWER,3.85
1765620089797,CH1,POWER,3.85
1765620089802,CH1,POWER,3.85
1765620089806,CH1,POWER,3.85
1765620089812,CH1,POWER,3.85
1765620089816,CH1,POWER,3.85
1765620089822,CH1,POWER,3.85
1765620089826,CH1,POWER,3.85
1765620089832,CH1,POWER,3.85
1765620089837,CH1,POWER,3.85
1765620089842,CH1,POWER,3.85
1765620089847,CH1,POWER,3.85
1765620089852,CH1,POWER,3.85
1765620089857,CH1,POWER,3.85
1765620089862,CH1,POWER,3.85
1765620089870,CH1,POWER,3.85
1765620089875,CH1,POWER,3.85
1765620089882,CH1,POWER,3.85
1765620089890,CH1,POWER,3.85
1765620089895,CH1,POWER,3.85
1765620089899,CH1,POWER,3.85
1765620089902,CH1,POWER,3.80
1765620089904,CH1,POWER,3.80
1765620089931,CH1,POWER,3.80
1765620089936,CH1,POWER,3.80
1765620089941,CH1,POWER,3.80
1765620089947,CH1,POWER,3.80
1765620089951,CH1,POWER,3.80
1765620089956,CH1,POWER,3.80
1765620089962,CH1,POWER,3.80
1765620089967,CH1,POWER,3.80
1765620089971,CH1,POWER,3.80
1765620089977,CH1,POWER,3.80
1765620089983,CH1,POWER,3.80
1765620089988,CH1,POWER,3.80
1765620089994,CH1,POWER,3.80
1765620090002,CH1,POWER,3.80
1765620090008,CH1,POWER,3.80
1765620090013,CH1,POWER,3.80
1765620090019,CH1,POWER,3.80
1765620090024,CH1,POWER,3.80
1765620090032,CH1,POWER,3.80
1765620090037,CH1,POWER,3.80
1765620090044,CH1,POWER,3.80
1765620090049,CH1,POWER,3.80
1765620090054,CH1,POWER,3.80
1765620090059,CH1,POWER,3.80
1765620090064,CH1,POWER,3.80
1765620090069,CH1,POWER,3.80
1765620090074,CH1,POWER,3.80
1765620090079,CH1,POWER,3.80
1765620090084,CH1,POWER,3.80
1765620090092,CH1,POWER,3.80
1765620090096,CH1,POWER,3.80
1765620090101,CH1,POWER,3.80
1765620090105,CH1,POWER,3.80
1765620090111,CH1,POWER,3.80
1765620090117,CH1,POWER,3.80
1765620090123,CH1,POWER,3.80
1765620090127,CH1,POWER,3.80
1765620090134,CH1,POWER,3.80
1765620090138,CH1,POWER,3.80
1765620090144,CH1,POWER,3.80
1765620090152,CH1,POWER,3.80
1765620090157,CH1,POWER,3.80
1765620090164,CH1,POWER,3.80
1765620090169,CH1,POWER,3.80
1765620090174,CH1,POWER,3.80
1765620090182,CH1,POWER,3.80
1765620090187,CH1,POWER,3.80
1765620090193,CH1,POWER,3.80
1765620090198,CH1,POWER,3.80
1765620090204,CH1,POWER,3.80
1765620090212,CH1,POWER,3.80
1765620090217,CH1,POWER,3.80
1765620090224,CH1,POWER,3.80
1765620090232,CH1,POWER,3.80
1765620090237,CH1,POWER,3.80
1765620090244,CH1,POWER,3.80
1765620090249,CH1,POWER,3.80
1765620090254,CH1,POWER,3.80
1765620090259,CH1,POWER,3.80
1765620090264,CH1,POWER,3.80
1765620090268,CH1,POWER,3.80
1765620090273,CH1,POWER,3.80
1765620090277,CH1,POWER,3.80
1765620090284,CH1,POWER,3.80
1765620090291,CH1,POWER,3.80
1765620090294,CH1,POWER,4.10
1765620090296,CH1,POWER,4.10
1765620090322,CH1,POWER,4.10
1765620090327,CH1,POWER,4.10
1765620090334,CH1,POWER,4.10
1765620090338,CH1,POWER,4.10
1765620090343,CH1,POWER,4.10
1765620090348,CH1,POWER,4.10
1765620090353,CH1,POWER,4.10
1765620090359,CH1,POWER,4.10
1765620090365,CH1,POWER,4.10
1765620090369,CH1,POWER,4.10
1765620090375,CH1,POWER,4.10
1765620090379,CH1,POWER,4.10
1765620090386,CH1,POWER,4.10
1765620090394,CH1,POWER,4.10
1765620090399,CH1,POWER,4.10
1765620090405,CH1,POWER,4.10
1765620090410,CH1,POWER,4.10
1765620090416,CH1,POWER,4.10
1765620090420,CH1,POWER,4.10
1765620090426,CH1,POWER,4.10
1765620090434,CH1,POWER,4.10
1765620090440,CH1,POWER,4.10
1765620090445,CH1,POWER,4.10
1765620090451,CH1,POWER,4.10
1765620090456,CH1,POWER,4.10
1765620090461,CH1,POWER,4.10
1765620090466,CH1,POWER,4.10
1765620090470,CH1,POWER,4.10
1765620090476,CH1,POWER,4.10
1765620090480,CH1,POWER,4.10
1765620090486,CH1,POWER,4.10
1765620090490,CH1,POWER,4.10
1765620090495,CH1,POWER,4.10
1765620090498,CH1,POWER,4.10
1765620090503,CH1,POWER,4.10
1765620090507,CH1,POWER,4.10
1765620090513,CH1,POWER,4.10
1765620090519,CH1,POWER,4.10
1765620090526,CH1,POWER,4.10
1765620090530,CH1,POWER,4.10
1765620090535,CH1,POWER,4.10
1765620090540,CH1,POWER,4.10
1765620090546,CH1,POWER,4.10
1765620090551,CH1,POWER,4.10
1765620090556,CH1,POWER,4.10
1765620090560,CH1,POWER,4.10
1765620090565,CH1,POWER,4.10
1765620090570,CH1,POWER,4.10
1765620090576,CH1,POWER,4.10
1765620090584,CH1,POWER,4.10
1765620090589,CH1,POWER,4.10
1765620090593,CH1,POWER,4.10
1765620090598,CH1,POWER,4.10
1765620090604,CH1,POWER,4.10
1765620090609,CH1,POWER,4.10
1765620090616,CH1,POWER,4.10
1765620090624,CH1,POWER,4.10
1765620090628,CH1,POWER,4.10
1765620090633,CH1,POWER,4.10
1765620090638,CH1,POWER,4.10
1765620090646,CH1,POWER,4.10
1765620090654,CH1,POWER,4.10
1765620090659,CH1,POWER,4.10
1765620090666,CH1,POWER,4.10
1765620090671,CH1,POWER,4.10
1765620090676,CH1,POWER,4.10
1765620090705,CH1,POWER,4.05
1765620090711,CH1,POWER,4.05
1765620090718,CH1,POWER,4.05
1765620090722,CH1,POWER,4.05
1765620090727,CH1,POWER,4.05
1765620090731,CH1,POWER,4.05
1765620090737,CH1,POWER,4.05
1765620090743,CH1,POWER,4.05
1765620090748,CH1,POWER,4.05
1765620090753,CH1,POWER,4.05
1765620090758,CH1,POWER,4.05
1765620090762,CH1,POWER,4.05
1765620090767,CH1,POWER,4.05
1765620090771,CH1,POWER,4.05
1765620090778,CH1,POWER,4.05
1765620090783,CH1,POWER,4.05
1765620090788,CH1,POWER,4.05
1765620090792,CH1,POWER,4.05
1765620090797,CH1,POWER,4.05
1765620090803,CH1,POWER,4.05
1765620090808,CH1,POWER,4.05
1765620090812,CH1,POWER,4.05
1765620090817,CH1,POWER,4.05
1765620090821,CH1,POWER,4.05
1765620090828,CH1,POWER,4.05
1765620090836,CH1,POWER,4.05
1765620090841,CH1,POWER,4.05
1765620090848,CH1,POWER,4.05
1765620090856,CH1,POWER,4.05
1765620090861,CH1,POWER,4.05
1765620090868,CH1,POWER,4.05
1765620090873,CH1,POWER,4.05
1765620090878,CH1,POWER,4.05
1765620090883,CH1,POWER,4.05
1765620090888,CH1,POWER,4.05
1765620090892,CH1,POWER,4.05
1765620090897,CH1,POWER,4.05
1765620090901,CH1,POWER,4.05
1765620090907,CH1,POWER,4.05
1765620090911,CH1,POWER,4.05
1765620090917,CH1,POWER,4.05
1765620090922,CH1,POWER,4.05
1765620090927,CH1,POWER,4.05
1765620090932,CH1,POWER,4.05
1765620090937,CH1,POWER,4.05
1765620090941,CH1,POWER,4.05
1765620090948,CH1,POWER,4.05
1765620090952,CH1,POWER,4.05
1765620090958,CH1,POWER,4.05
1765620090966,CH1,POWER,4.05
1765620090971,CH1,POWER,4.05
1765620090975,CH1,POWER,4.05
1765620090981,CH1,POWER,4.05
1765620090987,CH1,POWER,4.05
1765620090991,CH1,POWER,4.05
1765620090998,CH1,POWER,4.05
1765620091003,CH1,POWER,4.05
1765620091008,CH1,POWER,4.05
1765620091016,CH1,POWER,4.05
1765620091021,CH1,POWER,4.05
1765620091027,CH1,POWER,4.05
1765620091032,CH1,POWER,4.05
1765620091038,CH1,POWER,4.05
1765620091043,CH1,POWER,4.05
1765620091048,CH1,POWER,4.05
1765620091055,CH1,POWER,4.05
1765620091060,CH1,POWER,4.05
1765620091066,CH1,POWER,4.05
1765620091069,CH1,POWER,3.75
1765620091071,CH1,POWER,3.75
1765620091099,CH1,POWER,3.75
1765620091105,CH1,POWER,3.75
1765620091110,CH1,POWER,3.75
1765620091115,CH1,POWER,3.75
1765620091120,CH1,POWER,3.75
1765620091124,CH1,POWER,3.75
1765620091129,CH1,POWER,3.75
1765620091133,CH1,POWER,3.75
1765620091140,CH1,POWER,3.75
1765620091145,CH1,POWER,3.75
1765620091150,CH1,POWER,3.75
1765620091155,CH1,POWER,3.75
1765620091160,CH1,POWER,3.75
1765620091164,CH1,POWER,3.75
1765620091170,CH1,POWER,3.75
1765620091174,CH1,POWER,3.75
1765620091179,CH1,POWER,3.75
1765620091184,CH1,POWER,3.75
1765620091190,CH1,POWER,3.75
1765620091195,CH1,POWER,3.75
1765620091200,CH1,POWER,3.75
1765620091205,CH1,POWER,3.75
1765620091210,CH1,POWER,3.75
1765620091217,CH1,POWER,3.75
1765620091222,CH1,POWER,3.75
1765620091227,CH1,POWER,3.75
1765620091231,CH1,POWER,3.75
1765620091238,CH1,POWER,3.75
1765620091242,CH1,POWER,3.75
1765620091247,CH1,POWER,3.75
1765620091252,CH1,POWER,3.75
1765620091257,CH1,POWER,3.75
1765620091262,CH1,POWER,3.75
1765620091266,CH1,POWER,3.75
1765620091271,CH1,POWER,3.75
1765620091278,CH1,POWER,3.75
1765620091283,CH1,POWER,3.75
1765620091290,CH1,POWER,3.75
1765620091294,CH1,POWER,3.75
1765620091299,CH1,POWER,3.75
1765620091303,CH1,POWER,3.75
1765620091308,CH1,POWER,3.75
1765620091312,CH1,POWER,3.75
1765620091317,CH1,POWER,3.75
1765620091321,CH1,POWER,3.75
1765620091328,CH1,POWER,3.75
1765620091334,CH1,POWER,3.75
1765620091339,CH1,POWER,3.75
1765620091344,CH1,POWER,3.75
1765620091349,CH1,POWER,3.75
1765620091353,CH1,POWER,3.75
1765620091359,CH1,POWER,3.75
1765620091364,CH1,POWER,3.75
1765620091370,CH1,POWER,3.75
1765620091375,CH1,POWER,3.75
1765620091380,CH1,POWER,3.75
1765620091385,CH1,POWER,3.75
1765620091390,CH1,POWER,3.75
1765620091395,CH1,POWER,3.75
1765620091400,CH1,POWER,3.75
1765620091404,CH1,POWER,3.75
1765620091409,CH1,POWER,3.75
1765620091414,CH1,POWER,3.75
1765620091420,CH1,POWER,3.75
1765620091428,CH1,POWER,3.75
1765620091433,CH1,POWER,3.75
1765620091439,CH1,POWER,3.75
1765620091444,CH1,POWER,3.75
1765620091450,CH1,POWER,3.75
1765620091458,CH1,POWER,3.75
1765620091463,CH1,POWER,3.75
1765620091491,CH1,POWER,3.75
1765620091496,CH1,POWER,3.75
1765620091502,CH1,POWER,3.75
1765620091507,CH1,POWER,3.75
1765620091512,CH1,POWER,3.75
1765620091516,CH1,POWER,3.75
1765620091521,CH1,POWER,3.75
1765620091527,CH1,POWER,3.75
1765620091532,CH1,POWER,3.75
1765620091537,CH1,POWER,3.75
1765620091542,CH1,POWER,3.75
1765620091546,CH1,POWER,3.75
1765620091552,CH1,POWER,3.75
1765620091557,CH1,POWER,3.75
1765620091562,CH1,POWER,3.75
1765620091567,CH1,POWER,3.75
1765620091572,CH1,POWER,3.75
1765620091580,CH1,POWER,3.75
1765620091585,CH1,POWER,3.75
1765620091592,CH1,POWER,3.75
1765620091597,CH1,POWER,3.75
1765620091602,CH1,POWER,3.75
1765620091610,CH1,POWER,3.75
1765620091615,CH1,POWER,3.75
1765620091622,CH1,POWER,3.75
1765620091627,CH1,POWER,3.75
1765620091632,CH1,POWER,3.75
1765620091637,CH1,POWER,3.75
1765620091641,CH1,POWER,3.75
1765620091646,CH1,POWER,3.75
1765620091650,CH1,POWER,3.75
1765620091655,CH1,POWER,3.75
1765620091661,CH1,POWER,3.75
1765620091666,CH1,POWER,3.75
1765620091671,CH1,POWER,3.75
1765620091675,CH1,POWER,3.75
1765620091682,CH1,POWER,3.75
1765620091686,CH1,POWER,3.75
1765620091691,CH1,POWER,3.75
1765620091695,CH1,POWER,3.75
1765620091702,CH1,POWER,3.75
1765620091707,CH1,POWER,3.75
1765620091712,CH1,POWER,3.75
1765620091717,CH1,POWER,3.75
1765620091722,CH1,POWER,3.75
1765620091726,CH1,POWER,3.75
1765620091731,CH1,POWER,3.75
1765620091735,CH1,POWER,3.75
1765620091739,CH1,POWER,3.75
1765620091743,CH1,POWER,3.75
1765620091750,CH1,POWER,3.75
1765620091755,CH1,POWER,3.75
1765620091762,CH1,POWER,3.75
1765620091770,CH1,POWER,3.75
1765620091775,CH1,POWER,3.75
1765620091782,CH1,POWER,3.75
1765620091787,CH1,POWER,3.75
1765620091792,CH1,POWER,3.75
1765620091799,CH1,POWER,3.75
1765620091804,CH1,POWER,3.75
1765620091809,CH1,POWER,3.75
1765620091815,CH1,POWER,3.75
1765620091822,CH1,POWER,3.75
1765620091827,CH1,POWER,3.75
1765620091832,CH1,POWER,3.75
1765620091837,CH1,POWER,3.75
1765620091842,CH1,POWER,3.75
1765620091847,CH1,POWER,3.75
1765620091851,CH1,POWER,3.75
1765620091855,CH1,POWER,3.80
1765620091881,CH1,POWER,3.80
1765620091886,CH1,POWER,3.80
1765620091891,CH1,POWER,3.80
1765620091897,CH1,POWER,3.80
1765620091904,CH1,POWER,3.80
1765620091912,CH1,POWER,3.80
1765620091917,CH1,POWER,3.80
1765620091924,CH1,POWER,3.80
1765620091929,CH1,POWER,3.80
1765620091934,CH1,POWER,3.80
1765620091939,CH1,POWER,3.80
1765620091944,CH1,POWER,3.80
1765620091949,CH1,POWER,3.80
1765620091953,CH1,POWER,3.80
1765620091958,CH1,POWER,3.80
1765620091963,CH1,POWER,3.80
1765620091968,CH1,POWER,3.80
1765620091973,CH1,POWER,3.80
1765620091978,CH1,POWER,3.80
1765620091983,CH1,POWER,3.80
1765620091988,CH1,POWER,3.80
1765620091992,CH1,POWER,3.80
1765620091997,CH1,POWER,3.80
1765620092002,CH1,POWER,3.80
1765620092007,CH1,POWER,3.80
1765620092013,CH1,POWER,3.80
1765620092019,CH1,POWER,3.80
1765620092024,CH1,POWER,3.80
1765620092029,CH1,POWER,3.80
1765620092033,CH1,POWER,3.80
1765620092038,CH1,POWER,3.80
1765620092043,CH1,POWER,3.80
1765620092048,CH1,POWER,3.80
1765620092053,CH1,POWER,3.80
1765620092058,CH1,POWER,3.80
1765620092064,CH1,POWER,3.80
1765620092072,CH1,POWER,3.80
1765620092077,CH1,POWER,3.80
1765620092084,CH1,POWER,3.80
1765620092089,CH1,POWER,3.80
1765620092094,CH1,POWER,3.80
1765620092099,CH1,POWER,3.80
1765620092104,CH1,POWER,3.80
1765620092108,CH1,POWER,3.80
1765620092112,CH1,POWER,3.80
1765620092117,CH1,POWER,3.80
1765620092124,CH1,POWER,3.80
1765620092129,CH1,POWER,3.80
1765620092134,CH1,POWER,3.80
1765620092137,CH1,POWER,3.80
1765620092144,CH1,POWER,3.80
1765620092149,CH1,POWER,3.80
1765620092153,CH1,POWER,3.80
1765620092158,CH1,POWER,3.80
1765620092164,CH1,POWER,3.80
1765620092169,CH1,POWER,3.80
1765620092174,CH1,POWER,3.80
1765620092179,CH1,POWER,3.80
1765620092183,CH1,POWER,3.80
1765620092188,CH1,POWER,3.80
1765620092193,CH1,POWER,3.80
1765620092197,CH1,POWER,3.80
1765620092203,CH1,POWER,3.80
1765620092208,CH1,POWER,3.80
1765620092213,CH1,POWER,3.80
1765620092217,CH1,POWER,3.80
1765620092224,CH1,POWER,3.80
1765620092229,CH1,POWER,3.80
1765620092233,CH1,POWER,3.80
1765620092236,CH1,POWER,3.65
1765620092263,CH1,POWER,3.65
1765620092268,CH1,POWER,3.65
1765620092272,CH1,POWER,3.65
1765620092277,CH1,POWER,3.65
1765620092283,CH1,POWER,3.65
1765620092288,CH1,POWER,3.65
1765620092293,CH1,POWER,3.65
1765620092298,CH1,POWER,3.65
1765620092303,CH1,POWER,3.65
1765620092308,CH1,POWER,3.65
1765620092316,CH1,POWER,3.65
1765620092321,CH1,POWER,3.65
1765620092326,CH1,POWER,3.65
1765620092334,CH1,POWER,3.65
1765620092339,CH1,POWER,3.65
1765620092346,CH1,POWER,3.65
1765620092351,CH1,POWER,3.65
1765620092356,CH1,POWER,3.65
1765620092361,CH1,POWER,3.65
1765620092366,CH1,POWER,3.65
1765620092371,CH1,POWER,3.65
1765620092376,CH1,POWER,3.65
1765620092384,CH1,POWER,3.65
1765620092389,CH1,POWER,3.65
1765620092396,CH1,POWER,3.65
1765620092404,CH1,POWER,3.65
1765620092409,CH1,POWER,3.65
1765620092415,CH1,POWER,3.65
1765620092420,CH1,POWER,3.65
1765620092424,CH1,POWER,3.65
1765620092428,CH1,POWER,3.65
1765620092432,CH1,POWER,3.65
1765620092436,CH1,POWER,3.65
1765620092441,CH1,POWER,3.65
1765620092446,CH1,POWER,3.65
1765620092451,CH1,POWER,3.65
1765620092455,CH1,POWER,3.65
1765620092459,CH1,POWER,3.65
1765620092466,CH1,POWER,3.65
1765620092471,CH1,POWER,3.65
1765620092475,CH1,POWER,3.65
1765620092479,CH1,POWER,3.65
1765620092486,CH1,POWER,3.65
1765620092491,CH1,POWER,3.65
1765620092495,CH1,POWER,3.65
1765620092500,CH1,POWER,3.65
1765620092505,CH1,POWER,3.65
1765620092511,CH1,POWER,3.65
1765620092516,CH1,POWER,3.65
1765620092524,CH1,POWER,3.65
1765620092528,CH1,POWER,3.65
1765620092532,CH1,POWER,3.65
1765620092537,CH1,POWER,3.65
1765620092544,CH1,POWER,3.65
1765620092549,CH1,POWER,3.65
1765620092555,CH1,POWER,3.65
1765620092560,CH1,POWER,3.65
1765620092565,CH1,POWER,3.65
1765620092570,CH1,POWER,3.65
1765620092576,CH1,POWER,3.65
1765620092581,CH1,POWER,3.65
1765620092585,CH1,POWER,3.65
1765620092589,CH1,POWER,3.65
1765620092596,CH1,POWER,3.65
1765620092604,CH1,POWER,3.65
1765620092609,CH1,POWER,3.65
1765620092616,CH1,POWER,3.65
1765620092621,CH1,POWER,3.65
1765620092626,CH1,POWER,3.65
1765620092631,CH1,POWER,3.65
1765620092635,CH1,POWER,3.65
1765620092637,CH1,POWER,3.65
1765620092640,CH1,POWER,3.65
1765620092667,CH1,POWER,3.65
1765620092672,CH1,POWER,3.65
1765620092677,CH1,POWER,3.65
1765620092682,CH1,POWER,3.65
1765620092687,CH1,POWER,3.65
1765620092691,CH1,POWER,3.65
1765620092697,CH1,POWER,3.65
1765620092701,CH1,POWER,3.65
1765620092708,CH1,POWER,3.65
1765620092713,CH1,POWER,3.65
1765620092717,CH1,POWER,3.65
1765620092722,CH1,POWER,3.65
1765620092727,CH1,POWER,3.65
1765620092731,CH1,POWER,3.65
1765620092738,CH1,POWER,3.65
1765620092743,CH1,POWER,3.65
1765620092747,CH1,POWER,3.65
1765620092752,CH1,POWER,3.65
1765620092756,CH1,POWER,3.65
1765620092760,CH1,POWER,3.65
1765620092765,CH1,POWER,3.65
1765620092771,CH1,POWER,3.65
1765620092778,CH1,POWER,3.65
1765620092783,CH1,POWER,3.65
1765620092787,CH1,POWER,3.65
1765620092792,CH1,POWER,3.65
1765620092798,CH1,POWER,3.65
1765620092803,CH1,POWER,3.65
1765620092808,CH1,POWER,3.65
1765620092813,CH1,POWER,3.65
1765620092818,CH1,POWER,3.65
1765620092823,CH1,POWER,3.65
1765620092827,CH1,POWER,3.65
1765620092832,CH1,POWER,3.65
1765620092837,CH1,POWER,3.65
1765620092842,CH1,POWER,3.65
1765620092847,CH1,POWER,3.65
1765620092851,CH1,POWER,3.65
1765620092858,CH1,POWER,3.65
1765620092866,CH1,POWER,3.65
1765620092871,CH1,POWER,3.65
1765620092878,CH1,POWER,3.65
1765620092883,CH1,POWER,3.65
1765620092888,CH1,POWER,3.65
1765620092893,CH1,POWER,3.65
1765620092898,CH1,POWER,3.65
1765620092903,CH1,POWER,3.65
1765620092907,CH1,POWER,3.65
1765620092911,CH1,POWER,3.65
1765620092917,CH1,POWER,3.65
1765620092922,CH1,POWER,3.65
1765620092926,CH1,POWER,3.65
1765620092930,CH1,POWER,3.65
1765620092934,CH1,POWER,3.65
1765620092938,CH1,POWER,3.65
1765620092943,CH1,POWER,3.65
1765620092948,CH1,POWER,3.65
1765620092953,CH1,POWER,3.65
1765620092957,CH1,POWER,3.65
1765620092961,CH1,POWER,3.65
1765620092966,CH1,POWER,3.65
1765620092970,CH1,POWER,3.65
1765620092975,CH1,POWER,3.65
1765620092980,CH1,POWER,3.65
1765620092984,CH1,POWER,3.65
1765620092988,CH1,POWER,3.65
1765620092996,CH1,POWER,3.65
1765620093000,CH1,POWER,3.65
1765620093008,CH1,POWER,3.65
1765620093013,CH1,POWER,3.65
1765620093018,CH1,POWER,3.65
1765620093023,CH1,POWER,3.65
1765620093027,CH1,POWER,3.65
1765620093030,CH1,POWER,3.55
1765620093032,CH1,POWER,3.55
1765620093060,CH1,POWER,3.55
1765620093065,CH1,POWER,3.55
1765620093070,CH1,POWER,3.55
1765620093075,CH1,POWER,3.55
1765620093079,CH1,POWER,3.55
1765620093083,CH1,POWER,3.55
1765620093090,CH1,POWER,3.55
1765620093095,CH1,POWER,3.55
1765620093100,CH1,POWER,3.55
1765620093105,CH1,POWER,3.55
1765620093109,CH1,POWER,3.55
1765620093115,CH1,POWER,3.55
1765620093119,CH1,POWER,3.55
1765620093124,CH1,POWER,3.55
1765620093129,CH1,POWER,3.55
1765620093133,CH1,POWER,3.55
1765620093140,CH1,POWER,3.55
1765620093145,CH1,POWER,3.55
1765620093149,CH1,POWER,3.55
1765620093154,CH1,POWER,3.55
1765620093159,CH1,POWER,3.55
1765620093163,CH1,POWER,3.55
1765620093169,CH1,POWER,3.55
1765620093173,CH1,POWER,3.55
1765620093179,CH1,POWER,3.55
1765620093185,CH1,POWER,3.55
1765620093190,CH1,POWER,3.55
1765620093195,CH1,POWER,3.55
1765620093200,CH1,POWER,3.55
1765620093205,CH1,POWER,3.55
1765620093209,CH1,POWER,3.55
1765620093215,CH1,POWER,3.55
1765620093219,CH1,POWER,3.55
1765620093223,CH1,POWER,3.55
1765620093229,CH1,POWER,3.55
1765620093233,CH1,POWER,3.55
1765620093238,CH1,POWER,3.55
1765620093243,CH1,POWER,3.55
1765620093249,CH1,POWER,3.55
1765620093254,CH1,POWER,3.55
1765620093259,CH1,POWER,3.55
1765620093263,CH1,POWER,3.55
1765620093268,CH1,POWER,3.55
1765620093272,CH1,POWER,3.55
1765620093277,CH1,POWER,3.55
1765620093282,CH1,POWER,3.55
1765620093286,CH1,POWER,3.55
1765620093290,CH1,POWER,3.55
1765620093295,CH1,POWER,3.55
1765620093300,CH1,POWER,3.55
1765620093305,CH1,POWER,3.55
1765620093310,CH1,POWER,3.55
1765620093318,CH1,POWER,3.55
1765620093323,CH1,POWER,3.55
1765620093330,CH1,POWER,3.55
1765620093335,CH1,POWER,3.55
1765620093340,CH1,POWER,3.55
1765620093345,CH1,POWER,3.55
1765620093349,CH1,POWER,3.55
1765620093353,CH1,POWER,3.55
1765620093359,CH1,POWER,3.55
1765620093365,CH1,POWER,3.55
1765620093370,CH1,POWER,3.55
1765620093375,CH1,POWER,3.55
1765620093379,CH1,POWER,3.55
1765620093384,CH1,POWER,3.55
1765620093388,CH1,POWER,3.55
1765620093393,CH1,POWER,3.55
1765620093400,CH1,POWER,3.55
1765620093405,CH1,POWER,3.55
1765620093410,CH1,POWER,3.55
1765620093415,CH1,POWER,3.55
1765620093420,CH1,POWER,3.55
1765620093425,CH1,POWER,3.55
1765620093428,CH1,POWER,3.55
1765620093431,CH1,POWER,3.55
1765620093434,CH1,POWER,3.55
1765620093462,CH1,POWER,3.55
1765620093467,CH1,POWER,3.55
1765620093472,CH1,POWER,3.55
1765620093477,CH1,POWER,3.55
1765620093481,CH1,POWER,3.55
1765620093490,CH1,POWER,3.55
1765620093495,CH1,POWER,3.55
1765620093502,CH1,POWER,3.55
1765620093510,CH1,POWER,3.55
1765620093515,CH1,POWER,3.55
1765620093522,CH1,POWER,3.55
1765620093527,CH1,POWER,3.55
1765620093532,CH1,POWER,3.55
1765620093537,CH1,POWER,3.55
1765620093541,CH1,POWER,3.55
1765620093546,CH1,POWER,3.55
1765620093550,CH1,POWER,3.55
1765620093554,CH1,POWER,3.55
1765620093559,CH1,POWER,3.55
1765620093563,CH1,POWER,3.55
1765620093568,CH1,POWER,3.55
1765620093574,CH1,POWER,3.55
1765620093578,CH1,POWER,3.55
1765620093583,CH1,POWER,3.55
1765620093589,CH1,POWER,3.55
1765620093594,CH1,POWER,3.55
1765620093598,CH1,POWER,3.55
1765620093603,CH1,POWER,3.55
1765620093609,CH1,POWER,3.55
1765620093613,CH1,POWER,3.55
1765620093619,CH1,POWER,3.55
1765620093623,CH1,POWER,3.55
1765620093629,CH1,POWER,3.55
1765620093636,CH1,POWER,3.55
1765620093641,CH1,POWER,3.55
1765620093645,CH1,POWER,3.55
1765620093652,CH1,POWER,3.55
1765620093657,CH1,POWER,3.55
1765620093661,CH1,POWER,3.55
1765620093666,CH1,POWER,3.55
1765620093671,CH1,POWER,3.55
1765620093675,CH1,POWER,3.55
1765620093682,CH1,POWER,3.55
1765620093687,CH1,POWER,3.55
1765620093691,CH1,POWER,3.55
1765620093696,CH1,POWER,3.55
1765620093700,CH1,POWER,3.55
1765620093707,CH1,POWER,3.55
1765620093712,CH1,POWER,3.55
1765620093717,CH1,POWER,3.55
1765620093722,CH1,POWER,3.55
1765620093727,CH1,POWER,3.55
1765620093731,CH1,POWER,3.55
1765620093736,CH1,POWER,3.55
1765620093740,CH1,POWER,3.55
1765620093744,CH1,POWER,3.55
1765620093752,CH1,POWER,3.55
1765620093757,CH1,POWER,3.55
1765620093761,CH1,POWER,3.55
1765620093765,CH1,POWER,3.55
1765620093771,CH1,POWER,3.55
1765620093775,CH1,POWER,3.55
1765620093781,CH1,POWER,3.55
1765620093786,CH1,POWER,3.55
1765620093790,CH1,POWER,3.55
1765620093795,CH1,POWER,3.55
1765620093801,CH1,POWER,3.55
1765620093807,CH1,POWER,3.55
1765620093812,CH1,POWER,3.55
1765620093815,CH1,POWER,3.65
1765620093841,CH1,POWER,3.65
1765620093846,CH1,POWER,3.65
1765620093850,CH1,POWER,3.65
1765620093856,CH1,POWER,3.65
1765620093861,CH1,POWER,3.65
1765620093865,CH1,POWER,3.65
1765620093872,CH1,POWER,3.65
1765620093876,CH1,POWER,3.65
1765620093880,CH1,POWER,3.65
1765620093886,CH1,POWER,3.65
1765620093891,CH1,POWER,3.65
1765620093895,CH1,POWER,3.65
1765620093902,CH1,POWER,3.65
1765620093907,CH1,POWER,3.65
1765620093913,CH1,POWER,3.65
1765620093918,CH1,POWER,3.65
1765620093922,CH1,POWER,3.65
1765620093926,CH1,POWER,3.65
1765620093930,CH1,POWER,3.65
1765620093935,CH1,POWER,3.65
1765620093942,CH1,POWER,3.65
1765620093947,CH1,POWER,3.65
1765620093953,CH1,POWER,3.65
1765620093958,CH1,POWER,3.65
1765620093962,CH1,POWER,3.65
1765620093967,CH1,POWER,3.65
1765620093974,CH1,POWER,3.65
1765620093979,CH1,POWER,3.65
1765620093984,CH1,POWER,3.65
1765620093989,CH1,POWER,3.65
1765620093994,CH1,POWER,3.65
1765620093999,CH1,POWER,3.65
1765620094003,CH1,POWER,3.65
1765620094008,CH1,POWER,3.65
1765620094014,CH1,POWER,3.65
1765620094019,CH1,POWER,3.65
1765620094024,CH1,POWER,3.65
1765620094029,CH1,POWER,3.65
1765620094033,CH1,POWER,3.65
1765620094042,CH1,POWER,3.65
1765620094047,CH1,POWER,3.65
1765620094053,CH1,POWER,3.65
1765620094059,CH1,POWER,3.65
1765620094064,CH1,POWER,3.65
1765620094069,CH1,POWER,3.65
1765620094073,CH1,POWER,3.65
1765620094078,CH1,POWER,3.65
1765620094083,CH1,POWER,3.65
1765620094087,CH1,POWER,3.65
1765620094094,CH1,POWER,3.65
1765620094099,CH1,POWER,3.65
1765620094104,CH1,POWER,3.65
1765620094109,CH1,POWER,3.65
1765620094114,CH1,POWER,3.65
1765620094119,CH1,POWER,3.65
1765620094123,CH1,POWER,3.65
1765620094127,CH1,POWER,3.65
1765620094133,CH1,POWER,3.65
1765620094141,CH1,POWER,3.65
1765620094148,CH1,POWER,3.65
1765620094152,CH1,POWER,3.65
1765620094159,CH1,POWER,3.65
1765620094163,CH1,POWER,3.65
1765620094167,CH1,POWER,3.65
1765620094173,CH1,POWER,3.65
1765620094177,CH1,POWER,3.65
1765620094184,CH1,POWER,3.65
1765620094189,CH1,POWER,3.65
1765620094194,CH1,POWER,3.65
1765620094199,CH1,POWER,3.65
1765620094203,CH1,POWER,3.65
1765620094210,CH1,POWER,3.65
1765620094213,CH1,POWER,3.65
1765620094215,CH1,POWER,3.65
1765620094218,CH1,POWER,3.65
1765620094246,CH1,POWER,3.65
1765620094251,CH1,POWER,3.65
1765620094255,CH1,POWER,3.65
1765620094259,CH1,POWER,3.65
1765620094265,CH1,POWER,3.65
1765620094269,CH1,POWER,3.65
1765620094276,CH1,POWER,3.65
1765620094281,CH1,POWER,3.65
1765620094285,CH1,POWER,3.65
1765620094291,CH1,POWER,3.65
1765620094296,CH1,POWER,3.65
1765620094301,CH1,POWER,3.65
1765620094305,CH1,POWER,3.65
1765620094313,CH1,POWER,3.65
1765620094320,CH1,POWER,3.65
1765620094324,CH1,POWER,3.65
1765620094328,CH1,POWER,3.65
1765620094335,CH1,POWER,3.65
1765620094340,CH1,POWER,3.65
1765620094344,CH1,POWER,3.65
1765620094351,CH1,POWER,3.65
1765620094356,CH1,POWER,3.65
1765620094361,CH1,POWER,3.65
1765620094365,CH1,POWER,3.65
1765620094369,CH1,POWER,3.65
1765620094375,CH1,POWER,3.65
1765620094379,CH1,POWER,3.65
1765620094385,CH1,POWER,3.65
1765620094389,CH1,POWER,3.65
1765620094395,CH1,POWER,3.65
1765620094404,CH1,POWER,3.65
1765620094408,CH1,POWER,3.65
1765620094415,CH1,POWER,3.65
1765620094419,CH1,POWER,3.65
1765620094425,CH1,POWER,3.65
1765620094433,CH1,POWER,3.65
1765620094438,CH1,POWER,3.65
1765620094442,CH1,POWER,3.65
1765620094447,CH1,POWER,3.65
1765620094454,CH1,POWER,3.65
1765620094458,CH1,POWER,3.65
1765620094466,CH1,POWER,3.65
1765620094471,CH1,POWER,3.65
1765620094475,CH1,POWER,3.65
1765620094479,CH1,POWER,3.65
1765620094485,CH1,POWER,3.65
1765620094490,CH1,POWER,3.65
1765620094494,CH1,POWER,3.65
1765620094498,CH1,POWER,3.65
1765620094505,CH1,POWER,3.65
1765620094509,CH1,POWER,3.65
1765620094514,CH1,POWER,3.65
1765620094518,CH1,POWER,3.65
1765620094522,CH1,POWER,3.65
1765620094529,CH1,POWER,3.65
1765620094535,CH1,POWER,3.65
1765620094541,CH1,POWER,3.65
1765620094545,CH1,POWER,3.65
1765620094549,CH1,POWER,3.65
1765620094555,CH1,POWER,3.65
1765620094561,CH1,POWER,3.65
1765620094565,CH1,POWER,3.65
1765620094569,CH1,POWER,3.65
1765620094575,CH1,POWER,3.65
1765620094581,CH1,POWER,3.65
1765620094585,CH1,POWER,3.65
1765620094589,CH1,POWER,3.65
1765620094595,CH1,POWER,3.65
1765620094601,CH1,POWER,3.65
1765620094604,CH1,POWER,3.70
1765620094607,CH1,POWER,3.70
1765620094610,CH1,POWER,3.70
1765620094637,CH1,POWER,3.70
1765620094645,CH1,POWER,3.70
1765620094650,CH1,POWER,3.70
1765620094657,CH1,POWER,3.70
1765620094666,CH1,POWER,3.70
1765620094670,CH1,POWER,3.70
1765620094677,CH1,POWER,3.70
1765620094681,CH1,POWER,3.70
1765620094686,CH1,POWER,3.70
1765620094691,CH1,POWER,3.70
1765620094697,CH1,POWER,3.70
1765620094703,CH1,POWER,3.70
1765620094707,CH1,POWER,3.70
1765620094713,CH1,POWER,3.70
1765620094717,CH1,POWER,3.70
1765620094721,CH1,POWER,3.70
1765620094726,CH1,POWER,3.70
1765620094731,CH1,POWER,3.70
1765620094737,CH1,POWER,3.70
1765620094741,CH1,POWER,3.70
1765620094747,CH1,POWER,3.70
1765620094751,CH1,POWER,3.70
1765620094757,CH1,POWER,3.70
1765620094761,CH1,POWER,3.70
1765620094767,CH1,POWER,3.70
1765620094771,CH1,POWER,3.70
1765620094777,CH1,POWER,3.70
1765620094781,CH1,POWER,3.70
1765620094787,CH1,POWER,3.70
1765620094791,CH1,POWER,3.70
1765620094797,CH1,POWER,3.70
1765620094801,CH1,POWER,3.70
1765620094807,CH1,POWER,3.70
1765620094815,CH1,POWER,3.70
1765620094821,CH1,POWER,3.70
1765620094827,CH1,POWER,3.70
1765620094832,CH1,POWER,3.70
1765620094836,CH1,POWER,3.70
1765620094840,CH1,POWER,3.70
1765620094847,CH1,POWER,3.70
1765620094851,CH1,POWER,3.70
1765620094856,CH1,POWER,3.70
1765620094863,CH1,POWER,3.70
1765620094868,CH1,POWER,3.70
1765620094873,CH1,POWER,3.70
1765620094877,CH1,POWER,3.70
1765620094883,CH1,POWER,3.70
1765620094887,CH1,POWER,3.70
1765620094891,CH1,POWER,3.70
1765620094897,CH1,POWER,3.70
1765620094903,CH1,POWER,3.70
1765620094908,CH1,POWER,3.70
1765620094913,CH1,POWER,3.70
1765620094917,CH1,POWER,3.70
1765620094925,CH1,POWER,3.70
1765620094929,CH1,POWER,3.70
1765620094937,CH1,POWER,3.70
1765620094943,CH1,POWER,3.70
1765620094947,CH1,POWER,3.70
1765620094953,CH1,POWER,3.70
1765620094957,CH1,POWER,3.70
1765620094961,CH1,POWER,3.70
1765620094966,CH1,POWER,3.70
1765620094971,CH1,POWER,3.70
1765620094977,CH1,POWER,3.70
1765620094983,CH1,POWER,3.70
1765620094987,CH1,POWER,3.70
1765620094992,CH1,POWER,3.65
1765620095019,CH1,POWER,3.65
1765620095025,CH1,POWER,3.65
1765620095029,CH1,POWER,3.65
1765620095033,CH1,POWER,3.65
1765620095039,CH1,POWER,3.65
1765620095045,CH1,POWER,3.65
1765620095049,CH1,POWER,3.65
1765620095057,CH1,POWER,3.65
1765620095062,CH1,POWER,3.65
1765620095069,CH1,POWER,3.65
1765620095073,CH1,POWER,3.65
1765620095078,CH1,POWER,3.65
1765620095085,CH1,POWER,3.65
1765620095090,CH1,POWER,3.65
1765620095095,CH1,POWER,3.65
1765620095099,CH1,POWER,3.65
1765620095103,CH1,POWER,3.65
1765620095108,CH1,POWER,3.65
1765620095115,CH1,POWER,3.65
1765620095120,CH1,POWER,3.65
1765620095125,CH1,POWER,3.65
1765620095129,CH1,POWER,3.65
1765620095133,CH1,POWER,3.65
1765620095138,CH1,POWER,3.65
1765620095145,CH1,POWER,3.65
1765620095149,CH1,POWER,3.65
1765620095155,CH1,POWER,3.65
1765620095159,CH1,POWER,3.65
1765620095163,CH1,POWER,3.65
1765620095169,CH1,POWER,3.65
1765620095173,CH1,POWER,3.65
1765620095178,CH1,POWER,3.65
1765620095183,CH1,POWER,3.65
1765620095189,CH1,POWER,3.65
1765620095194,CH1,POWER,3.65
1765620095198,CH1,POWER,3.65
1765620095202,CH1,POWER,3.65
1765620095209,CH1,POWER,3.65
1765620095215,CH1,POWER,3.65
1765620095219,CH1,POWER,3.65
1765620095225,CH1,POWER,3.65
1765620095229,CH1,POWER,3.65
1765620095234,CH1,POWER,3.65
1765620095238,CH1,POWER,3.65
1765620095245,CH1,POWER,3.65
1765620095249,CH1,POWER,3.65
1765620095255,CH1,POWER,3.65
1765620095259,CH1,POWER,3.65
1765620095264,CH1,POWER,3.65
1765620095268,CH1,POWER,3.65
1765620095273,CH1,POWER,3.65
1765620095279,CH1,POWER,3.65
1765620095285,CH1,POWER,3.65
1765620095289,CH1,POWER,3.65
1765620095295,CH1,POWER,3.65
1765620095299,CH1,POWER,3.65
1765620095305,CH1,POWER,3.65
1765620095309,CH1,POWER,3.65
1765620095313,CH1,POWER,3.65
1765620095319,CH1,POWER,3.65
1765620095328,CH1,POWER,3.65
1765620095332,CH1,POWER,3.65
1765620095338,CH1,POWER,3.65
1765620095345,CH1,POWER,3.65
1765620095349,CH1,POWER,3.65
1765620095357,CH1,POWER,3.65
1765620095362,CH1,POWER,3.65
1765620095368,CH1,POWER,3.65
1765620095373,CH1,POWER,3.65
1765620095379,CH1,POWER,3.65
1765620095385,CH1,POWER,3.65
1765620095387,CH1,POWER,3.65
1765620095390,CH1,POWER,3.65
1765620095393,CH1,POWER,3.65
1765620095420,CH1,POWER,3.65
1765620095425,CH1,POWER,3.65
1765620095430,CH1,POWER,3.65
1765620095435,CH1,POWER,3.65
1765620095440,CH1,POWER,3.65
1765620095445,CH1,POWER,3.65
1765620095451,CH1,POWER,3.65
1765620095457,CH1,POWER,3.65
1765620095461,CH1,POWER,3.65
1765620095465,CH1,POWER,3.65
1765620095471,CH1,POWER,3.65
1765620095477,CH1,POWER,3.65
1765620095481,CH1,POWER,3.65
1765620095487,CH1,POWER,3.65
1765620095491,CH1,POWER,3.65
1765620095495,CH1,POWER,3.65
1765620095500,CH1,POWER,3.65
1765620095505,CH1,POWER,3.65
1765620095511,CH1,POWER,3.65
1765620095517,CH1,POWER,3.65
1765620095521,CH1,POWER,3.65
1765620095525,CH1,POWER,3.65
1765620095531,CH1,POWER,3.65
1765620095535,CH1,POWER,3.65
1765620095541,CH1,POWER,3.65
1765620095545,CH1,POWER,3.65
1765620095551,CH1,POWER,3.65
1765620095557,CH1,POWER,3.65
1765620095561,CH1,POWER,3.65
1765620095567,CH1,POWER,3.65
1765620095571,CH1,POWER,3.65
1765620095579,CH1,POWER,3.65
1765620095585,CH1,POWER,3.65
1765620095591,CH1,POWER,3.65
1765620095595,CH1,POWER,3.65
1765620095601,CH1,POWER,3.65
1765620095607,CH1,POWER,3.65
1765620095611,CH1,POWER,3.65
1765620095615,CH1,POWER,3.65
1765620095621,CH1,POWER,3.65
1765620095627,CH1,POWER,3.65
1765620095631,CH1,POWER,3.65
1765620095637,CH1,POWER,3.65
1765620095641,CH1,POWER,3.65
1765620095645,CH1,POWER,3.65
1765620095650,CH1,POWER,3.65
1765620095657,CH1,POWER,3.65
1765620095661,CH1,POWER,3.65
1765620095665,CH1,POWER,3.65
1765620095671,CH1,POWER,3.65
1765620095677,CH1,POWER,3.65
1765620095681,CH1,POWER,3.65
1765620095685,CH1,POWER,3.65
1765620095691,CH1,POWER,3.65
1765620095699,CH1,POWER,3.65
1765620095704,CH1,POWER,3.65
1765620095711,CH1,POWER,3.65
1765620095715,CH1,POWER,3.65
1765620095720,CH1,POWER,3.65
1765620095724,CH1,POWER,3.65
1765620095730,CH1,POWER,3.65
1765620095735,CH1,POWER,3.65
1765620095740,CH1,POWER,3.65
1765620095745,CH1,POWER,3.65
1765620095750,CH1,POWER,3.65
1765620095757,CH1,POWER,3.65
1765620095761,CH1,POWER,3.65
1765620095769,CH1,POWER,3.65
1765620095775,CH1,POWER,3.65
1765620095779,CH1,POWER,3.70
1765620095782,CH1,POWER,3.70
1765620095784,CH1,POWER,3.70
1765620095810,CH1,POWER,3.70
1765620095815,CH1,POWER,3.70
1765620095823,CH1,POWER,3.70
1765620095827,CH1,POWER,3.70
1765620095832,CH1,POWER,3.70
1765620095837,CH1,POWER,3.70
1765620095842,CH1,POWER,3.70
1765620095847,CH1,POWER,3.70
1765620095853,CH1,POWER,3.70
1765620095857,CH1,POWER,3.70
1765620095862,CH1,POWER,3.70
1765620095867,CH1,POWER,3.70
1765620095873,CH1,POWER,3.70
1765620095879,CH1,POWER,3.70
1765620095883,CH1,POWER,3.70
1765620095887,CH1,POWER,3.70
1765620095893,CH1,POWER,3.70
1765620095901,CH1,POWER,3.70
1765620095906,CH1,POWER,3.70
1765620095913,CH1,POWER,3.70
1765620095919,CH1,POWER,3.70
1765620095923,CH1,POWER,3.70
1765620095929,CH1,POWER,3.70
1765620095933,CH1,POWER,3.70
1765620095939,CH1,POWER,3.70
1765620095943,CH1,POWER,3.70
1765620095949,CH1,POWER,3.70
1765620095953,CH1,POWER,3.70
1765620095957,CH1,POWER,3.70
1765620095963,CH1,POWER,3.70
1765620095967,CH1,POWER,3.70
1765620095973,CH1,POWER,3.70
1765620095977,CH1,POWER,3.70
1765620095982,CH1,POWER,3.70
1765620095986,CH1,POWER,3.70
1765620095993,CH1,POWER,3.70
1765620096001,CH1,POWER,3.70
1765620096006,CH1,POWER,3.70
1765620096013,CH1,POWER,3.70
1765620096017,CH1,POWER,3.70
1765620096022,CH1,POWER,3.70
1765620096027,CH1,POWER,3.70
1765620096032,CH1,POWER,3.70
1765620096037,CH1,POWER,3.70
1765620096043,CH1,POWER,3.70
1765620096049,CH1,POWER,3.70
1765620096053,CH1,POWER,3.70
1765620096057,CH1,POWER,3.70
1765620096063,CH1,POWER,3.70
1765620096069,CH1,POWER,3.70
1765620096073,CH1,POWER,3.70
1765620096079,CH1,POWER,3.70
1765620096083,CH1,POWER,3.70
1765620096087,CH1,POWER,3.70
1765620096092,CH1,POWER,3.70
1765620096099,CH1,POWER,3.70
1765620096103,CH1,POWER,3.70
1765620096107,CH1,POWER,3.70
1765620096113,CH1,POWER,3.70
1765620096119,CH1,POWER,3.70
1765620096123,CH1,POWER,3.70
1765620096127,CH1,POWER,3.70
1765620096133,CH1,POWER,3.70
1765620096139,CH1,POWER,3.70
1765620096143,CH1,POWER,3.70
1765620096147,CH1,POWER,3.70
1765620096153,CH1,POWER,3.70
1765620096159,CH1,POWER,3.70
1765620096163,CH1,POWER,3.70
1765620096167,CH1,POWER,3.70
1765620096173,CH1,POWER,3.70
1765620096175,CH1,POWER,3.75
1765620096178,CH1,POWER,3.75
1765620096205,CH1,POWER,3.75
1765620096211,CH1,POWER,3.75
1765620096215,CH1,POWER,3.75
1765620096219,CH1,POWER,3.75
1765620096225,CH1,POWER,3.75
1765620096231,CH1,POWER,3.75
1765620096235,CH1,POWER,3.75
1765620096241,CH1,POWER,3.75
1765620096245,CH1,POWER,3.75
1765620096249,CH1,POWER,3.75
1765620096254,CH1,POWER,3.75
1765620096258,CH1,POWER,3.75
1765620096262,CH1,POWER,3.75
1765620096266,CH1,POWER,3.75
1765620096271,CH1,POWER,3.75
1765620096275,CH1,POWER,3.75
1765620096279,CH1,POWER,3.75
1765620096285,CH1,POWER,3.75
1765620096291,CH1,POWER,3.75
1765620096295,CH1,POWER,3.75
1765620096299,CH1,POWER,3.75
1765620096305,CH1,POWER,3.75
1765620096311,CH1,POWER,3.75
1765620096315,CH1,POWER,3.75
1765620096319,CH1,POWER,3.75
1765620096325,CH1,POWER,3.75
1765620096331,CH1,POWER,3.75
1765620096335,CH1,POWER,3.75
1765620096341,CH1,POWER,3.75
1765620096345,CH1,POWER,3.75
1765620096349,CH1,POWER,3.75
1765620096355,CH1,POWER,3.75
1765620096361,CH1,POWER,3.75
1765620096365,CH1,POWER,3.75
1765620096369,CH1,POWER,3.75
1765620096375,CH1,POWER,3.75
1765620096381,CH1,POWER,3.75
1765620096385,CH1,POWER,3.75
1765620096391,CH1,POWER,3.75
1765620096395,CH1,POWER,3.75
1765620096401,CH1,POWER,3.75
1765620096405,CH1,POWER,3.75
1765620096409,CH1,POWER,3.75
1765620096414,CH1,POWER,3.75
1765620096419,CH1,POWER,3.75
1765620096425,CH1,POWER,3.75
1765620096431,CH1,POWER,3.75
1765620096435,CH1,POWER,3.75
1765620096441,CH1,POWER,3.75
1765620096445,CH1,POWER,3.75
1765620096449,CH1,POWER,3.75
1765620096454,CH1,POWER,3.75
1765620096458,CH1,POWER,3.75
1765620096462,CH1,POWER,3.75
1765620096467,CH1,POWER,3.75
1765620096473,CH1,POWER,3.75
1765620096478,CH1,POWER,3.75
1765620096485,CH1,POWER,3.75
1765620096489,CH1,POWER,3.75
1765620096495,CH1,POWER,3.75
1765620096499,CH1,POWER,3.75
1765620096505,CH1,POWER,3.75
1765620096511,CH1,POWER,3.75
1765620096515,CH1,POWER,3.75
1765620096521,CH1,POWER,3.75
1765620096525,CH1,POWER,3.75
1765620096529,CH1,POWER,3.75
1765620096535,CH1,POWER,3.75
1765620096541,CH1,POWER,3.75
1765620096545,CH1,POWER,3.75
1765620096549,CH1,POWER,3.75
1765620096555,CH1,POWER,3.75
1765620096561,CH1,POWER,3.75
1765620096565,CH1,POWER,3.75
1765620096569,CH1,POWER,3.65
1765620096596,CH1,POWER,3.65
1765620096601,CH1,POWER,3.65
1765620096606,CH1,POWER,3.65
1765620096611,CH1,POWER,3.65
1765620096617,CH1,POWER,3.65
1765620096621,CH1,POWER,3.65
1765620096627,CH1,POWER,3.65
1765620096633,CH1,POWER,3.65
1765620096637,CH1,POWER,3.65
1765620096641,CH1,POWER,3.65
1765620096647,CH1,POWER,3.65
1765620096653,CH1,POWER,3.65
1765620096657,CH1,POWER,3.65
1765620096661,CH1,POWER,3.65
1765620096667,CH1,POWER,3.65
1765620096671,CH1,POWER,3.65
1765620096677,CH1,POWER,3.65
1765620096681,CH1,POWER,3.65
1765620096686,CH1,POWER,3.65
1765620096690,CH1,POWER,3.65
1765620096694,CH1,POWER,3.65
1765620096699,CH1,POWER,3.65
1765620096705,CH1,POWER,3.65
1765620096710,CH1,POWER,3.65
1765620096717,CH1,POWER,3.65
1765620096721,CH1,POWER,3.65
1765620096727,CH1,POWER,3.65
1765620096731,CH1,POWER,3.65
1765620096737,CH1,POWER,3.65
1765620096743,CH1,POWER,3.65
1765620096747,CH1,POWER,3.65
1765620096753,CH1,POWER,3.65
1765620096757,CH1,POWER,3.65
1765620096761,CH1,POWER,3.65
1765620096767,CH1,POWER,3.65
1765620096773,CH1,POWER,3.65
1765620096777,CH1,POWER,3.65
1765620096781,CH1,POWER,3.65
1765620096787,CH1,POWER,3.65
1765620096793,CH1,POWER,3.65
1765620096797,CH1,POWER,3.65
1765620096801,CH1,POWER,3.65
1765620096807,CH1,POWER,3.65
1765620096811,CH1,POWER,3.65
1765620096817,CH1,POWER,3.65
1765620096821,CH1,POWER,3.65
1765620096827,CH1,POWER,3.65
1765620096833,CH1,POWER,3.65
1765620096837,CH1,POWER,3.65
1765620096843,CH1,POWER,3.65
1765620096847,CH1,POWER,3.65
1765620096851,CH1,POWER,3.65
1765620096857,CH1,POWER,3.65
1765620096863,CH1,POWER,3.65
1765620096867,CH1,POWER,3.65
1765620096871,CH1,POWER,3.65
1765620096877,CH1,POWER,3.65
1765620096883,CH1,POWER,3.65
1765620096887,CH1,POWER,3.65
1765620096893,CH1,POWER,3.65
1765620096897,CH1,POWER,3.65
1765620096903,CH1,POWER,3.65
1765620096907,CH1,POWER,3.65
1765620096911,CH1,POWER,3.65
1765620096917,CH1,POWER,3.65
1765620096921,CH1,POWER,3.65
1765620096927,CH1,POWER,3.65
1765620096933,CH1,POWER,3.65
1765620096937,CH1,POWER,3.65
1765620096943,CH1,POWER,3.65
1765620096947,CH1,POWER,3.65
1765620096953,CH1,POWER,3.65
1765620096956,CH1,POWER,3.65
1765620096958,CH1,POWER,3.65
1765620096961,CH1,POWER,3.65
1765620096988,CH1,POWER,3.65
1765620096993,CH1,POWER,3.65
1765620096998,CH1,POWER,3.65
1765620097002,CH1,POWER,3.65
1765620097006,CH1,POWER,3.65
1765620097011,CH1,POWER,3.65
1765620097017,CH1,POWER,3.65
1765620097022,CH1,POWER,3.65
1765620097029,CH1,POWER,3.65
1765620097033,CH1,POWER,3.65
1765620097038,CH1,POWER,3.65
1765620097042,CH1,POWER,3.65
1765620097046,CH1,POWER,3.65
1765620097051,CH1,POWER,3.65
1765620097057,CH1,POWER,3.65
1765620097062,CH1,POWER,3.65
1765620097069,CH1,POWER,3.65
1765620097073,CH1,POWER,3.65
1765620097078,CH1,POWER,3.65
1765620097082,CH1,POWER,3.65
1765620097086,CH1,POWER,3.65
1765620097091,CH1,POWER,3.65
1765620097097,CH1,POWER,3.65
1765620097102,CH1,POWER,3.65
1765620097109,CH1,POWER,3.65
1765620097113,CH1,POWER,3.65
1765620097118,CH1,POWER,3.65
1765620097122,CH1,POWER,3.65
1765620097126,CH1,POWER,3.65
1765620097131,CH1,POWER,3.65
1765620097137,CH1,POWER,3.65
1765620097142,CH1,POWER,3.65
1765620097149,CH1,POWER,3.65
1765620097153,CH1,POWER,3.65
1765620097158,CH1,POWER,3.65
1765620097162,CH1,POWER,3.65
1765620097166,CH1,POWER,3.65
1765620097170,CH1,POWER,3.65
1765620097175,CH1,POWER,3.65
1765620097179,CH1,POWER,3.65
1765620097185,CH1,POWER,3.65
1765620097189,CH1,POWER,3.65
1765620097193,CH1,POWER,3.65
1765620097199,CH1,POWER,3.65
1765620097205,CH1,POWER,3.65
1765620097209,CH1,POWER,3.65
1765620097213,CH1,POWER,3.65
1765620097219,CH1,POWER,3.65
1765620097223,CH1,POWER,3.65
1765620097229,CH1,POWER,3.65
1765620097233,CH1,POWER,3.65
1765620097239,CH1,POWER,3.65
1765620097243,CH1,POWER,3.65
1765620097249,CH1,POWER,3.65
1765620097255,CH1,POWER,3.65
1765620097259,CH1,POWER,3.65
1765620097265,CH1,POWER,3.65
1765620097269,CH1,POWER,3.65
1765620097277,CH1,POWER,3.65
1765620097283,CH1,POWER,3.65
1765620097288,CH1,POWER,3.65
1765620097292,CH1,POWER,3.65
1765620097299,CH1,POWER,3.65
1765620097303,CH1,POWER,3.65
1765620097309,CH1,POWER,3.65
1765620097313,CH1,POWER,3.65
1765620097319,CH1,POWER,3.65
1765620097323,CH1,POWER,3.65
1765620097329,CH1,POWER,3.65
1765620097335,CH1,POWER,3.65
1765620097339,CH1,POWER,3.65
1765620097343,CH1,POWER,3.65
1765620097349,CH1,POWER,3.65
1765620097355,CH1,POWER,3.65
1765620097358,CH1,POWER,3.75
1765620097360,CH1,POWER,3.75
1765620097363,CH1,POWER,3.75
1765620097390,CH1,POWER,3.75
1765620097395,CH1,POWER,3.75
1765620097400,CH1,POWER,3.75
1765620097404,CH1,POWER,3.75
1765620097411,CH1,POWER,3.75
1765620097415,CH1,POWER,3.75
1765620097421,CH1,POWER,3.75
1765620097427,CH1,POWER,3.75
1765620097431,CH1,POWER,3.75
1765620097437,CH1,POWER,3.75
1765620097441,CH1,POWER,3.75
1765620097447,CH1,POWER,3.75
1765620097451,CH1,POWER,3.75
1765620097457,CH1,POWER,3.75
1765620097461,CH1,POWER,3.75
1765620097465,CH1,POWER,3.75
1765620097471,CH1,POWER,3.75
1765620097477,CH1,POWER,3.75
1765620097481,CH1,POWER,3.75
1765620097485,CH1,POWER,3.75
1765620097491,CH1,POWER,3.75
1765620097497,CH1,POWER,3.75
1765620097501,CH1,POWER,3.75
1765620097505,CH1,POWER,3.75
1765620097510,CH1,POWER,3.75
1765620097515,CH1,POWER,3.75
1765620097521,CH1,POWER,3.75
1765620097527,CH1,POWER,3.75
1765620097531,CH1,POWER,3.75
1765620097535,CH1,POWER,3.75
1765620097540,CH1,POWER,3.75
1765620097545,CH1,POWER,3.75
1765620097551,CH1,POWER,3.75
1765620097557,CH1,POWER,3.75
1765620097561,CH1,POWER,3.75
1765620097565,CH1,POWER,3.75
1765620097571,CH1,POWER,3.75
1765620097577,CH1,POWER,3.75
1765620097581,CH1,POWER,3.75
1765620097587,CH1,POWER,3.75
1765620097591,CH1,POWER,3.75
1765620097597,CH1,POWER,3.75
1765620097601,CH1,POWER,3.75
1765620097605,CH1,POWER,3.75
1765620097610,CH1,POWER,3.75
1765620097614,CH1,POWER,3.75
1765620097618,CH1,POWER,3.75
1765620097624,CH1,POWER,3.75
1765620097631,CH1,POWER,3.75
1765620097637,CH1,POWER,3.75
1765620097641,CH1,POWER,3.75
1765620097645,CH1,POWER,3.75
1765620097651,CH1,POWER,3.75
1765620097657,CH1,POWER,3.75
1765620097661,CH1,POWER,3.75
1765620097667,CH1,POWER,3.75
1765620097671,CH1,POWER,3.75
1765620097677,CH1,POWER,3.75
1765620097681,CH1,POWER,3.75
1765620097685,CH1,POWER,3.75
1765620097691,CH1,POWER,3.75
1765620097695,CH1,POWER,3.75
1765620097701,CH1,POWER,3.75
1765620097705,CH1,POWER,3.75
1765620097711,CH1,POWER,3.75
1765620097717,CH1,POWER,3.75
1765620097721,CH1,POWER,3.75
1765620097725,CH1,POWER,3.75
1765620097731,CH1,POWER,3.75
1765620097737,CH1,POWER,3.75
1765620097741,CH1,POWER,3.75
1765620097747,CH1,POWER,3.75
1765620097750,CH1,POWER,3.70
1765620097752,CH1,POWER,3.70
1765620097755,CH1,POWER,3.70
1765620097782,CH1,POWER,3.70
1765620097787,CH1,POWER,3.70
1765620097792,CH1,POWER,3.70
1765620097796,CH1,POWER,3.70
1765620097800,CH1,POWER,3.70
1765620097805,CH1,POWER,3.70
1765620097811,CH1,POWER,3.70
1765620097816,CH1,POWER,3.70
1765620097823,CH1,POWER,3.70
1765620097829,CH1,POWER,3.70
1765620097833,CH1,POWER,3.70
1765620097837,CH1,POWER,3.70
1765620097843,CH1,POWER,3.70
1765620097849,CH1,POWER,3.70
1765620097853,CH1,POWER,3.70
1765620097857,CH1,POWER,3.70
1765620097863,CH1,POWER,3.70
1765620097871,CH1,POWER,3.70
1765620097876,CH1,POWER,3.70
1765620097883,CH1,POWER,3.70
1765620097889,CH1,POWER,3.70
1765620097893,CH1,POWER,3.70
1765620097899,CH1,POWER,3.70
1765620097903,CH1,POWER,3.70
1765620097907,CH1,POWER,3.70
1765620097913,CH1,POWER,3.70
1765620097919,CH1,POWER,3.70
1765620097923,CH1,POWER,3.70
1765620097927,CH1,POWER,3.70
1765620097932,CH1,POWER,3.70
1765620097937,CH1,POWER,3.70
1765620097943,CH1,POWER,3.70
1765620097949,CH1,POWER,3.70
1765620097953,CH1,POWER,3.70
1765620097957,CH1,POWER,3.70
1765620097963,CH1,POWER,3.70
1765620097969,CH1,POWER,3.70
1765620097973,CH1,POWER,3.70
1765620097977,CH1,POWER,3.70
1765620097983,CH1,POWER,3.70
1765620097989,CH1,POWER,3.70
1765620097993,CH1,POWER,3.70
1765620097999,CH1,POWER,3.70
1765620098003,CH1,POWER,3.70
1765620098009,CH1,POWER,3.70
1765620098013,CH1,POWER,3.70
1765620098017,CH1,POWER,3.70
1765620098023,CH1,POWER,3.70
1765620098027,CH1,POWER,3.70
1765620098032,CH1,POWER,3.70
1765620098036,CH1,POWER,3.70
1765620098040,CH1,POWER,3.70
1765620098044,CH1,POWER,3.70
1765620098051,CH1,POWER,3.70
1765620098056,CH1,POWER,3.70
1765620098063,CH1,POWER,3.70
1765620098071,CH1,POWER,3.70
1765620098076,CH1,POWER,3.70
1765620098080,CH1,POWER,3.70
1765620098085,CH1,POWER,3.70
1765620098091,CH1,POWER,3.70
1765620098096,CH1,POWER,3.70
1765620098103,CH1,POWER,3.70
1765620098109,CH1,POWER,3.70
1765620098113,CH1,POWER,3.70
1765620098121,CH1,POWER,3.70
1765620098126,CH1,POWER,3.70
1765620098133,CH1,POWER,3.70
1765620098141,CH1,POWER,3.70
1765620098146,CH1,POWER,3.70
1765620098172,CH1,POWER,3.75
1765620098176,CH1,POWER,3.75
1765620098180,CH1,POWER,3.75
1765620098185,CH1,POWER,3.75
1765620098189,CH1,POWER,3.75
1765620098194,CH1,POWER,3.75
1765620098198,CH1,POWER,3.75
1765620098202,CH1,POWER,3.75
1765620098207,CH1,POWER,3.75
1765620098213,CH1,POWER,3.75
1765620098217,CH1,POWER,3.75
1765620098223,CH1,POWER,3.75
1765620098228,CH1,POWER,3.75
1765620098232,CH1,POWER,3.75
1765620098237,CH1,POWER,3.75
1765620098243,CH1,POWER,3.75
1765620098248,CH1,POWER,3.75
1765620098255,CH1,POWER,3.75
1765620098259,CH1,POWER,3.75
1765620098264,CH1,POWER,3.75
1765620098268,CH1,POWER,3.75
1765620098274,CH1,POWER,3.75
1765620098279,CH1,POWER,3.75
1765620098285,CH1,POWER,3.75
1765620098291,CH1,POWER,3.75
1765620098295,CH1,POWER,3.75
1765620098299,CH1,POWER,3.75
1765620098305,CH1,POWER,3.75
1765620098313,CH1,POWER,3.75
1765620098318,CH1,POWER,3.75
1765620098322,CH1,POWER,3.75
1765620098327,CH1,POWER,3.75
1765620098332,CH1,POWER,3.75
1765620098337,CH1,POWER,3.75
1765620098343,CH1,POWER,3.75
1765620098347,CH1,POWER,3.75
1765620098355,CH1,POWER,3.75
1765620098363,CH1,POWER,3.75
1765620098368,CH1,POWER,3.75
1765620098374,CH1,POWER,3.75
1765620098379,CH1,POWER,3.75
1765620098385,CH1,POWER,3.75
1765620098389,CH1,POWER,3.75
1765620098395,CH1,POWER,3.75
1765620098401,CH1,POWER,3.75
1765620098405,CH1,POWER,3.75
1765620098409,CH1,POWER,3.75
1765620098415,CH1,POWER,3.75
1765620098421,CH1,POWER,3.75
1765620098425,CH1,POWER,3.75
1765620098429,CH1,POWER,3.75
1765620098434,CH1,POWER,3.75
1765620098439,CH1,POWER,3.75
1765620098444,CH1,POWER,3.75
1765620098451,CH1,POWER,3.75
1765620098455,CH1,POWER,3.75
1765620098460,CH1,POWER,3.75
1765620098465,CH1,POWER,3.75
1765620098471,CH1,POWER,3.75
1765620098475,CH1,POWER,3.75
1765620098479,CH1,POWER,3.75
1765620098485,CH1,POWER,3.75
1765620098491,CH1,POWER,3.75
1765620098495,CH1,POWER,3.75
1765620098503,CH1,POWER,3.75
1765620098507,CH1,POWER,3.75
1765620098512,CH1,POWER,3.75
1765620098516,CH1,POWER,3.75
1765620098521,CH1,POWER,3.75
1765620098525,CH1,POWER,3.75
1765620098533,CH1,POWER,3.75
1765620098536,CH1,POWER,3.65
1765620098539,CH1,POWER,3.65
1765620098566,CH1,POWER,3.65
1765620098571,CH1,POWER,3.65
1765620098577,CH1,POWER,3.65
1765620098581,CH1,POWER,3.65
1765620098586,CH1,POWER,3.65
1765620098590,CH1,POWER,3.65
1765620098594,CH1,POWER,3.65
1765620098598,CH1,POWER,3.65
1765620098603,CH1,POWER,3.65
1765620098607,CH1,POWER,3.65
1765620098615,CH1,POWER,3.65
1765620098620,CH1,POWER,3.65
1765620098627,CH1,POWER,3.65
1765620098635,CH1,POWER,3.65
1765620098640,CH1,POWER,3.65
1765620098647,CH1,POWER,3.65
1765620098652,CH1,POWER,3.65
1765620098657,CH1,POWER,3.65
1765620098662,CH1,POWER,3.65
1765620098667,CH1,POWER,3.65
1765620098673,CH1,POWER,3.65
1765620098677,CH1,POWER,3.65
1765620098682,CH1,POWER,3.65
1765620098687,CH1,POWER,3.65
1765620098691,CH1,POWER,3.65
1765620098697,CH1,POWER,3.65
1765620098703,CH1,POWER,3.65
1765620098707,CH1,POWER,3.65
1765620098711,CH1,POWER,3.65
1765620098717,CH1,POWER,3.65
1765620098723,CH1,POWER,3.65
1765620098727,CH1,POWER,3.65
1765620098731,CH1,POWER,3.65
1765620098737,CH1,POWER,3.65
1765620098743,CH1,POWER,3.65
1765620098747,CH1,POWER,3.65
1765620098751,CH1,POWER,3.65
1765620098756,CH1,POWER,3.65
1765620098763,CH1,POWER,3.65
1765620098767,CH1,POWER,3.65
1765620098773,CH1,POWER,3.65
1765620098777,CH1,POWER,3.65
1765620098785,CH1,POWER,3.65
1765620098791,CH1,POWER,3.65
1765620098796,CH1,POWER,3.65
1765620098800,CH1,POWER,3.65
1765620098807,CH1,POWER,3.65
1765620098815,CH1,POWER,3.65
1765620098820,CH1,POWER,3.65
1765620098827,CH1,POWER,3.65
1765620098833,CH1,POWER,3.65
1765620098837,CH1,POWER,3.65
1765620098843,CH1,POWER,3.65
1765620098847,CH1,POWER,3.65
1765620098855,CH1,POWER,3.65
1765620098860,CH1,POWER,3.65
1765620098864,CH1,POWER,3.65
1765620098869,CH1,POWER,3.65
1765620098875,CH1,POWER,3.65
1765620098880,CH1,POWER,3.65
1765620098884,CH1,POWER,3.65
1765620098890,CH1,POWER,3.65
1765620098897,CH1,POWER,3.65
1765620098902,CH1,POWER,3.65
1765620098907,CH1,POWER,3.65
1765620098912,CH1,POWER,3.65
1765620098917,CH1,POWER,3.65
1765620098922,CH1,POWER,3.65
1765620098927,CH1,POWER,3.65
1765620098930,CH1,POWER,3.60
1765620098956,CH1,POWER,3.60
1765620098961,CH1,POWER,3.60
1765620098966,CH1,POWER,3.60
1765620098970,CH1,POWER,3.60
1765620098975,CH1,POWER,3.60
1765620098979,CH1,POWER,3.60
1765620098984,CH1,POWER,3.60
1765620098989,CH1,POWER,3.60
1765620098994,CH1,POWER,3.60
1765620098999,CH1,POWER,3.60
1765620099005,CH1,POWER,3.60
1765620099009,CH1,POWER,3.60
1765620099017,CH1,POWER,3.60
1765620099023,CH1,POWER,3.60
1765620099028,CH1,POWER,3.60
1765620099035,CH1,POWER,3.60
1765620099039,CH1,POWER,3.60
1765620099043,CH1,POWER,3.60
1765620099048,CH1,POWER,3.60
1765620099052,CH1,POWER,3.60
1765620099059,CH1,POWER,3.60
1765620099065,CH1,POWER,3.60
1765620099069,CH1,POWER,3.60
1765620099075,CH1,POWER,3.60
1765620099079,CH1,POWER,3.60
1765620099083,CH1,POWER,3.60
1765620099088,CH1,POWER,3.60
1765620099093,CH1,POWER,3.60
1765620099099,CH1,POWER,3.60
1765620099107,CH1,POWER,3.60
1765620099112,CH1,POWER,3.60
1765620099116,CH1,POWER,3.60
1765620099121,CH1,POWER,3.60
1765620099127,CH1,POWER,3.60
1765620099132,CH1,POWER,3.60
1765620099139,CH1,POWER,3.60
1765620099147,CH1,POWER,3.60
1765620099152,CH1,POWER,3.60
1765620099156,CH1,POWER,3.60
1765620099160,CH1,POWER,3.60
1765620099167,CH1,POWER,3.60
1765620099173,CH1,POWER,3.60
1765620099179,CH1,POWER,3.60
1765620099185,CH1,POWER,3.60
1765620099189,CH1,POWER,3.60
1765620099194,CH1,POWER,3.60
1765620099199,CH1,POWER,3.60
1765620099203,CH1,POWER,3.60
1765620099209,CH1,POWER,3.60
1765620099215,CH1,POWER,3.60
1765620099219,CH1,POWER,3.60
1765620099227,CH1,POWER,3.60
1765620099232,CH1,POWER,3.60
1765620099239,CH1,POWER,3.60
1765620099243,CH1,POWER,3.60
1765620099248,CH1,POWER,3.60
1765620099253,CH1,POWER,3.60
1765620099258,CH1,POWER,3.60
1765620099263,CH1,POWER,3.60
1765620099269,CH1,POWER,3.60
1765620099277,CH1,POWER,3.60
1765620099282,CH1,POWER,3.60
1765620099286,CH1,POWER,3.60
1765620099291,CH1,POWER,3.60
1765620099297,CH1,POWER,3.60
1765620099302,CH1,POWER,3.60
1765620099306,CH1,POWER,3.60
1765620099312,CH1,POWER,3.60
1765620099319,CH1,POWER,3.60
1765620099322,CH1,POWER,3.75
1765620099348,CH1,POWER,3.75
1765620099353,CH1,POWER,3.75
1765620099358,CH1,POWER,3.75
1765620099362,CH1,POWER,3.75
1765620099366,CH1,POWER,3.75
1765620099371,CH1,POWER,3.75
1765620099375,CH1,POWER,3.75
1765620099381,CH1,POWER,3.75
1765620099387,CH1,POWER,3.75
1765620099391,CH1,POWER,3.75
1765620099395,CH1,POWER,3.75
1765620099401,CH1,POWER,3.75
1765620099407,CH1,POWER,3.75
1765620099411,CH1,POWER,3.75
1765620099419,CH1,POWER,3.75
1765620099424,CH1,POWER,3.75
1765620099431,CH1,POWER,3.75
1765620099435,CH1,POWER,3.75
1765620099440,CH1,POWER,3.75
1765620099444,CH1,POWER,3.75
1765620099448,CH1,POWER,3.75
1765620099453,CH1,POWER,3.75
1765620099459,CH1,POWER,3.75
1765620099464,CH1,POWER,3.75
1765620099470,CH1,POWER,3.75
1765620099474,CH1,POWER,3.75
1765620099480,CH1,POWER,3.75
1765620099487,CH1,POWER,3.75
1765620099491,CH1,POWER,3.75
1765620099496,CH1,POWER,3.75
1765620099501,CH1,POWER,3.75
1765620099509,CH1,POWER,3.75
1765620099514,CH1,POWER,3.75
1765620099518,CH1,POWER,3.75
1765620099522,CH1,POWER,3.75
1765620099527,CH1,POWER,3.75
1765620099531,CH1,POWER,3.75
1765620099536,CH1,POWER,3.75
1765620099541,CH1,POWER,3.75
1765620099545,CH1,POWER,3.75
1765620099551,CH1,POWER,3.75
1765620099555,CH1,POWER,3.75
1765620099561,CH1,POWER,3.75
1765620099565,CH1,POWER,3.75
1765620099570,CH1,POWER,3.75
1765620099576,CH1,POWER,3.75
1765620099581,CH1,POWER,3.75
1765620099587,CH1,POWER,3.75
1765620099591,CH1,POWER,3.75
1765620099599,CH1,POWER,3.75
1765620099604,CH1,POWER,3.75
1765620099611,CH1,POWER,3.75
1765620099619,CH1,POWER,3.75
1765620099624,CH1,POWER,3.75
1765620099630,CH1,POWER,3.75
1765620099635,CH1,POWER,3.75
1765620099641,CH1,POWER,3.75
1765620099649,CH1,POWER,3.75
1765620099654,CH1,POWER,3.75
1765620099660,CH1,POWER,3.75
1765620099665,CH1,POWER,3.75
1765620099671,CH1,POWER,3.75
1765620099676,CH1,POWER,3.75
1765620099681,CH1,POWER,3.75
1765620099686,CH1,POWER,3.75
1765620099691,CH1,POWER,3.75
1765620099696,CH1,POWER,3.75
1765620099701,CH1,POWER,3.75
1765620099709,CH1,POWER,3.75
1765620099713,CH1,POWER,3.75
1765620099715,CH1,POWER,3.75
1765620099743,CH1,POWER,3.75
1765620099749,CH1,POWER,3.75
1765620099753,CH1,POWER,3.75
1765620099759,CH1,POWER,3.75
1765620099763,CH1,POWER,3.75
1765620099768,CH1,POWER,3.75
1765620099773,CH1,POWER,3.75
1765620099777,CH1,POWER,3.75
1765620099782,CH1,POWER,3.75
1765620099787,CH1,POWER,3.75
1765620099793,CH1,POWER,3.75
1765620099798,CH1,POWER,3.75
1765620099803,CH1,POWER,3.75
1765620099808,CH1,POWER,3.75
1765620099813,CH1,POWER,3.75
1765620099818,CH1,POWER,3.75
1765620099823,CH1,POWER,3.75
1765620099831,CH1,POWER,3.75
1765620099836,CH1,POWER,3.75
1765620099843,CH1,POWER,3.75
1765620099849,CH1,POWER,3.75
1765620099853,CH1,POWER,3.75
1765620099858,CH1,POWER,3.75
1765620099863,CH1,POWER,3.75
1765620099869,CH1,POWER,3.75
1765620099873,CH1,POWER,3.75
1765620099877,CH1,POWER,3.75
1765620099883,CH1,POWER,3.75
1765620099888,CH1,POWER,3.75
1765620099893,CH1,POWER,3.75
1765620099899,CH1,POWER,3.75
1765620099903,CH1,POWER,3.75
1765620099908,CH1,POWER,3.75
1765620099913,CH1,POWER,3.75
1765620099921,CH1,POWER,3.75
1765620099926,CH1,POWER,3.75
1765620099932,CH1,POWER,3.75
1765620099937,CH1,POWER,3.75
1765620099943,CH1,POWER,3.75
1765620099949,CH1,POWER,3.75
1765620099953,CH1,POWER,3.75
1765620099957,CH1,POWER,3.75
1765620099962,CH1,POWER,3.75
1765620099966,CH1,POWER,3.75
1765620099972,CH1,POWER,3.75
1765620099979,CH1,POWER,3.75
1765620099983,CH1,POWER,3.75
1765620099991,CH1,POWER,3.75
1765620099996,CH1,POWER,3.75
1765620100003,CH1,POWER,3.75
1765620100008,CH1,POWER,3.75
1765620100013,CH1,POWER,3.75
1765620100021,CH1,POWER,3.75
1765620100026,CH1,POWER,3.75
1765620100033,CH1,POWER,3.75
1765620100041,CH1,POWER,3.75
1765620100046,CH1,POWER,3.75
1765620100053,CH1,POWER,3.75
1765620100059,CH1,POWER,3.75
1765620100063,CH1,POWER,3.75
1765620100068,CH1,POWER,3.75
1765620100073,CH1,POWER,3.75
1765620100081,CH1,POWER,3.75
1765620100086,CH1,POWER,3.75
1765620100093,CH1,POWER,3.75
1765620100098,CH1,POWER,3.75
1765620100103,CH1,POWER,3.75
1765620100107,CH1,POWER,3.75
1765620100135,CH1,POWER,3.75
1765620100141,CH1,POWER,3.75
1765620100145,CH1,POWER,3.75
1765620100151,CH1,POWER,3.75
1765620100155,CH1,POWER,3.75
1765620100160,CH1,POWER,3.75
1765620100165,CH1,POWER,3.75
1765620100170,CH1,POWER,3.75
1765620100175,CH1,POWER,3.75
1765620100180,CH1,POWER,3.75
1765620100185,CH1,POWER,3.75
1765620100190,CH1,POWER,3.75
1765620100195,CH1,POWER,3.75
1765620100200,CH1,POWER,3.75
1765620100205,CH1,POWER,3.75
1765620100213,CH1,POWER,3.75
1765620100218,CH1,POWER,3.75
1765620100224,CH1,POWER,3.75
1765620100229,CH1,POWER,3.75
1765620100234,CH1,POWER,3.75
1765620100238,CH1,POWER,3.75
1765620100245,CH1,POWER,3.75
1765620100250,CH1,POWER,3.75
1765620100255,CH1,POWER,3.75
1765620100260,CH1,POWER,3.75
1765620100265,CH1,POWER,3.75
1765620100273,CH1,POWER,3.75
1765620100278,CH1,POWER,3.75
1765620100285,CH1,POWER,3.75
1765620100290,CH1,POWER,3.75
1765620100295,CH1,POWER,3.75
1765620100300,CH1,POWER,3.75
1765620100305,CH1,POWER,3.75
1765620100313,CH1,POWER,3.75
1765620100318,CH1,POWER,3.75
1765620100324,CH1,POWER,3.75
1765620100329,CH1,POWER,3.75
1765620100335,CH1,POWER,3.75
1765620100340,CH1,POWER,3.75
1765620100345,CH1,POWER,3.75
1765620100350,CH1,POWER,3.75
1765620100355,CH1,POWER,3.75
1765620100363,CH1,POWER,3.75
1765620100368,CH1,POWER,3.75
1765620100375,CH1,POWER,3.75
1765620100380,CH1,POWER,3.75
1765620100385,CH1,POWER,3.75
1765620100389,CH1,POWER,3.75
1765620100394,CH1,POWER,3.75
1765620100398,CH1,POWER,3.75
1765620100405,CH1,POWER,3.75
1765620100409,CH1,POWER,3.75
1765620100414,CH1,POWER,3.75
1765620100418,CH1,POWER,3.75
1765620100425,CH1,POWER,3.75
1765620100430,CH1,POWER,3.75
1765620100435,CH1,POWER,3.75
1765620100440,CH1,POWER,3.75
1765620100445,CH1,POWER,3.75
1765620100449,CH1,POWER,3.75
1765620100454,CH1,POWER,3.75
1765620100458,CH1,POWER,3.75
1765620100465,CH1,POWER,3.75
1765620100469,CH1,POWER,3.75
1765620100475,CH1,POWER,3.75
1765620100480,CH1,POWER,3.75
1765620100485,CH1,POWER,3.75
1765620100489,CH1,POWER,3.75
1765620100495,CH1,POWER,3.75
1765620100498,CH1,POWER,3.75
1765620100526,CH1,POWER,3.75
1765620100531,CH1,POWER,3.75
1765620100536,CH1,POWER,3.75
1765620100541,CH1,POWER,3.75
1765620100547,CH1,POWER,3.75
1765620100552,CH1,POWER,3.75
1765620100557,CH1,POWER,3.75
1765620100562,CH1,POWER,3.75
1765620100567,CH1,POWER,3.75
1765620100573,CH1,POWER,3.75
1765620100577,CH1,POWER,3.75
1765620100585,CH1,POWER,3.75
1765620100591,CH1,POWER,3.75
1765620100597,CH1,POWER,3.75
1765620100602,CH1,POWER,3.75
1765620100607,CH1,POWER,3.75
1765620100615,CH1,POWER,3.75
1765620100620,CH1,POWER,3.75
1765620100627,CH1,POWER,3.75
1765620100633,CH1,POWER,3.75
1765620100637,CH1,POWER,3.75
1765620100643,CH1,POWER,3.75
1765620100647,CH1,POWER,3.75
1765620100652,CH1,POWER,3.75
1765620100657,CH1,POWER,3.75
1765620100661,CH1,POWER,3.75
1765620100667,CH1,POWER,3.75
1765620100675,CH1,POWER,3.75
1765620100680,CH1,POWER,3.75
1765620100687,CH1,POWER,3.75
1765620100693,CH1,POWER,3.75
1765620100697,CH1,POWER,3.75
1765620100702,CH1,POWER,3.75
1765620100707,CH1,POWER,3.75
1765620100712,CH1,POWER,3.75
1765620100717,CH1,POWER,3.75
1765620100723,CH1,POWER,3.75
1765620100727,CH1,POWER,3.75
1765620100735,CH1,POWER,3.75
1765620100740,CH1,POWER,3.75
1765620100744,CH1,POWER,3.75
1765620100749,CH1,POWER,3.75
1765620100757,CH1,POWER,3.75
1765620100762,CH1,POWER,3.75
1765620100767,CH1,POWER,3.75
1765620100771,CH1,POWER,3.75
1765620100777,CH1,POWER,3.75
1765620100781,CH1,POWER,3.75
1765620100787,CH1,POWER,3.75
1765620100792,CH1,POWER,3.75
1765620100797,CH1,POWER,3.75
1765620100805,CH1,POWER,3.75
1765620100810,CH1,POWER,3.75
1765620100817,CH1,POWER,3.75
1765620100822,CH1,POWER,3.75
1765620100827,CH1,POWER,3.75
1765620100831,CH1,POWER,3.75
1765620100837,CH1,POWER,3.75
1765620100842,CH1,POWER,3.75
1765620100847,CH1,POWER,3.75
1765620100851,CH1,POWER,3.75
1765620100856,CH1,POWER,3.75
1765620100863,CH1,POWER,3.75
1765620100867,CH1,POWER,3.75
1765620100871,CH1,POWER,3.75
1765620100876,CH1,POWER,3.75
1765620100880,CH1,POWER,3.75
1765620100886,CH1,POWER,3.75
1765620100888,CH1,POWER,3.90
1765620100891,CH1,POWER,3.90
1765620100919,CH1,POWER,3.90
1765620100924,CH1,POWER,3.90
1765620100929,CH1,POWER,3.90
1765620100937,CH1,POWER,3.90
1765620100942,CH1,POWER,3.90
1765620100949,CH1,POWER,3.90
1765620100957,CH1,POWER,3.90
1765620100962,CH1,POWER,3.90
1765620100966,CH1,POWER,3.90
1765620100971,CH1,POWER,3.90
1765620100977,CH1,POWER,3.90
1765620100981,CH1,POWER,3.90
1765620100989,CH1,POWER,3.90
1765620100993,CH1,POWER,3.90
1765620100998,CH1,POWER,3.90
1765620101002,CH1,POWER,3.90
1765620101008,CH1,POWER,3.90
1765620101013,CH1,POWER,3.90
1765620101019,CH1,POWER,3.90
1765620101024,CH1,POWER,3.90
1765620101029,CH1,POWER,3.90
1765620101033,CH1,POWER,3.90
1765620101039,CH1,POWER,3.90
1765620101044,CH1,POWER,3.90
1765620101049,CH1,POWER,3.90
1765620101053,CH1,POWER,3.90
1765620101059,CH1,POWER,3.90
1765620101064,CH1,POWER,3.90
1765620101069,CH1,POWER,3.90
1765620101074,CH1,POWER,3.90
1765620101079,CH1,POWER,3.90
1765620101084,CH1,POWER,3.90
1765620101089,CH1,POWER,3.90
1765620101093,CH1,POWER,3.90
1765620101099,CH1,POWER,3.90
1765620101104,CH1,POWER,3.90
1765620101109,CH1,POWER,3.90
1765620101114,CH1,POWER,3.90
1765620101119,CH1,POWER,3.90
1765620101124,CH1,POWER,3.90
1765620101129,CH1,POWER,3.90
1765620101137,CH1,POWER,3.90
1765620101142,CH1,POWER,3.90
1765620101149,CH1,POWER,3.90
1765620101154,CH1,POWER,3.90
1765620101159,CH1,POWER,3.90
1765620101163,CH1,POWER,3.90
1765620101168,CH1,POWER,3.90
1765620101172,CH1,POWER,3.90
1765620101176,CH1,POWER,3.90
1765620101180,CH1,POWER,3.90
1765620101187,CH1,POWER,3.90
1765620101192,CH1,POWER,3.90
1765620101199,CH1,POWER,3.90
1765620101204,CH1,POWER,3.90
1765620101209,CH1,POWER,3.90
1765620101213,CH1,POWER,3.90
1765620101219,CH1,POWER,3.90
1765620101224,CH1,POWER,3.90
1765620101229,CH1,POWER,3.90
1765620101233,CH1,POWER,3.90
1765620101239,CH1,POWER,3.90
1765620101247,CH1,POWER,3.90
1765620101252,CH1,POWER,3.90
1765620101256,CH1,POWER,3.90
1765620101261,CH1,POWER,3.90
1765620101267,CH1,POWER,3.90
1765620101271,CH1,POWER,3.90
1765620101276,CH1,POWER,3.90
1765620101280,CH1,POWER,3.90
1765620101308,CH1,POWER,3.75
1765620101314,CH1,POWER,3.75
1765620101321,CH1,POWER,3.75
1765620101325,CH1,POWER,3.75
1765620101330,CH1,POWER,3.75
1765620101334,CH1,POWER,3.75
1765620101341,CH1,POWER,3.75
1765620101345,CH1,POWER,3.75
1765620101351,CH1,POWER,3.75
1765620101355,CH1,POWER,3.75
1765620101360,CH1,POWER,3.75
1765620101367,CH1,POWER,3.75
1765620101371,CH1,POWER,3.75
1765620101375,CH1,POWER,3.75
1765620101380,CH1,POWER,3.75
1765620101385,CH1,POWER,3.75
1765620101391,CH1,POWER,3.75
1765620101399,CH1,POWER,3.75
1765620101404,CH1,POWER,3.75
1765620101408,CH1,POWER,3.75
1765620101413,CH1,POWER,3.75
1765620101419,CH1,POWER,3.75
1765620101424,CH1,POWER,3.75
1765620101431,CH1,POWER,3.75
1765620101435,CH1,POWER,3.75
1765620101440,CH1,POWER,3.75
1765620101444,CH1,POWER,3.75
1765620101450,CH1,POWER,3.75
1765620101455,CH1,POWER,3.75
1765620101461,CH1,POWER,3.75
1765620101466,CH1,POWER,3.75
1765620101471,CH1,POWER,3.75
1765620101475,CH1,POWER,3.75
1765620101481,CH1,POWER,3.75
1765620101486,CH1,POWER,3.75
1765620101491,CH1,POWER,3.75
1765620101496,CH1,POWER,3.75
1765620101501,CH1,POWER,3.75
1765620101506,CH1,POWER,3.75
1765620101511,CH1,POWER,3.75
1765620101515,CH1,POWER,3.75
1765620101521,CH1,POWER,3.75
1765620101527,CH1,POWER,3.75
1765620101531,CH1,POWER,3.75
1765620101536,CH1,POWER,3.75
1765620101541,CH1,POWER,3.75
1765620101546,CH1,POWER,3.75
1765620101551,CH1,POWER,3.75
1765620101555,CH1,POWER,3.75
1765620101561,CH1,POWER,3.75
1765620101565,CH1,POWER,3.75
1765620101571,CH1,POWER,3.75
1765620101576,CH1,POWER,3.75
1765620101581,CH1,POWER,3.75
1765620101586,CH1,POWER,3.75
1765620101591,CH1,POWER,3.75
1765620101596,CH1,POWER,3.75
1765620101601,CH1,POWER,3.75
1765620101605,CH1,POWER,3.75
1765620101611,CH1,POWER,3.75
1765620101616,CH1,POWER,3.75
1765620101621,CH1,POWER,3.75
1765620101626,CH1,POWER,3.75
1765620101631,CH1,POWER,3.75
1765620101636,CH1,POWER,3.75
1765620101641,CH1,POWER,3.75
1765620101649,CH1,POWER,3.75
1765620101653,CH1,POWER,3.75
1765620101658,CH1,POWER,3.75
1765620101662,CH1,POWER,3.75
1765620101669,CH1,POWER,3.75
1765620101672,CH1,POWER,3.70
1765620101674,CH1,POWER,3.70
1765620101702,CH1,POWER,3.70
1765620101707,CH1,POWER,3.70
1765620101712,CH1,POWER,3.70
1765620101717,CH1,POWER,3.70
1765620101722,CH1,POWER,3.70
1765620101727,CH1,POWER,3.70
1765620101733,CH1,POWER,3.70
1765620101738,CH1,POWER,3.70
1765620101743,CH1,POWER,3.70
1765620101751,CH1,POWER,3.70
1765620101756,CH1,POWER,3.70
1765620101760,CH1,POWER,3.70
1765620101765,CH1,POWER,3.70
1765620101771,CH1,POWER,3.70
1765620101775,CH1,POWER,3.70
1765620101781,CH1,POWER,3.70
1765620101786,CH1,POWER,3.70
1765620101790,CH1,POWER,3.70
1765620101795,CH1,POWER,3.70
1765620101800,CH1,POWER,3.70
1765620101806,CH1,POWER,3.70
1765620101813,CH1,POWER,3.70
1765620101821,CH1,POWER,3.70
1765620101826,CH1,POWER,3.70
1765620101833,CH1,POWER,3.70
1765620101838,CH1,POWER,3.70
1765620101843,CH1,POWER,3.70
1765620101848,CH1,POWER,3.70
1765620101853,CH1,POWER,3.70
1765620101857,CH1,POWER,3.70
1765620101863,CH1,POWER,3.70
1765620101867,CH1,POWER,3.70
1765620101873,CH1,POWER,3.70
1765620101878,CH1,POWER,3.70
1765620101883,CH1,POWER,3.70
1765620101888,CH1,POWER,3.70
1765620101893,CH1,POWER,3.70
1765620101898,CH1,POWER,3.70
1765620101903,CH1,POWER,3.70
1765620101907,CH1,POWER,3.70
1765620101913,CH1,POWER,3.70
1765620101918,CH1,POWER,3.70
1765620101923,CH1,POWER,3.70
1765620101928,CH1,POWER,3.70
1765620101933,CH1,POWER,3.70
1765620101938,CH1,POWER,3.70
1765620101943,CH1,POWER,3.70
1765620101948,CH1,POWER,3.70
1765620101953,CH1,POWER,3.70
1765620101961,CH1,POWER,3.70
1765620101965,CH1,POWER,3.70
1765620101970,CH1,POWER,3.70
1765620101974,CH1,POWER,3.70
1765620101978,CH1,POWER,3.70
1765620101983,CH1,POWER,3.70
1765620101991,CH1,POWER,3.70
1765620101995,CH1,POWER,3.70
1765620102000,CH1,POWER,3.70
1765620102004,CH1,POWER,3.70
1765620102008,CH1,POWER,3.70
1765620102013,CH1,POWER,3.70
1765620102021,CH1,POWER,3.70
1765620102026,CH1,POWER,3.70
1765620102033,CH1,POWER,3.70
1765620102041,CH1,POWER,3.70
1765620102046,CH1,POWER,3.70
1765620102053,CH1,POWER,3.70
1765620102058,CH1,POWER,3.70
1765620102063,CH1,POWER,3.70
1765620102066,CH1,POWER,3.80
1765620102092,CH1,POWER,3.80
1765620102097,CH1,POWER,3.80
1765620102102,CH1,POWER,3.80
1765620102106,CH1,POWER,3.80
1765620102113,CH1,POWER,3.80
1765620102118,CH1,POWER,3.80
1765620102125,CH1,POWER,3.80
1765620102130,CH1,POWER,3.80
1765620102135,CH1,POWER,3.80
1765620102140,CH1,POWER,3.80
1765620102145,CH1,POWER,3.80
1765620102149,CH1,POWER,3.80
1765620102154,CH1,POWER,3.80
1765620102158,CH1,POWER,3.80
1765620102165,CH1,POWER,3.80
1765620102173,CH1,POWER,3.80
1765620102178,CH1,POWER,3.80
1765620102184,CH1,POWER,3.80
1765620102188,CH1,POWER,3.80
1765620102195,CH1,POWER,3.80
1765620102200,CH1,POWER,3.80
1765620102205,CH1,POWER,3.80
1765620102210,CH1,POWER,3.80
1765620102215,CH1,POWER,3.80
1765620102219,CH1,POWER,3.80
1765620102224,CH1,POWER,3.80
1765620102229,CH1,POWER,3.80
1765620102234,CH1,POWER,3.80
1765620102239,CH1,POWER,3.80
1765620102245,CH1,POWER,3.80
1765620102250,CH1,POWER,3.80
1765620102255,CH1,POWER,3.80
1765620102260,CH1,POWER,3.80
1765620102265,CH1,POWER,3.80
1765620102269,CH1,POWER,3.80
1765620102275,CH1,POWER,3.80
1765620102279,CH1,POWER,3.80
1765620102285,CH1,POWER,3.80
1765620102290,CH1,POWER,3.80
1765620102295,CH1,POWER,3.80
1765620102300,CH1,POWER,3.80
1765620102305,CH1,POWER,3.80
1765620102310,CH1,POWER,3.80
1765620102315,CH1,POWER,3.80
1765620102320,CH1,POWER,3.80
1765620102325,CH1,POWER,3.80
1765620102330,CH1,POWER,3.80
1765620102335,CH1,POWER,3.80
1765620102343,CH1,POWER,3.80
1765620102348,CH1,POWER,3.80
1765620102354,CH1,POWER,3.80
1765620102359,CH1,POWER,3.80
1765620102364,CH1,POWER,3.80
1765620102369,CH1,POWER,3.80
1765620102375,CH1,POWER,3.80
1765620102383,CH1,POWER,3.80
1765620102389,CH1,POWER,3.80
1765620102394,CH1,POWER,3.80
1765620102399,CH1,POWER,3.80
1765620102405,CH1,POWER,3.80
1765620102409,CH1,POWER,3.80
1765620102414,CH1,POWER,3.80
1765620102418,CH1,POWER,3.80
1765620102425,CH1,POWER,3.80
1765620102429,CH1,POWER,3.80
1765620102434,CH1,POWER,3.80
1765620102439,CH1,POWER,3.80
1765620102444,CH1,POWER,3.80
1765620102449,CH1,POWER,3.80
1765620102454,CH1,POWER,3.80
1765620102459,CH1,POWER,3.80
1765620102487,CH1,POWER,3.85
1765620102492,CH1,POWER,3.85
1765620102497,CH1,POWER,3.85
1765620102501,CH1,POWER,3.85
1765620102506,CH1,POWER,3.85
1765620102511,CH1,POWER,3.85
1765620102516,CH1,POWER,3.85
1765620102521,CH1,POWER,3.85
1765620102526,CH1,POWER,3.85
1765620102530,CH1,POWER,3.85
1765620102534,CH1,POWER,3.85
1765620102538,CH1,POWER,3.85
1765620102544,CH1,POWER,3.85
1765620102550,CH1,POWER,3.85
1765620102557,CH1,POWER,3.85
1765620102562,CH1,POWER,3.85
1765620102567,CH1,POWER,3.85
1765620102571,CH1,POWER,3.85
1765620102576,CH1,POWER,3.85
1765620102580,CH1,POWER,3.85
1765620102587,CH1,POWER,3.85
1765620102592,CH1,POWER,3.85
1765620102597,CH1,POWER,3.85
1765620102601,CH1,POWER,3.85
1765620102607,CH1,POWER,3.85
1765620102615,CH1,POWER,3.85
1765620102620,CH1,POWER,3.85
1765620102627,CH1,POWER,3.85
1765620102632,CH1,POWER,3.85
1765620102637,CH1,POWER,3.85
1765620102642,CH1,POWER,3.85
1765620102647,CH1,POWER,3.85
1765620102655,CH1,POWER,3.85
1765620102659,CH1,POWER,3.85
1765620102664,CH1,POWER,3.85
1765620102668,CH1,POWER,3.85
1765620102675,CH1,POWER,3.85
1765620102679,CH1,POWER,3.85
1765620102687,CH1,POWER,3.85
1765620102692,CH1,POWER,3.85
1765620102697,CH1,POWER,3.85
1765620102702,CH1,POWER,3.85
1765620102707,CH1,POWER,3.85
1765620102711,CH1,POWER,3.85
1765620102717,CH1,POWER,3.85
1765620102721,CH1,POWER,3.85
1765620102726,CH1,POWER,3.85
1765620102731,CH1,POWER,3.85
1765620102737,CH1,POWER,3.85
1765620102742,CH1,POWER,3.85
1765620102747,CH1,POWER,3.85
1765620102755,CH1,POWER,3.85
1765620102761,CH1,POWER,3.85
1765620102767,CH1,POWER,3.85
1765620102772,CH1,POWER,3.85
1765620102777,CH1,POWER,3.85
1765620102782,CH1,POWER,3.85
1765620102787,CH1,POWER,3.85
1765620102792,CH1,POWER,3.85
1765620102797,CH1,POWER,3.85
1765620102801,CH1,POWER,3.85
1765620102806,CH1,POWER,3.85
1765620102812,CH1,POWER,3.85
1765620102817,CH1,POWER,3.85
1765620102822,CH1,POWER,3.85
1765620102827,CH1,POWER,3.85
1765620102835,CH1,POWER,3.85
1765620102840,CH1,POWER,3.85
1765620102847,CH1,POWER,3.85
1765620102850,CH1,POWER,3.90
1765620102876,CH1,POWER,3.90
1765620102881,CH1,POWER,3.90
1765620102886,CH1,POWER,3.90
1765620102890,CH1,POWER,3.90
1765620102897,CH1,POWER,3.90
1765620102903,CH1,POWER,3.90
1765620102908,CH1,POWER,3.90
1765620102913,CH1,POWER,3.90
1765620102919,CH1,POWER,3.90
1765620102923,CH1,POWER,3.90
1765620102928,CH1,POWER,3.90
1765620102932,CH1,POWER,3.90
1765620102938,CH1,POWER,3.90
1765620102942,CH1,POWER,3.90
1765620102949,CH1,POWER,3.90
1765620102954,CH1,POWER,3.90
1765620102959,CH1,POWER,3.90
1765620102964,CH1,POWER,3.90
1765620102969,CH1,POWER,3.90
1765620102973,CH1,POWER,3.90
1765620102979,CH1,POWER,3.90
1765620102983,CH1,POWER,3.90
1765620102988,CH1,POWER,3.90
1765620102993,CH1,POWER,3.90
1765620102998,CH1,POWER,3.90
1765620103003,CH1,POWER,3.90
1765620103008,CH1,POWER,3.90
1765620103013,CH1,POWER,3.90
1765620103019,CH1,POWER,3.90
1765620103023,CH1,POWER,3.90
1765620103029,CH1,POWER,3.90
1765620103033,CH1,POWER,3.90
1765620103038,CH1,POWER,3.90
1765620103042,CH1,POWER,3.90
1765620103048,CH1,POWER,3.90
1765620103054,CH1,POWER,3.90
1765620103059,CH1,POWER,3.90
1765620103067,CH1,POWER,3.90
1765620103072,CH1,POWER,3.90
1765620103078,CH1,POWER,3.90
1765620103083,CH1,POWER,3.90
1765620103089,CH1,POWER,3.90
1765620103094,CH1,POWER,3.90
1765620103099,CH1,POWER,3.90
1765620103104,CH1,POWER,3.90
1765620103109,CH1,POWER,3.90
1765620103114,CH1,POWER,3.90
1765620103119,CH1,POWER,3.90
1765620103123,CH1,POWER,3.90
1765620103129,CH1,POWER,3.90
1765620103133,CH1,POWER,3.90
1765620103139,CH1,POWER,3.90
1765620103143,CH1,POWER,3.90
1765620103149,CH1,POWER,3.90
1765620103153,CH1,POWER,3.90
1765620103158,CH1,POWER,3.90
1765620103162,CH1,POWER,3.90
1765620103168,CH1,POWER,3.90
1765620103174,CH1,POWER,3.90
1765620103179,CH1,POWER,3.90
1765620103184,CH1,POWER,3.90
1765620103189,CH1,POWER,3.90
1765620103193,CH1,POWER,3.90
1765620103198,CH1,POWER,3.90
1765620103202,CH1,POWER,3.90
1765620103208,CH1,POWER,3.90
1765620103214,CH1,POWER,3.90
1765620103219,CH1,POWER,3.90
1765620103223,CH1,POWER,3.90
1765620103229,CH1,POWER,3.90
1765620103233,CH1,POWER,3.90
1765620103261,CH1,POWER,3.90
1765620103269,CH1,POWER,3.90
1765620103273,CH1,POWER,3.90
1765620103278,CH1,POWER,3.90
1765620103284,CH1,POWER,3.90
1765620103291,CH1,POWER,3.90
1765620103295,CH1,POWER,3.90
1765620103300,CH1,POWER,3.90
1765620103306,CH1,POWER,3.90
1765620103311,CH1,POWER,3.90
1765620103316,CH1,POWER,3.90
1765620103321,CH1,POWER,3.90
1765620103329,CH1,POWER,3.90
1765620103334,CH1,POWER,3.90
1765620103340,CH1,POWER,3.90
1765620103345,CH1,POWER,3.90
1765620103351,CH1,POWER,3.90
1765620103356,CH1,POWER,3.90
1765620103361,CH1,POWER,3.90
1765620103366,CH1,POWER,3.90
1765620103371,CH1,POWER,3.90
1765620103376,CH1,POWER,3.90
1765620103381,CH1,POWER,3.90
1765620103388,CH1,POWER,3.90
1765620103393,CH1,POWER,3.90
1765620103398,CH1,POWER,3.90
1765620103402,CH1,POWER,3.90
1765620103408,CH1,POWER,3.90
1765620103414,CH1,POWER,3.90
1765620103421,CH1,POWER,3.90
1765620103426,CH1,POWER,3.90
1765620103431,CH1,POWER,3.90
1765620103435,CH1,POWER,3.90
1765620103440,CH1,POWER,3.90
1765620103445,CH1,POWER,3.90
1765620103451,CH1,POWER,3.90
1765620103456,CH1,POWER,3.90
1765620103461,CH1,POWER,3.90
1765620103469,CH1,POWER,3.90
1765620103473,CH1,POWER,3.90
1765620103478,CH1,POWER,3.90
1765620103482,CH1,POWER,3.90
1765620103489,CH1,POWER,3.90
1765620103493,CH1,POWER,3.90
1765620103498,CH1,POWER,3.90
1765620103503,CH1,POWER,3.90
1765620103507,CH1,POWER,3.90
1765620103512,CH1,POWER,3.90
1765620103518,CH1,POWER,3.90
1765620103522,CH1,POWER,3.90
1765620103526,CH1,POWER,3.90
1765620103531,CH1,POWER,3.90
1765620103536,CH1,POWER,3.90
1765620103541,CH1,POWER,3.90
1765620103545,CH1,POWER,3.90
1765620103551,CH1,POWER,3.90
1765620103556,CH1,POWER,3.90
1765620103561,CH1,POWER,3.90
1765620103569,CH1,POWER,3.90
1765620103573,CH1,POWER,3.90
1765620103578,CH1,POWER,3.90
1765620103582,CH1,POWER,3.90
1765620103588,CH1,POWER,3.90
1765620103592,CH1,POWER,3.90
1765620103596,CH1,POWER,3.90
1765620103601,CH1,POWER,3.90
1765620103609,CH1,POWER,3.90
1765620103614,CH1,POWER,3.90
1765620103642,CH1,POWER,3.75
1765620103647,CH1,POWER,3.75
1765620103652,CH1,POWER,3.75
1765620103656,CH1,POWER,3.75
1765620103663,CH1,POWER,3.75
1765620103668,CH1,POWER,3.75
1765620103673,CH1,POWER,3.75
1765620103678,CH1,POWER,3.75
1765620103683,CH1,POWER,3.75
1765620103691,CH1,POWER,3.75
1765620103696,CH1,POWER,3.75
1765620103703,CH1,POWER,3.75
1765620103708,CH1,POWER,3.75
1765620103713,CH1,POWER,3.75
1765620103718,CH1,POWER,3.75
1765620103723,CH1,POWER,3.75
1765620103730,CH1,POWER,3.75
1765620103735,CH1,POWER,3.75
1765620103740,CH1,POWER,3.75
1765620103744,CH1,POWER,3.75
1765620103751,CH1,POWER,3.75
1765620103755,CH1,POWER,3.75
1765620103760,CH1,POWER,3.75
1765620103764,CH1,POWER,3.75
1765620103769,CH1,POWER,3.75
1765620103774,CH1,POWER,3.75
1765620103781,CH1,POWER,3.75
1765620103786,CH1,POWER,3.75
1765620103793,CH1,POWER,3.75
1765620103801,CH1,POWER,3.75
1765620103807,CH1,POWER,3.75
1765620103812,CH1,POWER,3.75
1765620103817,CH1,POWER,3.75
1765620103822,CH1,POWER,3.75
1765620103827,CH1,POWER,3.75
1765620103833,CH1,POWER,3.75
1765620103838,CH1,POWER,3.75
1765620103843,CH1,POWER,3.75
1765620103851,CH1,POWER,3.75
1765620103855,CH1,POWER,3.75
1765620103859,CH1,POWER,3.75
1765620103864,CH1,POWER,3.75
1765620103871,CH1,POWER,3.75
1765620103876,CH1,POWER,3.75
1765620103883,CH1,POWER,3.75
1765620103887,CH1,POWER,3.75
1765620103892,CH1,POWER,3.75
1765620103897,CH1,POWER,3.75
1765620103902,CH1,POWER,3.75
1765620103907,CH1,POWER,3.75
1765620103912,CH1,POWER,3.75
1765620103917,CH1,POWER,3.75
1765620103922,CH1,POWER,3.75
1765620103927,CH1,POWER,3.75
1765620103932,CH1,POWER,3.75
1765620103936,CH1,POWER,3.75
1765620103943,CH1,POWER,3.75
1765620103948,CH1,POWER,3.75
1765620103953,CH1,POWER,3.75
1765620103958,CH1,POWER,3.75
1765620103963,CH1,POWER,3.75
1765620103968,CH1,POWER,3.75
1765620103973,CH1,POWER,3.75
1765620103981,CH1,POWER,3.75
1765620103986,CH1,POWER,3.75
1765620103992,CH1,POWER,3.75
1765620103997,CH1,POWER,3.75
1765620104001,CH1,POWER,3.75
1765620104004,CH1,POWER,3.75
1765620104007,CH1,POWER,3.75
1765620104035,CH1,POWER,3.75
1765620104040,CH1,POWER,3.75
1765620104045,CH1,POWER,3.75
1765620104053,CH1,POWER,3.75
1765620104058,CH1,POWER,3.75
1765620104064,CH1,POWER,3.75
1765620104068,CH1,POWER,3.75
1765620104075,CH1,POWER,3.75
1765620104080,CH1,POWER,3.75
1765620104085,CH1,POWER,3.75
1765620104090,CH1,POWER,3.75
1765620104095,CH1,POWER,3.75
1765620104103,CH1,POWER,3.75
1765620104107,CH1,POWER,3.75
1765620104115,CH1,POWER,3.75
1765620104120,CH1,POWER,3.75
1765620104125,CH1,POWER,3.75
1765620104130,CH1,POWER,3.75
1765620104135,CH1,POWER,3.75
1765620104142,CH1,POWER,3.75
1765620104147,CH1,POWER,3.75
1765620104153,CH1,POWER,3.75
1765620104158,CH1,POWER,3.75
1765620104165,CH1,POWER,3.75
1765620104170,CH1,POWER,3.75
1765620104175,CH1,POWER,3.75
1765620104180,CH1,POWER,3.75
1765620104185,CH1,POWER,3.75
1765620104190,CH1,POWER,3.75
1765620104195,CH1,POWER,3.75
1765620104200,CH1,POWER,3.75
1765620104205,CH1,POWER,3.75
1765620104213,CH1,POWER,3.75
1765620104218,CH1,POWER,3.75
1765620104225,CH1,POWER,3.75
1765620104229,CH1,POWER,3.75
1765620104234,CH1,POWER,3.75
1765620104239,CH1,POWER,3.75
1765620104244,CH1,POWER,3.75
1765620104249,CH1,POWER,3.75
1765620104254,CH1,POWER,3.75
1765620104258,CH1,POWER,3.75
1765620104264,CH1,POWER,3.75
1765620104268,CH1,POWER,3.75
1765620104274,CH1,POWER,3.75
1765620104279,CH1,POWER,3.75
1765620104284,CH1,POWER,3.75
1765620104289,CH1,POWER,3.75
1765620104295,CH1,POWER,3.75
1765620104299,CH1,POWER,3.75
1765620104305,CH1,POWER,3.75
1765620104310,CH1,POWER,3.75
1765620104315,CH1,POWER,3.75
1765620104323,CH1,POWER,3.75
1765620104328,CH1,POWER,3.75
1765620104335,CH1,POWER,3.75
1765620104340,CH1,POWER,3.75
1765620104345,CH1,POWER,3.75
1765620104353,CH1,POWER,3.75
1765620104358,CH1,POWER,3.75
1765620104365,CH1,POWER,3.75
1765620104369,CH1,POWER,3.75
1765620104374,CH1,POWER,3.75
1765620104379,CH1,POWER,3.75
1765620104385,CH1,POWER,3.75
1765620104389,CH1,POWER,3.75
1765620104392,CH1,POWER,3.80
1765620104394,CH1,POWER,3.80
1765620104397,CH1,POWER,3.80
1765620104399,CH1,POWER,3.80
1765620104427,CH1,POWER,3.80
1765620104432,CH1,POWER,3.80
1765620104437,CH1,POWER,3.80
1765620104441,CH1,POWER,3.80
1765620104445,CH1,POWER,3.80
1765620104450,CH1,POWER,3.80
1765620104456,CH1,POWER,3.80
1765620104461,CH1,POWER,3.80
1765620104466,CH1,POWER,3.80
1765620104472,CH1,POWER,3.80
1765620104477,CH1,POWER,3.80
1765620104482,CH1,POWER,3.80
1765620104487,CH1,POWER,3.80
1765620104492,CH1,POWER,3.80
1765620104496,CH1,POWER,3.80
1765620104501,CH1,POWER,3.80
1765620104506,CH1,POWER,3.80
1765620104511,CH1,POWER,3.80
1765620104516,CH1,POWER,3.80
1765620104521,CH1,POWER,3.80
1765620104527,CH1,POWER,3.80
1765620104532,CH1,POWER,3.80
1765620104536,CH1,POWER,3.80
1765620104541,CH1,POWER,3.80
1765620104547,CH1,POWER,3.80
1765620104552,CH1,POWER,3.80
1765620104557,CH1,POWER,3.80
1765620104562,CH1,POWER,3.80
1765620104567,CH1,POWER,3.80
1765620104572,CH1,POWER,3.80
1765620104577,CH1,POWER,3.80
1765620104581,CH1,POWER,3.80
1765620104586,CH1,POWER,3.80
1765620104592,CH1,POWER,3.80
1765620104596,CH1,POWER,3.80
1765620104600,CH1,POWER,3.80
1765620104607,CH1,POWER,3.80
1765620104612,CH1,POWER,3.80
1765620104617,CH1,POWER,3.80
1765620104621,CH1,POWER,3.80
1765620104626,CH1,POWER,3.80
1765620104631,CH1,POWER,3.80
1765620104635,CH1,POWER,3.80
1765620104640,CH1,POWER,3.80
1765620104647,CH1,POWER,3.80
1765620104652,CH1,POWER,3.80
1765620104656,CH1,POWER,3.80
1765620104661,CH1,POWER,3.80
1765620104665,CH1,POWER,3.80
1765620104670,CH1,POWER,3.80
1765620104676,CH1,POWER,3.80
1765620104682,CH1,POWER,3.80
1765620104687,CH1,POWER,3.80
1765620104695,CH1,POWER,3.80
1765620104700,CH1,POWER,3.80
1765620104707,CH1,POWER,3.80
1765620104712,CH1,POWER,3.80
1765620104717,CH1,POWER,3.80
1765620104722,CH1,POWER,3.80
1765620104727,CH1,POWER,3.80
1765620104735,CH1,POWER,3.80
1765620104740,CH1,POWER,3.80
1765620104747,CH1,POWER,3.80
1765620104752,CH1,POWER,3.80
1765620104757,CH1,POWER,3.80
1765620104762,CH1,POWER,3.80
1765620104767,CH1,POWER,3.80
1765620104772,CH1,POWER,3.80
1765620104777,CH1,POWER,3.80
1765620104785,CH1,POWER,3.80
1765620104787,CH1,POWER,3.70
1765620104790,CH1,POWER,3.70
1765620104816,CH1,POWER,3.70
1765620104821,CH1,POWER,3.70
1765620104826,CH1,POWER,3.70
1765620104831,CH1,POWER,3.70
1765620104836,CH1,POWER,3.70
1765620104840,CH1,POWER,3.70
1765620104847,CH1,POWER,3.70
1765620104853,CH1,POWER,3.70
1765620104858,CH1,POWER,3.70
1765620104864,CH1,POWER,3.70
1765620104869,CH1,POWER,3.70
1765620104874,CH1,POWER,3.70
1765620104879,CH1,POWER,3.70
1765620104883,CH1,POWER,3.70
1765620104887,CH1,POWER,3.70
1765620104892,CH1,POWER,3.70
1765620104899,CH1,POWER,3.70
1765620104907,CH1,POWER,3.70
1765620104912,CH1,POWER,3.70
1765620104919,CH1,POWER,3.70
1765620104923,CH1,POWER,3.70
1765620104928,CH1,POWER,3.70
1765620104932,CH1,POWER,3.70
1765620104939,CH1,POWER,3.70
1765620104944,CH1,POWER,3.70
1765620104948,CH1,POWER,3.70
1765620104953,CH1,POWER,3.70
1765620104958,CH1,POWER,3.70
1765620104963,CH1,POWER,3.70
1765620104969,CH1,POWER,3.70
1765620104974,CH1,POWER,3.70
1765620104979,CH1,POWER,3.70
1765620104987,CH1,POWER,3.70
1765620104993,CH1,POWER,3.70
1765620104998,CH1,POWER,3.70
1765620105003,CH1,POWER,3.70
1765620105009,CH1,POWER,3.70
1765620105014,CH1,POWER,3.70
1765620105019,CH1,POWER,3.70
1765620105022,CH1,POWER,3.70
1765620105029,CH1,POWER,3.70
1765620105034,CH1,POWER,3.70
1765620105039,CH1,POWER,3.70
1765620105044,CH1,POWER,3.70
1765620105049,CH1,POWER,3.70
1765620105054,CH1,POWER,3.70
1765620105059,CH1,POWER,3.70
1765620105067,CH1,POWER,3.70
1765620105073,CH1,POWER,3.70
1765620105078,CH1,POWER,3.70
1765620105083,CH1,POWER,3.70
1765620105089,CH1,POWER,3.70
1765620105094,CH1,POWER,3.70
1765620105098,CH1,POWER,3.70
1765620105103,CH1,POWER,3.70
1765620105109,CH1,POWER,3.70
1765620105114,CH1,POWER,3.70
1765620105119,CH1,POWER,3.70
1765620105124,CH1,POWER,3.70
1765620105129,CH1,POWER,3.70
1765620105134,CH1,POWER,3.70
1765620105138,CH1,POWER,3.70
1765620105143,CH1,POWER,3.70
1765620105148,CH1,POWER,3.70
1765620105152,CH1,POWER,3.70
1765620105159,CH1,POWER,3.70
1765620105164,CH1,POWER,3.70
1765620105168,CH1,POWER,3.70
1765620105173,CH1,POWER,3.70
1765620105178,CH1,POWER,3.70
1765620105183,CH1,POWER,3.70
1765620105211,CH1,POWER,3.60
1765620105216,CH1,POWER,3.60
1765620105220,CH1,POWER,3.60
1765620105224,CH1,POWER,3.60
1765620105231,CH1,POWER,3.60
1765620105236,CH1,POWER,3.60
1765620105240,CH1,POWER,3.60
1765620105244,CH1,POWER,3.60
1765620105251,CH1,POWER,3.60
1765620105256,CH1,POWER,3.60
1765620105261,CH1,POWER,3.60
1765620105266,CH1,POWER,3.60
1765620105270,CH1,POWER,3.60
1765620105274,CH1,POWER,3.60
1765620105281,CH1,POWER,3.60
1765620105286,CH1,POWER,3.60
1765620105291,CH1,POWER,3.60
1765620105296,CH1,POWER,3.60
1765620105300,CH1,POWER,3.60
1765620105305,CH1,POWER,3.60
1765620105309,CH1,POWER,3.60
1765620105314,CH1,POWER,3.60
1765620105320,CH1,POWER,3.60
1765620105325,CH1,POWER,3.60
1765620105329,CH1,POWER,3.60
1765620105333,CH1,POWER,3.60
1765620105338,CH1,POWER,3.60
1765620105342,CH1,POWER,3.60
1765620105349,CH1,POWER,3.60
1765620105353,CH1,POWER,3.60
1765620105358,CH1,POWER,3.60
1765620105362,CH1,POWER,3.60
1765620105369,CH1,POWER,3.60
1765620105374,CH1,POWER,3.60
1765620105381,CH1,POWER,3.60
1765620105386,CH1,POWER,3.60
1765620105391,CH1,POWER,3.60
1765620105396,CH1,POWER,3.60
1765620105401,CH1,POWER,3.60
1765620105406,CH1,POWER,3.60
1765620105410,CH1,POWER,3.60
1765620105415,CH1,POWER,3.60
1765620105420,CH1,POWER,3.60
1765620105424,CH1,POWER,3.60
1765620105431,CH1,POWER,3.60
1765620105436,CH1,POWER,3.60
1765620105440,CH1,POWER,3.60
1765620105445,CH1,POWER,3.60
1765620105450,CH1,POWER,3.60
1765620105454,CH1,POWER,3.60
1765620105461,CH1,POWER,3.60
1765620105466,CH1,POWER,3.60
1765620105470,CH1,POWER,3.60
1765620105475,CH1,POWER,3.60
1765620105479,CH1,POWER,3.60
1765620105484,CH1,POWER,3.60
1765620105490,CH1,POWER,3.60
1765620105495,CH1,POWER,3.60
1765620105499,CH1,POWER,3.60
1765620105505,CH1,POWER,3.60
1765620105509,CH1,POWER,3.60
1765620105516,CH1,POWER,3.60
1765620105521,CH1,POWER,3.60
1765620105526,CH1,POWER,3.60
1765620105530,CH1,POWER,3.60
1765620105535,CH1,POWER,3.60
1765620105539,CH1,POWER,3.60
1765620105543,CH1,POWER,3.60
1765620105547,CH1,POWER,3.60
1765620105553,CH1,POWER,3.60
1765620105561,CH1,POWER,3.60
1765620105566,CH1,POWER,3.60
1765620105570,CH1,POWER,3.75
1765620105573,CH1,POWER,3.75
1765620105575,CH1,POWER,3.75
1765620105603,CH1,POWER,3.75
1765620105608,CH1,POWER,3.75
1765620105612,CH1,POWER,3.75
1765620105617,CH1,POWER,3.75
1765620105622,CH1,POWER,3.75
1765620105626,CH1,POWER,3.75
1765620105633,CH1,POWER,3.75
1765620105638,CH1,POWER,3.75
1765620105642,CH1,POWER,3.75
1765620105647,CH1,POWER,3.75
1765620105652,CH1,POWER,3.75
1765620105656,CH1,POWER,3.75
1765620105663,CH1,POWER,3.75
1765620105671,CH1,POWER,3.75
1765620105676,CH1,POWER,3.75
1765620105682,CH1,POWER,3.75
1765620105687,CH1,POWER,3.75
1765620105693,CH1,POWER,3.75
1765620105700,CH1,POWER,3.75
1765620105706,CH1,POWER,3.75
1765620105712,CH1,POWER,3.75
1765620105717,CH1,POWER,3.75
1765620105721,CH1,POWER,3.75
1765620105726,CH1,POWER,3.75
1765620105732,CH1,POWER,3.75
1765620105737,CH1,POWER,3.75
1765620105741,CH1,POWER,3.75
1765620105745,CH1,POWER,3.75
1765620105749,CH1,POWER,3.75
1765620105755,CH1,POWER,3.75
1765620105759,CH1,POWER,3.75
1765620105763,CH1,POWER,3.75
1765620105768,CH1,POWER,3.75
1765620105772,CH1,POWER,3.75
1765620105777,CH1,POWER,3.75
1765620105783,CH1,POWER,3.75
1765620105788,CH1,POWER,3.75
1765620105793,CH1,POWER,3.75
1765620105798,CH1,POWER,3.75
1765620105802,CH1,POWER,3.75
1765620105806,CH1,POWER,3.75
1765620105812,CH1,POWER,3.75
1765620105817,CH1,POWER,3.75
1765620105821,CH1,POWER,3.75
1765620105825,CH1,POWER,3.75
1765620105832,CH1,POWER,3.75
1765620105838,CH1,POWER,3.75
1765620105843,CH1,POWER,3.75
1765620105848,CH1,POWER,3.75
1765620105853,CH1,POWER,3.75
1765620105858,CH1,POWER,3.75
1765620105862,CH1,POWER,3.75
1765620105867,CH1,POWER,3.75
1765620105872,CH1,POWER,3.75
1765620105876,CH1,POWER,3.75
1765620105883,CH1,POWER,3.75
1765620105888,CH1,POWER,3.75
1765620105893,CH1,POWER,3.75
1765620105898,CH1,POWER,3.75
1765620105902,CH1,POWER,3.75
1765620105907,CH1,POWER,3.75
1765620105912,CH1,POWER,3.75
1765620105917,CH1,POWER,3.75
1765620105923,CH1,POWER,3.75
1765620105928,CH1,POWER,3.75
1765620105933,CH1,POWER,3.75
1765620105938,CH1,POWER,3.75
1765620105943,CH1,POWER,3.75
1765620105948,CH1,POWER,3.75
1765620105952,CH1,POWER,3.75
1765620105956,CH1,POWER,3.75
1765620105963,CH1,POWER,3.75
1765620105967,CH1,POWER,3.75
1765620105995,CH1,POWER,3.75
1765620106000,CH1,POWER,3.75
1765620106004,CH1,POWER,3.75
1765620106009,CH1,POWER,3.75
1765620106014,CH1,POWER,3.75
1765620106018,CH1,POWER,3.75
1765620106025,CH1,POWER,3.75
1765620106032,CH1,POWER,3.75
1765620106036,CH1,POWER,3.75
1765620106044,CH1,POWER,3.75
1765620106053,CH1,POWER,3.75
1765620106058,CH1,POWER,3.75
1765620106065,CH1,POWER,3.75
1765620106073,CH1,POWER,3.75
1765620106078,CH1,POWER,3.75
1765620106085,CH1,POWER,3.75
1765620106090,CH1,POWER,3.75
1765620106095,CH1,POWER,3.75
1765620106100,CH1,POWER,3.75
1765620106105,CH1,POWER,3.75
1765620106110,CH1,POWER,3.75
1765620106114,CH1,POWER,3.75
1765620106118,CH1,POWER,3.75
1765620106125,CH1,POWER,3.75
1765620106130,CH1,POWER,3.75
1765620106134,CH1,POWER,3.75
1765620106138,CH1,POWER,3.75
1765620106145,CH1,POWER,3.75
1765620106150,CH1,POWER,3.75
1765620106154,CH1,POWER,3.75
1765620106159,CH1,POWER,3.75
1765620106163,CH1,POWER,3.75
1765620106168,CH1,POWER,3.75
1765620106175,CH1,POWER,3.75
1765620106180,CH1,POWER,3.75
1765620106184,CH1,POWER,3.75
1765620106189,CH1,POWER,3.75
1765620106194,CH1,POWER,3.75
1765620106200,CH1,POWER,3.75
1765620106205,CH1,POWER,3.75
1765620106210,CH1,POWER,3.75
1765620106214,CH1,POWER,3.75
1765620106222,CH1,POWER,3.75
1765620106229,CH1,POWER,3.75
1765620106233,CH1,POWER,3.75
1765620106237,CH1,POWER,3.75
1765620106242,CH1,POWER,3.75
1765620106246,CH1,POWER,3.75
1765620106251,CH1,POWER,3.75
1765620106258,CH1,POWER,3.75
1765620106265,CH1,POWER,3.75
1765620106270,CH1,POWER,3.75
1765620106275,CH1,POWER,3.75
1765620106280,CH1,POWER,3.75
1765620106284,CH1,POWER,3.75
1765620106290,CH1,POWER,3.75
1765620106294,CH1,POWER,3.75
1765620106298,CH1,POWER,3.75
1765620106304,CH1,POWER,3.75
1765620106312,CH1,POWER,3.75
1765620106319,CH1,POWER,3.75
1765620106323,CH1,POWER,3.75
1765620106330,CH1,POWER,3.75
1765620106334,CH1,POWER,3.75
1765620106342,CH1,POWER,3.75
1765620106348,CH1,POWER,3.75
1765620106352,CH1,POWER,3.60
1765620106355,CH1,POWER,3.60
1765620106357,CH1,POWER,3.60
1765620106384,CH1,POWER,3.60
1765620106389,CH1,POWER,3.60
1765620106393,CH1,POWER,3.60
1765620106397,CH1,POWER,3.60
1765620106403,CH1,POWER,3.60
1765620106407,CH1,POWER,3.60
1765620106412,CH1,POWER,3.60
1765620106417,CH1,POWER,3.60
1765620106422,CH1,POWER,3.60
1765620106427,CH1,POWER,3.60
1765620106432,CH1,POWER,3.60
1765620106436,CH1,POWER,3.60
1765620106440,CH1,POWER,3.60
1765620106447,CH1,POWER,3.60
1765620106452,CH1,POWER,3.60
1765620106456,CH1,POWER,3.60
1765620106460,CH1,POWER,3.60
1765620106467,CH1,POWER,3.60
1765620106472,CH1,POWER,3.60
1765620106476,CH1,POWER,3.60
1765620106480,CH1,POWER,3.60
1765620106487,CH1,POWER,3.60
1765620106492,CH1,POWER,3.60
1765620106497,CH1,POWER,3.60
1765620106502,CH1,POWER,3.60
1765620106507,CH1,POWER,3.60
1765620106512,CH1,POWER,3.60
1765620106517,CH1,POWER,3.60
1765620106522,CH1,POWER,3.60
1765620106526,CH1,POWER,3.60
1765620106530,CH1,POWER,3.60
1765620106536,CH1,POWER,3.60
1765620106544,CH1,POWER,3.60
1765620106551,CH1,POWER,3.60
1765620106555,CH1,POWER,3.60
1765620106562,CH1,POWER,3.60
1765620106566,CH1,POWER,3.60
1765620106575,CH1,POWER,3.60
1765620106579,CH1,POWER,3.60
1765620106586,CH1,POWER,3.60
1765620106591,CH1,POWER,3.60
1765620106596,CH1,POWER,3.60
1765620106600,CH1,POWER,3.60
1765620106607,CH1,POWER,3.60
1765620106612,CH1,POWER,3.60
1765620106616,CH1,POWER,3.60
1765620106620,CH1,POWER,3.60
1765620106626,CH1,POWER,3.60
1765620106632,CH1,POWER,3.60
1765620106637,CH1,POWER,3.60
1765620106642,CH1,POWER,3.60
1765620106646,CH1,POWER,3.60
1765620106650,CH1,POWER,3.60
1765620106656,CH1,POWER,3.60
1765620106660,CH1,POWER,3.60
1765620106667,CH1,POWER,3.60
1765620106672,CH1,POWER,3.60
1765620106677,CH1,POWER,3.60
1765620106682,CH1,POWER,3.60
1765620106686,CH1,POWER,3.60
1765620106695,CH1,POWER,3.60
1765620106699,CH1,POWER,3.60
1765620106706,CH1,POWER,3.60
1765620106710,CH1,POWER,3.60
1765620106717,CH1,POWER,3.60
1765620106722,CH1,POWER,3.60
1765620106727,CH1,POWER,3.60
1765620106732,CH1,POWER,3.60
1765620106736,CH1,POWER,3.60
1765620106745,CH1,POWER,3.60
1765620106750,CH1,POWER,3.60
1765620106776,CH1,POWER,3.75
1765620106781,CH1,POWER,3.75
1765620106785,CH1,POWER,3.75
1765620106790,CH1,POWER,3.75
1765620106797,CH1,POWER,3.75
1765620106801,CH1,POWER,3.75
1765620106809,CH1,POWER,3.75
1765620106814,CH1,POWER,3.75
1765620106818,CH1,POWER,3.75
1765620106823,CH1,POWER,3.75
1765620106827,CH1,POWER,3.75
1765620106834,CH1,POWER,3.75
1765620106838,CH1,POWER,3.75
1765620106843,CH1,POWER,3.75
1765620106848,CH1,POWER,3.75
1765620106852,CH1,POWER,3.75
1765620106858,CH1,POWER,3.75
1765620106862,CH1,POWER,3.75
1765620106868,CH1,POWER,3.75
1765620106877,CH1,POWER,3.75
1765620106882,CH1,POWER,3.75
1765620106889,CH1,POWER,3.75
1765620106894,CH1,POWER,3.75
1765620106899,CH1,POWER,3.75
1765620106904,CH1,POWER,3.75
1765620106908,CH1,POWER,3.75
1765620106914,CH1,POWER,3.75
1765620106918,CH1,POWER,3.75
1765620106924,CH1,POWER,3.75
1765620106929,CH1,POWER,3.75
1765620106934,CH1,POWER,3.75
1765620106939,CH1,POWER,3.75
1765620106944,CH1,POWER,3.75
1765620106948,CH1,POWER,3.75
1765620106952,CH1,POWER,3.75
1765620106959,CH1,POWER,3.75
1765620106964,CH1,POWER,3.75
1765620106969,CH1,POWER,3.75
1765620106974,CH1,POWER,3.75
1765620106978,CH1,POWER,3.75
1765620106986,CH1,POWER,3.75
1765620106990,CH1,POWER,3.75
1765620106997,CH1,POWER,3.75
1765620107001,CH1,POWER,3.75
1765620107008,CH1,POWER,3.75
1765620107012,CH1,POWER,3.75
1765620107018,CH1,POWER,3.75
1765620107022,CH1,POWER,3.75
1765620107028,CH1,POWER,3.75
1765620107034,CH1,POWER,3.75
1765620107038,CH1,POWER,3.75
1765620107042,CH1,POWER,3.75
1765620107047,CH1,POWER,3.75
1765620107051,CH1,POWER,3.75
1765620107055,CH1,POWER,3.75
1765620107059,CH1,POWER,3.75
1765620107064,CH1,POWER,3.75
1765620107069,CH1,POWER,3.75
1765620107074,CH1,POWER,3.75
1765620107078,CH1,POWER,3.75
1765620107084,CH1,POWER,3.75
1765620107089,CH1,POWER,3.75
1765620107094,CH1,POWER,3.75
1765620107098,CH1,POWER,3.75
1765620107106,CH1,POWER,3.75
1765620107110,CH1,POWER,3.75
1765620107116,CH1,POWER,3.75
1765620107120,CH1,POWER,3.75
1765620107126,CH1,POWER,3.75
1765620107132,CH1,POWER,3.75
1765620107138,CH1,POWER,3.75
1765620107141,CH1,POWER,3.80
1765620107143,CH1,POWER,3.80
1765620107170,CH1,POWER,3.80
1765620107176,CH1,POWER,3.80
1765620107180,CH1,POWER,3.80
1765620107185,CH1,POWER,3.80
1765620107189,CH1,POWER,3.80
1765620107196,CH1,POWER,3.80
1765620107200,CH1,POWER,3.80
1765620107208,CH1,POWER,3.80
1765620107213,CH1,POWER,3.80
1765620107217,CH1,POWER,3.80
1765620107221,CH1,POWER,3.80
1765620107228,CH1,POWER,3.80
1765620107233,CH1,POWER,3.80
1765620107238,CH1,POWER,3.80
1765620107242,CH1,POWER,3.80
1765620107250,CH1,POWER,3.80
1765620107258,CH1,POWER,3.80
1765620107262,CH1,POWER,3.80
1765620107269,CH1,POWER,3.80
1765620107273,CH1,POWER,3.80
1765620107280,CH1,POWER,3.80
1765620107284,CH1,POWER,3.80
1765620107291,CH1,POWER,3.80
1765620107296,CH1,POWER,3.80
1765620107300,CH1,POWER,3.80
1765620107304,CH1,POWER,3.80
1765620107310,CH1,POWER,3.80
1765620107316,CH1,POWER,3.80
1765620107320,CH1,POWER,3.80
1765620107324,CH1,POWER,3.80
1765620107330,CH1,POWER,3.80
1765620107336,CH1,POWER,3.80
1765620107340,CH1,POWER,3.80
1765620107346,CH1,POWER,3.80
1765620107350,CH1,POWER,3.80
1765620107355,CH1,POWER,3.80
1765620107359,CH1,POWER,3.80
1765620107366,CH1,POWER,3.80
1765620107370,CH1,POWER,3.80
1765620107374,CH1,POWER,3.80
1765620107381,CH1,POWER,3.80
1765620107386,CH1,POWER,3.80
1765620107390,CH1,POWER,3.80
1765620107394,CH1,POWER,3.80
1765620107401,CH1,POWER,3.80
1765620107406,CH1,POWER,3.80
1765620107411,CH1,POWER,3.80
1765620107416,CH1,POWER,3.80
1765620107420,CH1,POWER,3.80
1765620107429,CH1,POWER,3.80
1765620107433,CH1,POWER,3.80
1765620107440,CH1,POWER,3.80
1765620107444,CH1,POWER,3.80
1765620107449,CH1,POWER,3.80
1765620107454,CH1,POWER,3.80
1765620107460,CH1,POWER,3.80
1765620107464,CH1,POWER,3.80
1765620107470,CH1,POWER,3.80
1765620107478,CH1,POWER,3.80
1765620107483,CH1,POWER,3.80
1765620107490,CH1,POWER,3.80
1765620107494,CH1,POWER,3.80
1765620107499,CH1,POWER,3.80
1765620107506,CH1,POWER,3.80
1765620107511,CH1,POWER,3.80
1765620107516,CH1,POWER,3.80
1765620107520,CH1,POWER,3.80
1765620107525,CH1,POWER,3.80
1765620107529,CH1,POWER,3.80
1765620107533,CH1,POWER,3.80
1765620107559,CH1,POWER,3.75
1765620107563,CH1,POWER,3.75
1765620107570,CH1,POWER,3.75
1765620107575,CH1,POWER,3.75
1765620107582,CH1,POWER,3.75
1765620107586,CH1,POWER,3.75
1765620107593,CH1,POWER,3.75
1765620107598,CH1,POWER,3.75
1765620107602,CH1,POWER,3.75
1765620107606,CH1,POWER,3.75
1765620107611,CH1,POWER,3.75
1765620107616,CH1,POWER,3.75
1765620107622,CH1,POWER,3.75
1765620107626,CH1,POWER,3.75
1765620107631,CH1,POWER,3.75
1765620107638,CH1,POWER,3.75
1765620107642,CH1,POWER,3.75
1765620107646,CH1,POWER,3.75
1765620107652,CH1,POWER,3.75
1765620107658,CH1,POWER,3.75
1765620107662,CH1,POWER,3.75
1765620107666,CH1,POWER,3.75
1765620107672,CH1,POWER,3.75
1765620107678,CH1,POWER,3.75
1765620107682,CH1,POWER,3.75
1765620107688,CH1,POWER,3.75
1765620107692,CH1,POWER,3.75
1765620107696,CH1,POWER,3.75
1765620107702,CH1,POWER,3.75
1765620107706,CH1,POWER,3.75
1765620107712,CH1,POWER,3.75
1765620107720,CH1,POWER,3.75
1765620107725,CH1,POWER,3.75
1765620107732,CH1,POWER,3.75
1765620107736,CH1,POWER,3.75
1765620107741,CH1,POWER,3.75
1765620107748,CH1,POWER,3.75
1765620107752,CH1,POWER,3.75
1765620107758,CH1,POWER,3.75
1765620107762,CH1,POWER,3.75
1765620107766,CH1,POWER,3.75
1765620107771,CH1,POWER,3.75
1765620107776,CH1,POWER,3.75
1765620107782,CH1,POWER,3.75
1765620107788,CH1,POWER,3.75
1765620107792,CH1,POWER,3.75
1765620107796,CH1,POWER,3.75
1765620107802,CH1,POWER,3.75
1765620107806,CH1,POWER,3.75
1765620107812,CH1,POWER,3.75
1765620107818,CH1,POWER,3.75
1765620107823,CH1,POWER,3.75
1765620107828,CH1,POWER,3.75
1765620107832,CH1,POWER,3.75
1765620107836,CH1,POWER,3.75
1765620107842,CH1,POWER,3.75
1765620107846,CH1,POWER,3.75
1765620107851,CH1,POWER,3.75
1765620107858,CH1,POWER,3.75
1765620107862,CH1,POWER,3.75
1765620107868,CH1,POWER,3.75
1765620107872,CH1,POWER,3.75
1765620107876,CH1,POWER,3.75
1765620107882,CH1,POWER,3.75
1765620107886,CH1,POWER,3.75
1765620107892,CH1,POWER,3.75
1765620107898,CH1,POWER,3.75
1765620107902,CH1,POWER,3.75
1765620107906,CH1,POWER,3.75
1765620107911,CH1,POWER,3.75
1765620107916,CH1,POWER,3.75
1765620107944,CH1,POWER,3.75
1765620107952,CH1,POWER,3.75
1765620107958,CH1,POWER,3.75
1765620107964,CH1,POWER,3.75
1765620107970,CH1,POWER,3.75
1765620107974,CH1,POWER,3.75
1765620107980,CH1,POWER,3.75
1765620107984,CH1,POWER,3.75
1765620107988,CH1,POWER,3.75
1765620107994,CH1,POWER,3.75
1765620107999,CH1,POWER,3.75
1765620108003,CH1,POWER,3.75
1765620108010,CH1,POWER,3.75
1765620108014,CH1,POWER,3.75
1765620108020,CH1,POWER,3.75
1765620108024,CH1,POWER,3.75
1765620108028,CH1,POWER,3.75
1765620108034,CH1,POWER,3.75
1765620108038,CH1,POWER,3.75
1765620108044,CH1,POWER,3.75
1765620108048,CH1,POWER,3.75
1765620108054,CH1,POWER,3.75
1765620108058,CH1,POWER,3.75
1765620108063,CH1,POWER,3.75
1765620108070,CH1,POWER,3.75
1765620108074,CH1,POWER,3.75
1765620108080,CH1,POWER,3.75
1765620108084,CH1,POWER,3.75
1765620108088,CH1,POWER,3.75
1765620108094,CH1,POWER,3.75
1765620108100,CH1,POWER,3.75
1765620108104,CH1,POWER,3.75
1765620108110,CH1,POWER,3.75
1765620108114,CH1,POWER,3.75
1765620108120,CH1,POWER,3.75
1765620108124,CH1,POWER,3.75
1765620108130,CH1,POWER,3.75
1765620108134,CH1,POWER,3.75
1765620108138,CH1,POWER,3.75
1765620108144,CH1,POWER,3.75
1765620108150,CH1,POWER,3.75
1765620108154,CH1,POWER,3.75
1765620108160,CH1,POWER,3.75
1765620108164,CH1,POWER,3.75
1765620108172,CH1,POWER,3.75
1765620108177,CH1,POWER,3.75
1765620108184,CH1,POWER,3.75
1765620108188,CH1,POWER,3.75
1765620108194,CH1,POWER,3.75
1765620108200,CH1,POWER,3.75
1765620108204,CH1,POWER,3.75
1765620108208,CH1,POWER,3.75
1765620108214,CH1,POWER,3.75
1765620108218,CH1,POWER,3.75
1765620108224,CH1,POWER,3.75
1765620108228,CH1,POWER,3.75
1765620108233,CH1,POWER,3.75
1765620108240,CH1,POWER,3.75
1765620108244,CH1,POWER,3.75
1765620108250,CH1,POWER,3.75
1765620108254,CH1,POWER,3.75
1765620108262,CH1,POWER,3.75
1765620108267,CH1,POWER,3.75
1765620108273,CH1,POWER,3.75
1765620108278,CH1,POWER,3.75
1765620108284,CH1,POWER,3.75
1765620108288,CH1,POWER,3.75
1765620108294,CH1,POWER,3.75
1765620108298,CH1,POWER,3.75
1765620108303,CH1,POWER,3.80
1765620108305,CH1,POWER,3.80
1765620108308,CH1,POWER,3.80
1765620108335,CH1,POWER,3.80
1765620108340,CH1,POWER,3.80
1765620108345,CH1,POWER,3.80
1765620108349,CH1,POWER,3.80
1765620108356,CH1,POWER,3.80
1765620108360,CH1,POWER,3.80
1765620108366,CH1,POWER,3.80
1765620108370,CH1,POWER,3.80
1765620108376,CH1,POWER,3.80
1765620108382,CH1,POWER,3.80
1765620108386,CH1,POWER,3.80
1765620108392,CH1,POWER,3.80
1765620108396,CH1,POWER,3.80
1765620108402,CH1,POWER,3.80
1765620108406,CH1,POWER,3.80
1765620108410,CH1,POWER,3.80
1765620108415,CH1,POWER,3.80
1765620108420,CH1,POWER,3.80
1765620108426,CH1,POWER,3.80
1765620108430,CH1,POWER,3.80
1765620108435,CH1,POWER,3.80
1765620108442,CH1,POWER,3.80
1765620108446,CH1,POWER,3.80
1765620108452,CH1,POWER,3.80
1765620108456,CH1,POWER,3.80
1765620108462,CH1,POWER,3.80
1765620108466,CH1,POWER,3.80
1765620108470,CH1,POWER,3.80
1765620108476,CH1,POWER,3.80
1765620108480,CH1,POWER,3.80
1765620108486,CH1,POWER,3.80
1765620108492,CH1,POWER,3.80
1765620108496,CH1,POWER,3.80
1765620108500,CH1,POWER,3.80
1765620108506,CH1,POWER,3.80
1765620108512,CH1,POWER,3.80
1765620108516,CH1,POWER,3.80
1765620108522,CH1,POWER,3.80
1765620108526,CH1,POWER,3.80
1765620108532,CH1,POWER,3.80
1765620108536,CH1,POWER,3.80
1765620108540,CH1,POWER,3.80
1765620108546,CH1,POWER,3.80
1765620108554,CH1,POWER,3.80
1765620108558,CH1,POWER,3.80
1765620108563,CH1,POWER,3.80
1765620108567,CH1,POWER,3.80
1765620108574,CH1,POWER,3.80
1765620108579,CH1,POWER,3.80
1765620108583,CH1,POWER,3.80
1765620108587,CH1,POWER,3.80
1765620108592,CH1,POWER,3.80
1765620108596,CH1,POWER,3.80
1765620108600,CH1,POWER,3.80
1765620108606,CH1,POWER,3.80
1765620108612,CH1,POWER,3.80
1765620108616,CH1,POWER,3.80
1765620108620,CH1,POWER,3.80
1765620108626,CH1,POWER,3.80
1765620108632,CH1,POWER,3.80
1765620108636,CH1,POWER,3.80
1765620108640,CH1,POWER,3.80
1765620108645,CH1,POWER,3.80
1765620108649,CH1,POWER,3.80
1765620108655,CH1,POWER,3.80
1765620108659,CH1,POWER,3.80
1765620108663,CH1,POWER,3.80
1765620108668,CH1,POWER,3.80
1765620108674,CH1,POWER,3.80
1765620108679,CH1,POWER,3.80
1765620108683,CH1,POWER,3.80
1765620108689,CH1,POWER,3.80
1765620108695,CH1,POWER,3.80
1765620108698,CH1,POWER,3.75
1765620108700,CH1,POWER,3.75
1765620108728,CH1,POWER,3.75
1765620108736,CH1,POWER,3.75
1765620108741,CH1,POWER,3.75
1765620108747,CH1,POWER,3.75
1765620108752,CH1,POWER,3.75
1765620108758,CH1,POWER,3.75
1765620108764,CH1,POWER,3.75
1765620108768,CH1,POWER,3.75
1765620108772,CH1,POWER,3.75
1765620108778,CH1,POWER,3.75
1765620108782,CH1,POWER,3.75
1765620108788,CH1,POWER,3.75
1765620108792,CH1,POWER,3.75
1765620108798,CH1,POWER,3.75
1765620108804,CH1,POWER,3.75
1765620108808,CH1,POWER,3.75
1765620108812,CH1,POWER,3.75
1765620108818,CH1,POWER,3.75
1765620108824,CH1,POWER,3.75
1765620108828,CH1,POWER,3.75
1765620108832,CH1,POWER,3.75
1765620108837,CH1,POWER,3.75
1765620108844,CH1,POWER,3.75
1765620108848,CH1,POWER,3.75
1765620108854,CH1,POWER,3.75
1765620108858,CH1,POWER,3.75
1765620108864,CH1,POWER,3.75
1765620108868,CH1,POWER,3.75
1765620108872,CH1,POWER,3.75
1765620108878,CH1,POWER,3.75
1765620108884,CH1,POWER,3.75
1765620108888,CH1,POWER,3.75
1765620108894,CH1,POWER,3.75
1765620108898,CH1,POWER,3.75
1765620108902,CH1,POWER,3.75
1765620108908,CH1,POWER,3.75
1765620108912,CH1,POWER,3.75
1765620108917,CH1,POWER,3.75
1765620108921,CH1,POWER,3.75
1765620108925,CH1,POWER,3.75
1765620108930,CH1,POWER,3.75
1765620108935,CH1,POWER,3.75
1765620108940,CH1,POWER,3.75
1765620108945,CH1,POWER,3.75
1765620108949,CH1,POWER,3.75
1765620108954,CH1,POWER,3.75
1765620108958,CH1,POWER,3.75
1765620108962,CH1,POWER,3.75
1765620108968,CH1,POWER,3.75
1765620108972,CH1,POWER,3.75
1765620108978,CH1,POWER,3.75
1765620108984,CH1,POWER,3.75
1765620108988,CH1,POWER,3.75
1765620108992,CH1,POWER,3.75
1765620108998,CH1,POWER,3.75
1765620109004,CH1,POWER,3.75
1765620109008,CH1,POWER,3.75
1765620109014,CH1,POWER,3.75
1765620109018,CH1,POWER,3.75
1765620109022,CH1,POWER,3.75
1765620109028,CH1,POWER,3.75
1765620109032,CH1,POWER,3.75
1765620109038,CH1,POWER,3.75
1765620109042,CH1,POWER,3.75
1765620109048,CH1,POWER,3.75
1765620109054,CH1,POWER,3.75
1765620109058,CH1,POWER,3.75
1765620109062,CH1,POWER,3.75
1765620109068,CH1,POWER,3.75
1765620109074,CH1,POWER,3.75
1765620109078,CH1,POWER,3.75
1765620109082,CH1,POWER,3.75
1765620109087,CH1,POWER,3.75
1765620109090,CH1,POWER,3.85
1765620109092,CH1,POWER,3.85
1765620109119,CH1,POWER,3.85
1765620109124,CH1,POWER,3.85
1765620109129,CH1,POWER,3.85
1765620109133,CH1,POWER,3.85
1765620109137,CH1,POWER,3.85
1765620109142,CH1,POWER,3.85
1765620109148,CH1,POWER,3.85
1765620109153,CH1,POWER,3.85
1765620109160,CH1,POWER,3.85
1765620109164,CH1,POWER,3.85
1765620109170,CH1,POWER,3.85
1765620109174,CH1,POWER,3.85
1765620109180,CH1,POWER,3.85
1765620109186,CH1,POWER,3.85
1765620109190,CH1,POWER,3.85
1765620109196,CH1,POWER,3.85
1765620109200,CH1,POWER,3.85
1765620109208,CH1,POWER,3.85
1765620109212,CH1,POWER,3.85
1765620109217,CH1,POWER,3.85
1765620109222,CH1,POWER,3.85
1765620109230,CH1,POWER,3.85
1765620109234,CH1,POWER,3.85
1765620109239,CH1,POWER,3.85
1765620109244,CH1,POWER,3.85
1765620109249,CH1,POWER,3.85
1765620109253,CH1,POWER,3.85
1765620109257,CH1,POWER,3.85
1765620109261,CH1,POWER,3.85
1765620109266,CH1,POWER,3.85
1765620109270,CH1,POWER,3.85
1765620109274,CH1,POWER,3.85
1765620109280,CH1,POWER,3.85
1765620109286,CH1,POWER,3.85
1765620109290,CH1,POWER,3.85
1765620109296,CH1,POWER,3.85
1765620109300,CH1,POWER,3.85
1765620109306,CH1,POWER,3.85
1765620109310,CH1,POWER,3.85
1765620109314,CH1,POWER,3.85
1765620109319,CH1,POWER,3.85
1765620109323,CH1,POWER,3.85
1765620109327,CH1,POWER,3.85
1765620109332,CH1,POWER,3.85
1765620109338,CH1,POWER,3.85
1765620109342,CH1,POWER,3.85
1765620109347,CH1,POWER,3.85
1765620109351,CH1,POWER,3.85
1765620109356,CH1,POWER,3.85
1765620109360,CH1,POWER,3.85
1765620109364,CH1,POWER,3.85
1765620109370,CH1,POWER,3.85
1765620109376,CH1,POWER,3.85
1765620109380,CH1,POWER,3.85
1765620109386,CH1,POWER,3.85
1765620109390,CH1,POWER,3.85
1765620109394,CH1,POWER,3.85
1765620109400,CH1,POWER,3.85
1765620109404,CH1,POWER,3.85
1765620109410,CH1,POWER,3.85
1765620109414,CH1,POWER,3.85
1765620109420,CH1,POWER,3.85
1765620109426,CH1,POWER,3.85
1765620109430,CH1,POWER,3.85
1765620109434,CH1,POWER,3.85
1765620109440,CH1,POWER,3.85
1765620109446,CH1,POWER,3.85
1765620109450,CH1,POWER,3.85
1765620109456,CH1,POWER,3.85
1765620109460,CH1,POWER,3.85
1765620109464,CH1,POWER,3.85
1765620109470,CH1,POWER,3.85
1765620109474,CH1,POWER,3.85
1765620109479,CH1,POWER,3.85
1765620109483,CH1,POWER,3.85
1765620109509,CH1,POWER,3.75
1765620109514,CH1,POWER,3.75
1765620109520,CH1,POWER,3.75
1765620109524,CH1,POWER,3.75
1765620109530,CH1,POWER,3.75
1765620109534,CH1,POWER,3.75
1765620109539,CH1,POWER,3.75
1765620109544,CH1,POWER,3.75
1765620109550,CH1,POWER,3.75
1765620109555,CH1,POWER,3.75
1765620109562,CH1,POWER,3.75
1765620109566,CH1,POWER,3.75
1765620109571,CH1,POWER,3.75
1765620109575,CH1,POWER,3.75
1765620109579,CH1,POWER,3.75
1765620109584,CH1,POWER,3.75
1765620109590,CH1,POWER,3.75
1765620109595,CH1,POWER,3.75
1765620109599,CH1,POWER,3.75
1765620109603,CH1,POWER,3.75
1765620109608,CH1,POWER,3.75
1765620109612,CH1,POWER,3.75
1765620109616,CH1,POWER,3.75
1765620109621,CH1,POWER,3.75
1765620109626,CH1,POWER,3.75
1765620109632,CH1,POWER,3.75
1765620109636,CH1,POWER,3.75
1765620109641,CH1,POWER,3.75
1765620109645,CH1,POWER,3.75
1765620109649,CH1,POWER,3.75
1765620109655,CH1,POWER,3.75
1765620109659,CH1,POWER,3.75
1765620109663,CH1,POWER,3.75
1765620109668,CH1,POWER,3.75
1765620109672,CH1,POWER,3.75
1765620109676,CH1,POWER,3.75
1765620109682,CH1,POWER,3.75
1765620109686,CH1,POWER,3.75
1765620109692,CH1,POWER,3.75
1765620109698,CH1,POWER,3.75
1765620109702,CH1,POWER,3.75
1765620109706,CH1,POWER,3.75
1765620109711,CH1,POWER,3.75
1765620109715,CH1,POWER,3.75
1765620109722,CH1,POWER,3.75
1765620109726,CH1,POWER,3.75
1765620109731,CH1,POWER,3.75
1765620109735,CH1,POWER,3.75
1765620109739,CH1,POWER,3.75
1765620109743,CH1,POWER,3.75
1765620109750,CH1,POWER,3.75
1765620109755,CH1,POWER,3.75
1765620109762,CH1,POWER,3.75
1765620109768,CH1,POWER,3.75
1765620109772,CH1,POWER,3.75
1765620109778,CH1,POWER,3.75
1765620109782,CH1,POWER,3.75
1765620109786,CH1,POWER,3.75
1765620109792,CH1,POWER,3.75
1765620109798,CH1,POWER,3.75
1765620109802,CH1,POWER,3.75
1765620109806,CH1,POWER,3.75
1765620109812,CH1,POWER,3.75
1765620109818,CH1,POWER,3.75
1765620109822,CH1,POWER,3.75
1765620109828,CH1,POWER,3.75
1765620109832,CH1,POWER,3.75
1765620109838,CH1,POWER,3.75
1765620109842,CH1,POWER,3.75
1765620109846,CH1,POWER,3.75
1765620109852,CH1,POWER,3.75
1765620109858,CH1,POWER,3.75
1765620109862,CH1,POWER,3.75
1765620109868,CH1,POWER,3.75
1765620109872,CH1,POWER,3.75
1765620109878,CH1,POWER,3.75
1765620109882,CH1,POWER,3.75
1765620109886,CH1,POWER,3.65
1765620109913,CH1,POWER,3.65
1765620109918,CH1,POWER,3.65
1765620109923,CH1,POWER,3.65
1765620109927,CH1,POWER,3.65
1765620109931,CH1,POWER,3.65
1765620109935,CH1,POWER,3.65
1765620109940,CH1,POWER,3.65
1765620109944,CH1,POWER,3.65
1765620109948,CH1,POWER,3.65
1765620109953,CH1,POWER,3.65
1765620109957,CH1,POWER,3.65
1765620109964,CH1,POWER,3.65
1765620109968,CH1,POWER,3.65
1765620109973,CH1,POWER,3.65
1765620109977,CH1,POWER,3.65
1765620109981,CH1,POWER,3.65
1765620109985,CH1,POWER,3.65
1765620109990,CH1,POWER,3.65
1765620109994,CH1,POWER,3.65
1765620110000,CH1,POWER,3.65
1765620110004,CH1,POWER,3.65
1765620110008,CH1,POWER,3.65
1765620110013,CH1,POWER,3.65
1765620110020,CH1,POWER,3.65
1765620110024,CH1,POWER,3.65
1765620110030,CH1,POWER,3.65
1765620110034,CH1,POWER,3.65
1765620110038,CH1,POWER,3.65
1765620110043,CH1,POWER,3.65
1765620110047,CH1,POWER,3.65
1765620110051,CH1,POWER,3.65
1765620110057,CH1,POWER,3.65
1765620110061,CH1,POWER,3.65
1765620110066,CH1,POWER,3.65
1765620110071,CH1,POWER,3.65
1765620110075,CH1,POWER,3.65
1765620110080,CH1,POWER,3.65
1765620110084,CH1,POWER,3.65
1765620110088,CH1,POWER,3.65
1765620110093,CH1,POWER,3.65
1765620110097,CH1,POWER,3.65
1765620110104,CH1,POWER,3.65
1765620110110,CH1,POWER,3.65
1765620110114,CH1,POWER,3.65
1765620110118,CH1,POWER,3.65
1765620110124,CH1,POWER,3.65
1765620110130,CH1,POWER,3.65
1765620110134,CH1,POWER,3.65
1765620110138,CH1,POWER,3.65
1765620110144,CH1,POWER,3.65
1765620110150,CH1,POWER,3.65
1765620110154,CH1,POWER,3.65
1765620110158,CH1,POWER,3.65
1765620110164,CH1,POWER,3.65
1765620110168,CH1,POWER,3.65
1765620110174,CH1,POWER,3.65
1765620110180,CH1,POWER,3.65
1765620110184,CH1,POWER,3.65
1765620110188,CH1,POWER,3.65
1765620110194,CH1,POWER,3.65
1765620110198,CH1,POWER,3.65
1765620110203,CH1,POWER,3.65
1765620110207,CH1,POWER,3.65
1765620110214,CH1,POWER,3.65
1765620110220,CH1,POWER,3.65
1765620110224,CH1,POWER,3.65
1765620110230,CH1,POWER,3.65
1765620110234,CH1,POWER,3.65
1765620110240,CH1,POWER,3.65
1765620110244,CH1,POWER,3.65
1765620110252,CH1,POWER,3.65
1765620110257,CH1,POWER,3.65
1765620110264,CH1,POWER,3.65
1765620110268,CH1,POWER,3.65
1765620110273,CH1,POWER,3.65
1765620110277,CH1,POWER,3.65
1765620110281,CH1,POWER,3.65
1765620110285,CH1,POWER,3.65
1765620110290,CH1,POWER,3.65
1765620110293,CH1,POWER,3.75
1765620110296,CH1,POWER,3.75
1765620110298,CH1,POWER,3.75
1765620110325,CH1,POWER,3.75
1765620110330,CH1,POWER,3.75
1765620110335,CH1,POWER,3.75
1765620110340,CH1,POWER,3.75
1765620110346,CH1,POWER,3.75
1765620110352,CH1,POWER,3.75
1765620110356,CH1,POWER,3.75
1765620110362,CH1,POWER,3.75
1765620110366,CH1,POWER,3.75
1765620110372,CH1,POWER,3.75
1765620110376,CH1,POWER,3.75
1765620110384,CH1,POWER,3.75
1765620110389,CH1,POWER,3.75
1765620110396,CH1,POWER,3.75
1765620110400,CH1,POWER,3.75
1765620110405,CH1,POWER,3.75
1765620110409,CH1,POWER,3.75
1765620110413,CH1,POWER,3.75
1765620110418,CH1,POWER,3.75
1765620110424,CH1,POWER,3.75
1765620110430,CH1,POWER,3.75
1765620110435,CH1,POWER,3.75
1765620110439,CH1,POWER,3.75
1765620110443,CH1,POWER,3.75
1765620110448,CH1,POWER,3.75
1765620110454,CH1,POWER,3.75
1765620110459,CH1,POWER,3.75
1765620110463,CH1,POWER,3.75
1765620110468,CH1,POWER,3.75
1765620110474,CH1,POWER,3.75
1765620110478,CH1,POWER,3.75
1765620110483,CH1,POWER,3.75
1765620110488,CH1,POWER,3.75
1765620110493,CH1,POWER,3.75
1765620110497,CH1,POWER,3.75
1765620110502,CH1,POWER,3.75
1765620110506,CH1,POWER,3.75
1765620110510,CH1,POWER,3.75
1765620110516,CH1,POWER,3.75
1765620110524,CH1,POWER,3.75
1765620110528,CH1,POWER,3.75
1765620110536,CH1,POWER,3.75
1765620110542,CH1,POWER,3.75
1765620110546,CH1,POWER,3.75
1765620110551,CH1,POWER,3.75
1765620110556,CH1,POWER,3.75
1765620110560,CH1,POWER,3.75
1765620110565,CH1,POWER,3.75
1765620110569,CH1,POWER,3.75
1765620110573,CH1,POWER,3.75
1765620110578,CH1,POWER,3.75
1765620110583,CH1,POWER,3.75
1765620110587,CH1,POWER,3.75
1765620110592,CH1,POWER,3.75
1765620110596,CH1,POWER,3.75
1765620110600,CH1,POWER,3.75
1765620110606,CH1,POWER,3.75
1765620110614,CH1,POWER,3.75
1765620110619,CH1,POWER,3.75
1765620110623,CH1,POWER,3.75
1765620110628,CH1,POWER,3.75
1765620110636,CH1,POWER,3.75
1765620110642,CH1,POWER,3.75
1765620110646,CH1,POWER,3.75
1765620110652,CH1,POWER,3.75
1765620110656,CH1,POWER,3.75
1765620110661,CH1,POWER,3.75
1765620110666,CH1,POWER,3.75
1765620110672,CH1,POWER,3.75
1765620110676,CH1,POWER,3.75
1765620110681,CH1,POWER,3.75
1765620110708,CH1,POWER,3.55
1765620110714,CH1,POWER,3.55
1765620110718,CH1,POWER,3.55
1765620110722,CH1,POWER,3.55
1765620110728,CH1,POWER,3.55
1765620110734,CH1,POWER,3.55
1765620110738,CH1,POWER,3.55
1765620110744,CH1,POWER,3.55
1765620110748,CH1,POWER,3.55
1765620110752,CH1,POWER,3.55
1765620110758,CH1,POWER,3.55
1765620110764,CH1,POWER,3.55
1765620110768,CH1,POWER,3.55
1765620110772,CH1,POWER,3.55
1765620110777,CH1,POWER,3.55
1765620110782,CH1,POWER,3.55
1765620110788,CH1,POWER,3.55
1765620110796,CH1,POWER,3.55
1765620110801,CH1,POWER,3.55
1765620110805,CH1,POWER,3.55
1765620110809,CH1,POWER,3.55
1765620110816,CH1,POWER,3.55
1765620110821,CH1,POWER,3.55
1765620110828,CH1,POWER,3.55
1765620110834,CH1,POWER,3.55
1765620110838,CH1,POWER,3.55
1765620110843,CH1,POWER,3.55
1765620110848,CH1,POWER,3.55
1765620110853,CH1,POWER,3.55
1765620110858,CH1,POWER,3.55
1765620110864,CH1,POWER,3.55
1765620110868,CH1,POWER,3.55
1765620110876,CH1,POWER,3.55
1765620110881,CH1,POWER,3.55
1765620110888,CH1,POWER,3.55
1765620110894,CH1,POWER,3.55
1765620110898,CH1,POWER,3.55
1765620110903,CH1,POWER,3.55
1765620110908,CH1,POWER,3.55
1765620110913,CH1,POWER,3.55
1765620110918,CH1,POWER,3.55
1765620110922,CH1,POWER,3.55
1765620110928,CH1,POWER,3.55
1765620110936,CH1,POWER,3.55
1765620110941,CH1,POWER,3.55
1765620110948,CH1,POWER,3.55
1765620110952,CH1,POWER,3.55
1765620110958,CH1,POWER,3.55
1765620110962,CH1,POWER,3.55
1765620110968,CH1,POWER,3.55
1765620110974,CH1,POWER,3.55
1765620110978,CH1,POWER,3.55
1765620110986,CH1,POWER,3.55
1765620110990,CH1,POWER,3.55
1765620110995,CH1,POWER,3.55
1765620111000,CH1,POWER,3.55
1765620111005,CH1,POWER,3.55
1765620111010,CH1,POWER,3.55
1765620111016,CH1,POWER,3.55
1765620111020,CH1,POWER,3.55
1765620111026,CH1,POWER,3.55
1765620111030,CH1,POWER,3.55
1765620111038,CH1,POWER,3.55
1765620111046,CH1,POWER,3.55
1765620111051,CH1,POWER,3.55
1765620111058,CH1,POWER,3.55
1765620111064,CH1,POWER,3.55
1765620111068,CH1,POWER,3.55
1765620111070,CH1,POWER,3.55
1765620111073,CH1,POWER,3.55
1765620111099,CH1,POWER,3.55
1765620111104,CH1,POWER,3.55
1765620111110,CH1,POWER,3.55
1765620111116,CH1,POWER,3.55
1765620111120,CH1,POWER,3.55
1765620111128,CH1,POWER,3.55
1765620111133,CH1,POWER,3.55
1765620111140,CH1,POWER,3.55
1765620111148,CH1,POWER,3.55
1765620111153,CH1,POWER,3.55
1765620111157,CH1,POWER,3.55
1765620111162,CH1,POWER,3.55
1765620111168,CH1,POWER,3.55
1765620111174,CH1,POWER,3.55
1765620111179,CH1,POWER,3.55
1765620111183,CH1,POWER,3.55
1765620111190,CH1,POWER,3.55
1765620111194,CH1,POWER,3.55
1765620111199,CH1,POWER,3.55
1765620111203,CH1,POWER,3.55
1765620111207,CH1,POWER,3.55
1765620111211,CH1,POWER,3.55
1765620111216,CH1,POWER,3.55
1765620111220,CH1,POWER,3.55
1765620111224,CH1,POWER,3.55
1765620111230,CH1,POWER,3.55
1765620111236,CH1,POWER,3.55
1765620111240,CH1,POWER,3.55
1765620111244,CH1,POWER,3.55
1765620111250,CH1,POWER,3.55
1765620111256,CH1,POWER,3.55
1765620111260,CH1,POWER,3.55
1765620111265,CH1,POWER,3.55
1765620111270,CH1,POWER,3.55
1765620111274,CH1,POWER,3.55
1765620111280,CH1,POWER,3.55
1765620111284,CH1,POWER,3.55
1765620111289,CH1,POWER,3.55
1765620111296,CH1,POWER,3.55
1765620111300,CH1,POWER,3.55
1765620111306,CH1,POWER,3.55
1765620111310,CH1,POWER,3.55
1765620111314,CH1,POWER,3.55
1765620111320,CH1,POWER,3.55
1765620111328,CH1,POWER,3.55
1765620111333,CH1,POWER,3.55
1765620111337,CH1,POWER,3.55
1765620111342,CH1,POWER,3.55
1765620111348,CH1,POWER,3.55
1765620111353,CH1,POWER,3.55
1765620111360,CH1,POWER,3.55
1765620111366,CH1,POWER,3.55
1765620111370,CH1,POWER,3.55
1765620111378,CH1,POWER,3.55
1765620111383,CH1,POWER,3.55
1765620111390,CH1,POWER,3.55
1765620111394,CH1,POWER,3.55
1765620111399,CH1,POWER,3.55
1765620111403,CH1,POWER,3.55
1765620111410,CH1,POWER,3.55
1765620111416,CH1,POWER,3.55
1765620111420,CH1,POWER,3.55
1765620111426,CH1,POWER,3.55
1765620111430,CH1,POWER,3.55
1765620111438,CH1,POWER,3.55
1765620111444,CH1,POWER,3.55
1765620111449,CH1,POWER,3.55
1765620111454,CH1,POWER,3.55
1765620111481,CH1,POWER,3.70
1765620111486,CH1,POWER,3.70
1765620111491,CH1,POWER,3.70
1765620111498,CH1,POWER,3.70
1765620111502,CH1,POWER,3.70
1765620111507,CH1,POWER,3.70
1765620111512,CH1,POWER,3.70
1765620111518,CH1,POWER,3.70
1765620111522,CH1,POWER,3.70
1765620111528,CH1,POWER,3.70
1765620111532,CH1,POWER,3.70
1765620111537,CH1,POWER,3.70
1765620111542,CH1,POWER,3.70
1765620111548,CH1,POWER,3.70
1765620111552,CH1,POWER,3.70
1765620111558,CH1,POWER,3.70
1765620111562,CH1,POWER,3.70
1765620111570,CH1,POWER,3.70
1765620111576,CH1,POWER,3.70
1765620111581,CH1,POWER,3.70
1765620111585,CH1,POWER,3.70
1765620111592,CH1,POWER,3.70
1765620111596,CH1,POWER,3.70
1765620111601,CH1,POWER,3.70
1765620111605,CH1,POWER,3.70
1765620111612,CH1,POWER,3.70
1765620111618,CH1,POWER,3.70
1765620111622,CH1,POWER,3.70
1765620111627,CH1,POWER,3.70
1765620111632,CH1,POWER,3.70
1765620111636,CH1,POWER,3.70
1765620111641,CH1,POWER,3.70
1765620111645,CH1,POWER,3.70
1765620111652,CH1,POWER,3.70
1765620111658,CH1,POWER,3.70
1765620111662,CH1,POWER,3.70
1765620111668,CH1,POWER,3.70
1765620111672,CH1,POWER,3.70
1765620111680,CH1,POWER,3.70
1765620111685,CH1,POWER,3.70
1765620111689,CH1,POWER,3.70
1765620111694,CH1,POWER,3.70
1765620111700,CH1,POWER,3.70
1765620111705,CH1,POWER,3.70
1765620111712,CH1,POWER,3.70
1765620111720,CH1,POWER,3.70
1765620111725,CH1,POWER,3.70
1765620111732,CH1,POWER,3.70
1765620111738,CH1,POWER,3.70
1765620111742,CH1,POWER,3.70
1765620111748,CH1,POWER,3.70
1765620111752,CH1,POWER,3.70
1765620111760,CH1,POWER,3.70
1765620111765,CH1,POWER,3.70
1765620111772,CH1,POWER,3.70
1765620111778,CH1,POWER,3.70
1765620111782,CH1,POWER,3.70
1765620111788,CH1,POWER,3.70
1765620111792,CH1,POWER,3.70
1765620111797,CH1,POWER,3.70
1765620111802,CH1,POWER,3.70
1765620111806,CH1,POWER,3.70
1765620111812,CH1,POWER,3.70
1765620111817,CH1,POWER,3.70
1765620111822,CH1,POWER,3.70
1765620111827,CH1,POWER,3.70
1765620111832,CH1,POWER,3.70
1765620111836,CH1,POWER,3.70
1765620111841,CH1,POWER,3.70
1765620111845,CH1,POWER,3.70
1765620111871,CH1,POWER,3.80
1765620111876,CH1,POWER,3.80
1765620111881,CH1,POWER,3.80
1765620111885,CH1,POWER,3.80
1765620111891,CH1,POWER,3.80
1765620111896,CH1,POWER,3.80
1765620111902,CH1,POWER,3.80
1765620111907,CH1,POWER,3.80
1765620111911,CH1,POWER,3.80
1765620111915,CH1,POWER,3.80
1765620111922,CH1,POWER,3.80
1765620111927,CH1,POWER,3.80
1765620111934,CH1,POWER,3.80
1765620111940,CH1,POWER,3.80
1765620111944,CH1,POWER,3.80
1765620111949,CH1,POWER,3.80
1765620111954,CH1,POWER,3.80
1765620111959,CH1,POWER,3.80
1765620111964,CH1,POWER,3.80
1765620111970,CH1,POWER,3.80
1765620111974,CH1,POWER,3.80
1765620111980,CH1,POWER,3.80
1765620111984,CH1,POWER,3.80
1765620111989,CH1,POWER,3.80
1765620111994,CH1,POWER,3.80
1765620112000,CH1,POWER,3.80
1765620112004,CH1,POWER,3.80
1765620112008,CH1,POWER,3.80
1765620112014,CH1,POWER,3.80
1765620112018,CH1,POWER,3.80
1765620112024,CH1,POWER,3.80
1765620112030,CH1,POWER,3.80
1765620112034,CH1,POWER,3.80
1765620112039,CH1,POWER,3.80
1765620112044,CH1,POWER,3.80
1765620112048,CH1,POWER,3.80
1765620112053,CH1,POWER,3.80
1765620112057,CH1,POWER,3.80
1765620112064,CH1,POWER,3.80
1765620112072,CH1,POWER,3.80
1765620112077,CH1,POWER,3.80
1765620112084,CH1,POWER,3.80
1765620112089,CH1,POWER,3.80
1765620112094,CH1,POWER,3.80
1765620112099,CH1,POWER,3.80
1765620112104,CH1,POWER,3.80
1765620112108,CH1,POWER,3.80
1765620112113,CH1,POWER,3.80
1765620112117,CH1,POWER,3.80
1765620112124,CH1,POWER,3.80
1765620112130,CH1,POWER,3.80
1765620112134,CH1,POWER,3.80
1765620112142,CH1,POWER,3.80
1765620112146,CH1,POWER,3.80
1765620112151,CH1,POWER,3.80
1765620112156,CH1,POWER,3.80
1765620112161,CH1,POWER,3.80
1765620112166,CH1,POWER,3.80
1765620112172,CH1,POWER,3.80
1765620112177,CH1,POWER,3.80
1765620112181,CH1,POWER,3.80
1765620112186,CH1,POWER,3.80
1765620112194,CH1,POWER,3.80
1765620112200,CH1,POWER,3.80
1765620112204,CH1,POWER,3.80
1765620112209,CH1,POWER,3.80
1765620112214,CH1,POWER,3.80
1765620112220,CH1,POWER,3.80
1765620112224,CH1,POWER,3.80
1765620112229,CH1,POWER,3.80
1765620112234,CH1,POWER,3.80
1765620112240,CH1,POWER,3.80
1765620112243,CH1,POWER,3.70
1765620112245,CH1,POWER,3.70
1765620112248,CH1,POWER,3.70
1765620112275,CH1,POWER,3.70
1765620112280,CH1,POWER,3.70
1765620112285,CH1,POWER,3.70
1765620112289,CH1,POWER,3.70
1765620112296,CH1,POWER,3.70
1765620112304,CH1,POWER,3.70
1765620112309,CH1,POWER,3.70
1765620112316,CH1,POWER,3.70
1765620112321,CH1,POWER,3.70
1765620112326,CH1,POWER,3.70
1765620112330,CH1,POWER,3.70
1765620112336,CH1,POWER,3.70
1765620112342,CH1,POWER,3.70
1765620112346,CH1,POWER,3.70
1765620112351,CH1,POWER,3.70
1765620112356,CH1,POWER,3.70
1765620112362,CH1,POWER,3.70
1765620112366,CH1,POWER,3.70
1765620112371,CH1,POWER,3.70
1765620112376,CH1,POWER,3.70
1765620112381,CH1,POWER,3.70
1765620112386,CH1,POWER,3.70
1765620112392,CH1,POWER,3.70
1765620112396,CH1,POWER,3.70
1765620112402,CH1,POWER,3.70
1765620112406,CH1,POWER,3.70
1765620112411,CH1,POWER,3.70
1765620112416,CH1,POWER,3.70
1765620112422,CH1,POWER,3.70
1765620112426,CH1,POWER,3.70
1765620112431,CH1,POWER,3.70
1765620112436,CH1,POWER,3.70
1765620112441,CH1,POWER,3.70
1765620112446,CH1,POWER,3.70
1765620112452,CH1,POWER,3.70
1765620112456,CH1,POWER,3.70
1765620112461,CH1,POWER,3.70
1765620112466,CH1,POWER,3.70
1765620112471,CH1,POWER,3.70
1765620112476,CH1,POWER,3.70
1765620112482,CH1,POWER,3.70
1765620112486,CH1,POWER,3.70
1765620112491,CH1,POWER,3.70
1765620112496,CH1,POWER,3.70
1765620112501,CH1,POWER,3.70
1765620112506,CH1,POWER,3.70
1765620112512,CH1,POWER,3.70
1765620112516,CH1,POWER,3.70
1765620112521,CH1,POWER,3.70
1765620112526,CH1,POWER,3.70
1765620112531,CH1,POWER,3.70
1765620112536,CH1,POWER,3.70
1765620112542,CH1,POWER,3.70
1765620112546,CH1,POWER,3.70
1765620112552,CH1,POWER,3.70
1765620112556,CH1,POWER,3.70
1765620112561,CH1,POWER,3.70
1765620112566,CH1,POWER,3.70
1765620112571,CH1,POWER,3.70
1765620112576,CH1,POWER,3.70
1765620112580,CH1,POWER,3.70
1765620112585,CH1,POWER,3.70
1765620112591,CH1,POWER,3.70
1765620112596,CH1,POWER,3.70
1765620112601,CH1,POWER,3.70
1765620112606,CH1,POWER,3.70
1765620112610,CH1,POWER,3.70
1765620112616,CH1,POWER,3.70
1765620112624,CH1,POWER,3.70
1765620112629,CH1,POWER,3.70
1765620112655,CH1,POWER,3.35
1765620112660,CH1,POWER,3.35
1765620112665,CH1,POWER,3.35
1765620112669,CH1,POWER,3.35
1765620112674,CH1,POWER,3.35
1765620112678,CH1,POWER,3.35
1765620112686,CH1,POWER,3.35
1765620112691,CH1,POWER,3.35
1765620112698,CH1,POWER,3.35
1765620112704,CH1,POWER,3.35
1765620112708,CH1,POWER,3.35
1765620112713,CH1,POWER,3.35
1765620112718,CH1,POWER,3.35
1765620112726,CH1,POWER,3.35
1765620112730,CH1,POWER,3.35
1765620112735,CH1,POWER,3.35
1765620112739,CH1,POWER,3.35
1765620112746,CH1,POWER,3.35
1765620112751,CH1,POWER,3.35
1765620112758,CH1,POWER,3.35
1765620112764,CH1,POWER,3.35
1765620112768,CH1,POWER,3.35
1765620112773,CH1,POWER,3.35
1765620112778,CH1,POWER,3.35
1765620112786,CH1,POWER,3.35
1765620112791,CH1,POWER,3.35
1765620112797,CH1,POWER,3.35
1765620112802,CH1,POWER,3.35
1765620112808,CH1,POWER,3.35
1765620112813,CH1,POWER,3.35
1765620112818,CH1,POWER,3.35
1765620112823,CH1,POWER,3.35
1765620112828,CH1,POWER,3.35
1765620112834,CH1,POWER,3.35
1765620112838,CH1,POWER,3.35
1765620112846,CH1,POWER,3.35
1765620112852,CH1,POWER,3.35
1765620112857,CH1,POWER,3.35
1765620112864,CH1,POWER,3.35
1765620112868,CH1,POWER,3.35
1765620112876,CH1,POWER,3.35
1765620112881,CH1,POWER,3.35
1765620112887,CH1,POWER,3.35
1765620112892,CH1,POWER,3.35
1765620112898,CH1,POWER,3.35
1765620112903,CH1,POWER,3.35
1765620112908,CH1,POWER,3.35
1765620112916,CH1,POWER,3.35
1765620112921,CH1,POWER,3.35
1765620112928,CH1,POWER,3.35
1765620112936,CH1,POWER,3.35
1765620112941,CH1,POWER,3.35
1765620112947,CH1,POWER,3.35
1765620112952,CH1,POWER,3.35
1765620112958,CH1,POWER,3.35
1765620112963,CH1,POWER,3.35
1765620112968,CH1,POWER,3.35
1765620112973,CH1,POWER,3.35
1765620112978,CH1,POWER,3.35
1765620112986,CH1,POWER,3.35
1765620112991,CH1,POWER,3.35
1765620112998,CH1,POWER,3.35
1765620113003,CH1,POWER,3.35
1765620113008,CH1,POWER,3.35
1765620113013,CH1,POWER,3.35
1765620113017,CH1,POWER,3.70
1765620113020,CH1,POWER,3.70
1765620113022,CH1,POWER,3.70
1765620113050,CH1,POWER,3.70
1765620113056,CH1,POWER,3.70
1765620113060,CH1,POWER,3.70
1765620113065,CH1,POWER,3.70
1765620113070,CH1,POWER,3.70
1765620113075,CH1,POWER,3.70
1765620113080,CH1,POWER,3.70
1765620113085,CH1,POWER,3.70
1765620113090,CH1,POWER,3.70
1765620113098,CH1,POWER,3.70
1765620113103,CH1,POWER,3.70
1765620113110,CH1,POWER,3.70
1765620113115,CH1,POWER,3.70
1765620113120,CH1,POWER,3.70
1765620113125,CH1,POWER,3.70
1765620113130,CH1,POWER,3.70
1765620113138,CH1,POWER,3.70
1765620113143,CH1,POWER,3.70
1765620113149,CH1,POWER,3.70
1765620113154,CH1,POWER,3.70
1765620113160,CH1,POWER,3.70
1765620113165,CH1,POWER,3.70
1765620113170,CH1,POWER,3.70
1765620113175,CH1,POWER,3.70
1765620113180,CH1,POWER,3.70
1765620113186,CH1,POWER,3.70
1765620113190,CH1,POWER,3.70
1765620113198,CH1,POWER,3.70
1765620113203,CH1,POWER,3.70
1765620113210,CH1,POWER,3.70
1765620113218,CH1,POWER,3.70
1765620113223,CH1,POWER,3.70
1765620113227,CH1,POWER,3.70
1765620113231,CH1,POWER,3.70
1765620113235,CH1,POWER,3.70
1765620113240,CH1,POWER,3.70
1765620113245,CH1,POWER,3.70
1765620113250,CH1,POWER,3.70
1765620113254,CH1,POWER,3.70
1765620113259,CH1,POWER,3.70
1765620113263,CH1,POWER,3.70
1765620113270,CH1,POWER,3.70
1765620113278,CH1,POWER,3.70
1765620113283,CH1,POWER,3.70
1765620113290,CH1,POWER,3.70
1765620113296,CH1,POWER,3.70
1765620113300,CH1,POWER,3.70
1765620113305,CH1,POWER,3.70
1765620113310,CH1,POWER,3.70
1765620113315,CH1,POWER,3.70
1765620113320,CH1,POWER,3.70
1765620113328,CH1,POWER,3.70
1765620113333,CH1,POWER,3.70
1765620113337,CH1,POWER,3.70
1765620113342,CH1,POWER,3.70
1765620113348,CH1,POWER,3.70
1765620113353,CH1,POWER,3.70
1765620113357,CH1,POWER,3.70
1765620113362,CH1,POWER,3.70
1765620113367,CH1,POWER,3.70
1765620113372,CH1,POWER,3.70
1765620113378,CH1,POWER,3.70
1765620113383,CH1,POWER,3.70
1765620113387,CH1,POWER,3.70
1765620113392,CH1,POWER,3.70
1765620113398,CH1,POWER,3.70
1765620113402,CH1,POWER,3.70
1765620113407,CH1,POWER,3.70
1765620113411,CH1,POWER,3.70
1765620113414,CH1,POWER,3.65
1765620113441,CH1,POWER,3.65
1765620113446,CH1,POWER,3.65
1765620113452,CH1,POWER,3.65
1765620113456,CH1,POWER,3.65
1765620113461,CH1,POWER,3.65
1765620113466,CH1,POWER,3.65
1765620113471,CH1,POWER,3.65
1765620113477,CH1,POWER,3.65
1765620113482,CH1,POWER,3.65
1765620113487,CH1,POWER,3.65
1765620113492,CH1,POWER,3.65
1765620113496,CH1,POWER,3.65
1765620113501,CH1,POWER,3.65
1765620113505,CH1,POWER,3.65
1765620113509,CH1,POWER,3.65
1765620113515,CH1,POWER,3.65
1765620113522,CH1,POWER,3.65
1765620113527,CH1,POWER,3.65
1765620113532,CH1,POWER,3.65
1765620113537,CH1,POWER,3.65
1765620113542,CH1,POWER,3.65
1765620113550,CH1,POWER,3.65
1765620113555,CH1,POWER,3.65
1765620113562,CH1,POWER,3.65
1765620113568,CH1,POWER,3.65
1765620113572,CH1,POWER,3.65
1765620113576,CH1,POWER,3.65
1765620113582,CH1,POWER,3.65
1765620113587,CH1,POWER,3.65
1765620113592,CH1,POWER,3.65
1765620113596,CH1,POWER,3.65
1765620113602,CH1,POWER,3.65
1765620113607,CH1,POWER,3.65
1765620113612,CH1,POWER,3.65
1765620113616,CH1,POWER,3.65
1765620113622,CH1,POWER,3.65
1765620113630,CH1,POWER,3.65
1765620113636,CH1,POWER,3.65
1765620113641,CH1,POWER,3.65
1765620113645,CH1,POWER,3.65
1765620113652,CH1,POWER,3.65
1765620113656,CH1,POWER,3.65
1765620113661,CH1,POWER,3.65
1765620113665,CH1,POWER,3.65
1765620113669,CH1,POWER,3.65
1765620113674,CH1,POWER,3.65
1765620113680,CH1,POWER,3.65
1765620113684,CH1,POWER,3.65
1765620113690,CH1,POWER,3.65
1765620113694,CH1,POWER,3.65
1765620113702,CH1,POWER,3.65
1765620113710,CH1,POWER,3.65
1765620113715,CH1,POWER,3.65
1765620113722,CH1,POWER,3.65
1765620113727,CH1,POWER,3.65
1765620113732,CH1,POWER,3.65
1765620113737,CH1,POWER,3.65
1765620113742,CH1,POWER,3.65
1765620113750,CH1,POWER,3.65
1765620113755,CH1,POWER,3.65
1765620113759,CH1,POWER,3.65
1765620113764,CH1,POWER,3.65
1765620113769,CH1,POWER,3.65
1765620113773,CH1,POWER,3.65
1765620113780,CH1,POWER,3.65
1765620113786,CH1,POWER,3.65
1765620113791,CH1,POWER,3.65
1765620113795,CH1,POWER,3.65
1765620113802,CH1,POWER,3.65
1765620113805,CH1,POWER,3.60
1765620113831,CH1,POWER,3.60
1765620113836,CH1,POWER,3.60
1765620113841,CH1,POWER,3.60
1765620113845,CH1,POWER,3.60
1765620113852,CH1,POWER,3.60
1765620113857,CH1,POWER,3.60
1765620113861,CH1,POWER,3.60
1765620113866,CH1,POWER,3.60
1765620113871,CH1,POWER,3.60
1765620113876,CH1,POWER,3.60
1765620113881,CH1,POWER,3.60
1765620113885,CH1,POWER,3.60
1765620113892,CH1,POWER,3.60
1765620113897,CH1,POWER,3.60
1765620113904,CH1,POWER,3.60
1765620113909,CH1,POWER,3.60
1765620113914,CH1,POWER,3.60
1765620113919,CH1,POWER,3.60
1765620113924,CH1,POWER,3.60
1765620113932,CH1,POWER,3.60
1765620113937,CH1,POWER,3.60
1765620113943,CH1,POWER,3.60
1765620113948,CH1,POWER,3.60
1765620113954,CH1,POWER,3.60
1765620113959,CH1,POWER,3.60
1765620113964,CH1,POWER,3.60
1765620113968,CH1,POWER,3.60
1765620113973,CH1,POWER,3.60
1765620113977,CH1,POWER,3.60
1765620113983,CH1,POWER,3.60
1765620113988,CH1,POWER,3.60
1765620113993,CH1,POWER,3.60
1765620113997,CH1,POWER,3.60
1765620114003,CH1,POWER,3.60
1765620114008,CH1,POWER,3.60
1765620114014,CH1,POWER,3.60
1765620114018,CH1,POWER,3.60
1765620114023,CH1,POWER,3.60
1765620114027,CH1,POWER,3.60
1765620114034,CH1,POWER,3.60
1765620114040,CH1,POWER,3.60
1765620114044,CH1,POWER,3.60
1765620114052,CH1,POWER,3.60
1765620114057,CH1,POWER,3.60
1765620114064,CH1,POWER,3.60
1765620114069,CH1,POWER,3.60
1765620114074,CH1,POWER,3.60
1765620114079,CH1,POWER,3.60
1765620114084,CH1,POWER,3.60
1765620114088,CH1,POWER,3.60
1765620114094,CH1,POWER,3.60
1765620114098,CH1,POWER,3.60
1765620114103,CH1,POWER,3.60
1765620114109,CH1,POWER,3.60
1765620114114,CH1,POWER,3.60
1765620114119,CH1,POWER,3.60
1765620114124,CH1,POWER,3.60
1765620114132,CH1,POWER,3.60
1765620114137,CH1,POWER,3.60
1765620114144,CH1,POWER,3.60
1765620114149,CH1,POWER,3.60
1765620114154,CH1,POWER,3.60
1765620114159,CH1,POWER,3.60
1765620114164,CH1,POWER,3.60
1765620114168,CH1,POWER,3.60
1765620114173,CH1,POWER,3.60
1765620114179,CH1,POWER,3.60
1765620114184,CH1,POWER,3.60
1765620114189,CH1,POWER,3.60
1765620114194,CH1,POWER,3.60
1765620114198,CH1,POWER,3.60
1765620114225,CH1,POWER,3.65
1765620114230,CH1,POWER,3.65
1765620114235,CH1,POWER,3.65
1765620114240,CH1,POWER,3.65
1765620114246,CH1,POWER,3.65
1765620114251,CH1,POWER,3.65
1765620114256,CH1,POWER,3.65
1765620114261,CH1,POWER,3.65
1765620114266,CH1,POWER,3.65
1765620114271,CH1,POWER,3.65
1765620114276,CH1,POWER,3.65
1765620114280,CH1,POWER,3.65
1765620114285,CH1,POWER,3.65
1765620114290,CH1,POWER,3.65
1765620114295,CH1,POWER,3.65
1765620114300,CH1,POWER,3.65
1765620114305,CH1,POWER,3.65
1765620114310,CH1,POWER,3.65
1765620114315,CH1,POWER,3.65
1765620114320,CH1,POWER,3.65
1765620114326,CH1,POWER,3.65
1765620114331,CH1,POWER,3.65
1765620114336,CH1,POWER,3.65
1765620114340,CH1,POWER,3.65
1765620114345,CH1,POWER,3.65
1765620114350,CH1,POWER,3.65
1765620114356,CH1,POWER,3.65
1765620114361,CH1,POWER,3.65
1765620114366,CH1,POWER,3.65
1765620114371,CH1,POWER,3.65
1765620114376,CH1,POWER,3.65
1765620114384,CH1,POWER,3.65
1765620114388,CH1,POWER,3.65
1765620114393,CH1,POWER,3.65
1765620114397,CH1,POWER,3.65
1765620114404,CH1,POWER,3.65
1765620114409,CH1,POWER,3.65
1765620114415,CH1,POWER,3.65
1765620114420,CH1,POWER,3.65
1765620114425,CH1,POWER,3.65
1765620114429,CH1,POWER,3.65
1765620114435,CH1,POWER,3.65
1765620114440,CH1,POWER,3.65
1765620114446,CH1,POWER,3.65
1765620114450,CH1,POWER,3.65
1765620114456,CH1,POWER,3.65
1765620114461,CH1,POWER,3.65
1765620114466,CH1,POWER,3.65
1765620114471,CH1,POWER,3.65
1765620114476,CH1,POWER,3.65
1765620114480,CH1,POWER,3.65
1765620114485,CH1,POWER,3.65
1765620114489,CH1,POWER,3.65
1765620114496,CH1,POWER,3.65
1765620114501,CH1,POWER,3.65
1765620114506,CH1,POWER,3.65
1765620114510,CH1,POWER,3.65
1765620114515,CH1,POWER,3.65
1765620114519,CH1,POWER,3.65
1765620114523,CH1,POWER,3.65
1765620114528,CH1,POWER,3.65
1765620114533,CH1,POWER,3.65
1765620114538,CH1,POWER,3.65
1765620114544,CH1,POWER,3.65
1765620114549,CH1,POWER,3.65
1765620114555,CH1,POWER,3.65
1765620114559,CH1,POWER,3.65
1765620114565,CH1,POWER,3.65
1765620114570,CH1,POWER,3.65
1765620114576,CH1,POWER,3.65
1765620114581,CH1,POWER,3.65
1765620114608,CH1,POWER,3.75
1765620114612,CH1,POWER,3.75
1765620114617,CH1,POWER,3.75
1765620114623,CH1,POWER,3.75
1765620114628,CH1,POWER,3.75
1765620114632,CH1,POWER,3.75
1765620114637,CH1,POWER,3.75
1765620114642,CH1,POWER,3.75
1765620114648,CH1,POWER,3.75
1765620114656,CH1,POWER,3.75
1765620114661,CH1,POWER,3.75
1765620114668,CH1,POWER,3.75
1765620114673,CH1,POWER,3.75
1765620114678,CH1,POWER,3.75
1765620114683,CH1,POWER,3.75
1765620114688,CH1,POWER,3.75
1765620114696,CH1,POWER,3.75
1765620114701,CH1,POWER,3.75
1765620114708,CH1,POWER,3.75
1765620114713,CH1,POWER,3.75
1765620114718,CH1,POWER,3.75
1765620114723,CH1,POWER,3.75
1765620114728,CH1,POWER,3.75
1765620114733,CH1,POWER,3.75
1765620114738,CH1,POWER,3.75
1765620114742,CH1,POWER,3.75
1765620114747,CH1,POWER,3.75
1765620114752,CH1,POWER,3.75
1765620114758,CH1,POWER,3.75
1765620114766,CH1,POWER,3.75
1765620114771,CH1,POWER,3.75
1765620114778,CH1,POWER,3.75
1765620114783,CH1,POWER,3.75
1765620114788,CH1,POWER,3.75
1765620114793,CH1,POWER,3.75
1765620114798,CH1,POWER,3.75
1765620114803,CH1,POWER,3.75
1765620114808,CH1,POWER,3.75
1765620114812,CH1,POWER,3.75
1765620114817,CH1,POWER,3.75
1765620114822,CH1,POWER,3.75
1765620114828,CH1,POWER,3.75
1765620114836,CH1,POWER,3.75
1765620114841,CH1,POWER,3.75
1765620114848,CH1,POWER,3.75
1765620114853,CH1,POWER,3.75
1765620114858,CH1,POWER,3.75
1765620114863,CH1,POWER,3.75
1765620114868,CH1,POWER,3.75
1765620114873,CH1,POWER,3.75
1765620114878,CH1,POWER,3.75
1765620114882,CH1,POWER,3.75
1765620114888,CH1,POWER,3.75
1765620114893,CH1,POWER,3.75
1765620114898,CH1,POWER,3.75
1765620114903,CH1,POWER,3.75
1765620114908,CH1,POWER,3.75
1765620114913,CH1,POWER,3.75
1765620114918,CH1,POWER,3.75
1765620114923,CH1,POWER,3.75
1765620114928,CH1,POWER,3.75
1765620114933,CH1,POWER,3.75
1765620114938,CH1,POWER,3.75
1765620114943,CH1,POWER,3.75
1765620114948,CH1,POWER,3.75
1765620114953,CH1,POWER,3.75
1765620114958,CH1,POWER,3.75
1765620114963,CH1,POWER,3.75
1765620114968,CH1,POWER,3.75
1765620114973,CH1,POWER,3.75
1765620114978,CH1,POWER,3.75
1765620114980,CH1,POWER,3.60
1765620115007,CH1,POWER,3.60
1765620115012,CH1,POWER,3.60
1765620115017,CH1,POWER,3.60
1765620115022,CH1,POWER,3.60
1765620115027,CH1,POWER,3.60
1765620115032,CH1,POWER,3.60
1765620115038,CH1,POWER,3.60
1765620115043,CH1,POWER,3.60
1765620115051,CH1,POWER,3.60
1765620115055,CH1,POWER,3.60
1765620115060,CH1,POWER,3.60
1765620115064,CH1,POWER,3.60
1765620115069,CH1,POWER,3.60
1765620115074,CH1,POWER,3.60
1765620115080,CH1,POWER,3.60
1765620115084,CH1,POWER,3.60
1765620115089,CH1,POWER,3.60
1765620115093,CH1,POWER,3.60
1765620115100,CH1,POWER,3.60
1765620115104,CH1,POWER,3.60
1765620115109,CH1,POWER,3.60
1765620115114,CH1,POWER,3.60
1765620115119,CH1,POWER,3.60
1765620115124,CH1,POWER,3.60
1765620115130,CH1,POWER,3.60
1765620115134,CH1,POWER,3.60
1765620115139,CH1,POWER,3.60
1765620115144,CH1,POWER,3.60
1765620115150,CH1,POWER,3.60
1765620115155,CH1,POWER,3.60
1765620115160,CH1,POWER,3.60
1765620115165,CH1,POWER,3.60
1765620115170,CH1,POWER,3.60
1765620115174,CH1,POWER,3.60
1765620115180,CH1,POWER,3.60
1765620115188,CH1,POWER,3.60
1765620115192,CH1,POWER,3.60
1765620115197,CH1,POWER,3.60
1765620115202,CH1,POWER,3.60
1765620115208,CH1,POWER,3.60
1765620115213,CH1,POWER,3.60
1765620115220,CH1,POWER,3.60
1765620115224,CH1,POWER,3.60
1765620115229,CH1,POWER,3.60
1765620115233,CH1,POWER,3.60
1765620115240,CH1,POWER,3.60
1765620115245,CH1,POWER,3.60
1765620115250,CH1,POWER,3.60
1765620115255,CH1,POWER,3.60
1765620115260,CH1,POWER,3.60
1765620115265,CH1,POWER,3.60
1765620115270,CH1,POWER,3.60
1765620115274,CH1,POWER,3.60
1765620115279,CH1,POWER,3.60
1765620115284,CH1,POWER,3.60
1765620115289,CH1,POWER,3.60
1765620115294,CH1,POWER,3.60
1765620115299,CH1,POWER,3.60
1765620115303,CH1,POWER,3.60
1765620115310,CH1,POWER,3.60
1765620115315,CH1,POWER,3.60
1765620115320,CH1,POWER,3.60
1765620115325,CH1,POWER,3.60
1765620115330,CH1,POWER,3.60
1765620115335,CH1,POWER,3.60
1765620115340,CH1,POWER,3.60
1765620115344,CH1,POWER,3.60
1765620115349,CH1,POWER,3.60
1765620115355,CH1,POWER,3.60
1765620115360,CH1,POWER,3.60
1765620115363,CH1,POWER,3.60
1765620115391,CH1,POWER,3.60
1765620115396,CH1,POWER,3.60
1765620115401,CH1,POWER,3.60
1765620115407,CH1,POWER,3.60
1765620115412,CH1,POWER,3.60
1765620115417,CH1,POWER,3.60
1765620115422,CH1,POWER,3.60
1765620115430,CH1,POWER,3.60
1765620115436,CH1,POWER,3.60
1765620115441,CH1,POWER,3.60
1765620115446,CH1,POWER,3.60
1765620115451,CH1,POWER,3.60
1765620115456,CH1,POWER,3.60
1765620115462,CH1,POWER,3.60
1765620115466,CH1,POWER,3.60
1765620115472,CH1,POWER,3.60
1765620115477,CH1,POWER,3.60
1765620115482,CH1,POWER,3.60
1765620115487,CH1,POWER,3.60
1765620115492,CH1,POWER,3.60
1765620115497,CH1,POWER,3.60
1765620115502,CH1,POWER,3.60
1765620115507,CH1,POWER,3.60
1765620115512,CH1,POWER,3.60
1765620115516,CH1,POWER,3.60
1765620115522,CH1,POWER,3.60
1765620115527,CH1,POWER,3.60
1765620115532,CH1,POWER,3.60
1765620115537,CH1,POWER,3.60
1765620115542,CH1,POWER,3.60
1765620115547,CH1,POWER,3.60
1765620115552,CH1,POWER,3.60
1765620115557,CH1,POWER,3.60
1765620115562,CH1,POWER,3.60
1765620115567,CH1,POWER,3.60
1765620115572,CH1,POWER,3.60
1765620115576,CH1,POWER,3.60
1765620115581,CH1,POWER,3.60
1765620115587,CH1,POWER,3.60
1765620115592,CH1,POWER,3.60
1765620115597,CH1,POWER,3.60
1765620115602,CH1,POWER,3.60
1765620115607,CH1,POWER,3.60
1765620115612,CH1,POWER,3.60
1765620115620,CH1,POWER,3.60
1765620115625,CH1,POWER,3.60
1765620115632,CH1,POWER,3.60
1765620115637,CH1,POWER,3.60
1765620115642,CH1,POWER,3.60
1765620115646,CH1,POWER,3.60
1765620115651,CH1,POWER,3.60
1765620115656,CH1,POWER,3.60
1765620115662,CH1,POWER,3.60
1765620115667,CH1,POWER,3.60
1765620115672,CH1,POWER,3.60
1765620115677,CH1,POWER,3.60
1765620115682,CH1,POWER,3.60
1765620115687,CH1,POWER,3.60
1765620115692,CH1,POWER,3.60
1765620115695,CH1,POWER,3.60
1765620115702,CH1,POWER,3.60
1765620115710,CH1,POWER,3.60
1765620115715,CH1,POWER,3.60
1765620115722,CH1,POWER,3.60
1765620115727,CH1,POWER,3.60
1765620115732,CH1,POWER,3.60
1765620115736,CH1,POWER,3.60
1765620115741,CH1,POWER,3.60
1765620115746,CH1,POWER,3.60
1765620115752,CH1,POWER,3.60
1765620115756,CH1,POWER,3.60
1765620115759,CH1,POWER,3.75
1765620115761,CH1,POWER,3.75
1765620115763,CH1,POWER,3.75
1765620115766,CH1,POWER,3.75
1765620115794,CH1,POWER,3.75
1765620115799,CH1,POWER,3.75
1765620115804,CH1,POWER,3.75
1765620115809,CH1,POWER,3.75
1765620115814,CH1,POWER,3.75
1765620115819,CH1,POWER,3.75
1765620115824,CH1,POWER,3.75
1765620115829,CH1,POWER,3.75
1765620115834,CH1,POWER,3.75
1765620115838,CH1,POWER,3.75
1765620115843,CH1,POWER,3.75
1765620115848,CH1,POWER,3.75
1765620115854,CH1,POWER,3.75
1765620115859,CH1,POWER,3.75
1765620115864,CH1,POWER,3.75
1765620115869,CH1,POWER,3.75
1765620115874,CH1,POWER,3.75
1765620115879,CH1,POWER,3.75
1765620115884,CH1,POWER,3.75
1765620115892,CH1,POWER,3.75
1765620115897,CH1,POWER,3.75
1765620115904,CH1,POWER,3.75
1765620115909,CH1,POWER,3.75
1765620115914,CH1,POWER,3.75
1765620115919,CH1,POWER,3.75
1765620115924,CH1,POWER,3.75
1765620115932,CH1,POWER,3.75
1765620115937,CH1,POWER,3.75
1765620115944,CH1,POWER,3.75
1765620115949,CH1,POWER,3.75
1765620115954,CH1,POWER,3.75
1765620115959,CH1,POWER,3.75
1765620115964,CH1,POWER,3.75
1765620115968,CH1,POWER,3.75
1765620115973,CH1,POWER,3.75
1765620115979,CH1,POWER,3.75
1765620115984,CH1,POWER,3.75
1765620115989,CH1,POWER,3.75
1765620115994,CH1,POWER,3.75
1765620115999,CH1,POWER,3.75
1765620116004,CH1,POWER,3.75
1765620116011,CH1,POWER,3.75
1765620116016,CH1,POWER,3.75
1765620116024,CH1,POWER,3.75
1765620116032,CH1,POWER,3.75
1765620116037,CH1,POWER,3.75
1765620116041,CH1,POWER,3.75
1765620116046,CH1,POWER,3.75
1765620116051,CH1,POWER,3.75
1765620116055,CH1,POWER,3.75
1765620116061,CH1,POWER,3.75
1765620116066,CH1,POWER,3.75
1765620116072,CH1,POWER,3.75
1765620116077,CH1,POWER,3.75
1765620116084,CH1,POWER,3.75
1765620116089,CH1,POWER,3.75
1765620116094,CH1,POWER,3.75
1765620116101,CH1,POWER,3.75
1765620116106,CH1,POWER,3.75
1765620116114,CH1,POWER,3.75
1765620116118,CH1,POWER,3.75
1765620116124,CH1,POWER,3.75
1765620116129,CH1,POWER,3.75
1765620116134,CH1,POWER,3.75
1765620116142,CH1,POWER,3.75
1765620116148,CH1,POWER,3.75
1765620116151,CH1,POWER,3.65
1765620116154,CH1,POWER,3.65
1765620116156,CH1,POWER,3.65
1765620116158,CH1,POWER,3.65
1765620116186,CH1,POWER,3.65
1765620116191,CH1,POWER,3.65
1765620116196,CH1,POWER,3.65
1765620116201,CH1,POWER,3.65
1765620116206,CH1,POWER,3.65
1765620116211,CH1,POWER,3.65
1765620116216,CH1,POWER,3.65
1765620116221,CH1,POWER,3.65
1765620116226,CH1,POWER,3.65
1765620116233,CH1,POWER,3.65
1765620116238,CH1,POWER,3.65
1765620116243,CH1,POWER,3.65
1765620116248,CH1,POWER,3.65
1765620116256,CH1,POWER,3.65
1765620116264,CH1,POWER,3.65
1765620116270,CH1,POWER,3.65
1765620116275,CH1,POWER,3.65
1765620116281,CH1,POWER,3.65
1765620116286,CH1,POWER,3.65
1765620116291,CH1,POWER,3.65
1765620116296,CH1,POWER,3.65
1765620116304,CH1,POWER,3.65
1765620116309,CH1,POWER,3.65
1765620116315,CH1,POWER,3.65
1765620116320,CH1,POWER,3.65
1765620116326,CH1,POWER,3.65
1765620116331,CH1,POWER,3.65
1765620116336,CH1,POWER,3.65
1765620116341,CH1,POWER,3.65
1765620116346,CH1,POWER,3.65
1765620116351,CH1,POWER,3.65
1765620116356,CH1,POWER,3.65
1765620116361,CH1,POWER,3.65
1765620116366,CH1,POWER,3.65
1765620116370,CH1,POWER,3.65
1765620116375,CH1,POWER,3.65
1765620116381,CH1,POWER,3.65
1765620116386,CH1,POWER,3.65
1765620116394,CH1,POWER,3.65
1765620116400,CH1,POWER,3.65
1765620116405,CH1,POWER,3.65
1765620116410,CH1,POWER,3.65
1765620116416,CH1,POWER,3.65
1765620116421,CH1,POWER,3.65
1765620116426,CH1,POWER,3.65
1765620116431,CH1,POWER,3.65
1765620116436,CH1,POWER,3.65
1765620116441,CH1,POWER,3.65
1765620116446,CH1,POWER,3.65
1765620116450,CH1,POWER,3.65
1765620116455,CH1,POWER,3.65
1765620116461,CH1,POWER,3.65
1765620116466,CH1,POWER,3.65
1765620116471,CH1,POWER,3.65
1765620116476,CH1,POWER,3.65
1765620116484,CH1,POWER,3.65
1765620116489,CH1,POWER,3.65
1765620116496,CH1,POWER,3.65
1765620116501,CH1,POWER,3.65
1765620116506,CH1,POWER,3.65
1765620116511,CH1,POWER,3.65
1765620116516,CH1,POWER,3.65
1765620116520,CH1,POWER,3.65
1765620116526,CH1,POWER,3.65
1765620116533,CH1,POWER,3.65
1765620116538,CH1,POWER,3.65
1765620116543,CH1,POWER,3.65
1765620116545,CH1,POWER,3.65
1765620116548,CH1,POWER,3.65
1765620116550,CH1,POWER,3.65
1765620116578,CH1,POWER,3.65
1765620116583,CH1,POWER,3.65
1765620116588,CH1,POWER,3.65
1765620116593,CH1,POWER,3.65
1765620116598,CH1,POWER,3.65
1765620116603,CH1,POWER,3.65
1765620116608,CH1,POWER,3.65
1765620116616,CH1,POWER,3.65
1765620116622,CH1,POWER,3.65
1765620116627,CH1,POWER,3.65
1765620116633,CH1,POWER,3.65
1765620116638,CH1,POWER,3.65
1765620116643,CH1,POWER,3.65
1765620116648,CH1,POWER,3.65
1765620116655,CH1,POWER,3.65
1765620116660,CH1,POWER,3.65
1765620116665,CH1,POWER,3.65
1765620116669,CH1,POWER,3.65
1765620116676,CH1,POWER,3.65
1765620116681,CH1,POWER,3.65
1765620116688,CH1,POWER,3.65
1765620116692,CH1,POWER,3.65
1765620116697,CH1,POWER,3.65
1765620116701,CH1,POWER,3.65
1765620116708,CH1,POWER,3.65
1765620116713,CH1,POWER,3.65
1765620116718,CH1,POWER,3.65
1765620116723,CH1,POWER,3.65
1765620116728,CH1,POWER,3.65
1765620116733,CH1,POWER,3.65
1765620116738,CH1,POWER,3.65
1765620116742,CH1,POWER,3.65
1765620116747,CH1,POWER,3.65
1765620116751,CH1,POWER,3.65
1765620116758,CH1,POWER,3.65
1765620116763,CH1,POWER,3.65
1765620116768,CH1,POWER,3.65
1765620116772,CH1,POWER,3.65
1765620116777,CH1,POWER,3.65
1765620116782,CH1,POWER,3.65
1765620116787,CH1,POWER,3.65
1765620116792,CH1,POWER,3.65
1765620116797,CH1,POWER,3.65
1765620116802,CH1,POWER,3.65
1765620116807,CH1,POWER,3.65
1765620116812,CH1,POWER,3.65
1765620116817,CH1,POWER,3.65
1765620116821,CH1,POWER,3.65
1765620116828,CH1,POWER,3.65
1765620116833,CH1,POWER,3.65
1765620116838,CH1,POWER,3.65
1765620116843,CH1,POWER,3.65
1765620116848,CH1,POWER,3.65
1765620116853,CH1,POWER,3.65
1765620116858,CH1,POWER,3.65
1765620116866,CH1,POWER,3.65
1765620116872,CH1,POWER,3.65
1765620116877,CH1,POWER,3.65
1765620116882,CH1,POWER,3.65
1765620116887,CH1,POWER,3.65
1765620116892,CH1,POWER,3.65
1765620116897,CH1,POWER,3.65
1765620116902,CH1,POWER,3.65
1765620116907,CH1,POWER,3.65
1765620116912,CH1,POWER,3.65
1765620116918,CH1,POWER,3.65
1765620116923,CH1,POWER,3.65
1765620116928,CH1,POWER,3.65
1765620116933,CH1,POWER,3.65
1765620116938,CH1,POWER,3.65
1765620116943,CH1,POWER,3.65
1765620116946,CH1,POWER,3.70
1765620116948,CH1,POWER,3.70
1765620116951,CH1,POWER,3.70
1765620116977,CH1,POWER,3.70
1765620116982,CH1,POWER,3.70
1765620116987,CH1,POWER,3.70
1765620116992,CH1,POWER,3.70
1765620116997,CH1,POWER,3.70
1765620117001,CH1,POWER,3.70
1765620117007,CH1,POWER,3.70
1765620117013,CH1,POWER,3.70
1765620117019,CH1,POWER,3.70
1765620117024,CH1,POWER,3.70
1765620117029,CH1,POWER,3.70
1765620117035,CH1,POWER,3.70
1765620117040,CH1,POWER,3.70
1765620117045,CH1,POWER,3.70
1765620117050,CH1,POWER,3.70
1765620117055,CH1,POWER,3.70
1765620117060,CH1,POWER,3.70
1765620117065,CH1,POWER,3.70
1765620117069,CH1,POWER,3.70
1765620117074,CH1,POWER,3.70
1765620117079,CH1,POWER,3.70
1765620117083,CH1,POWER,3.70
1765620117090,CH1,POWER,3.70
1765620117095,CH1,POWER,3.70
1765620117100,CH1,POWER,3.70
1765620117104,CH1,POWER,3.70
1765620117109,CH1,POWER,3.70
1765620117114,CH1,POWER,3.70
1765620117119,CH1,POWER,3.70
1765620117124,CH1,POWER,3.70
1765620117130,CH1,POWER,3.70
1765620117135,CH1,POWER,3.70
1765620117140,CH1,POWER,3.70
1765620117145,CH1,POWER,3.70
1765620117150,CH1,POWER,3.70
1765620117155,CH1,POWER,3.70
1765620117160,CH1,POWER,3.70
1765620117168,CH1,POWER,3.70
1765620117172,CH1,POWER,3.70
1765620117180,CH1,POWER,3.70
1765620117185,CH1,POWER,3.70
1765620117189,CH1,POWER,3.70
1765620117194,CH1,POWER,3.70
1765620117199,CH1,POWER,3.70
1765620117204,CH1,POWER,3.70
1765620117210,CH1,POWER,3.70
1765620117215,CH1,POWER,3.70
1765620117219,CH1,POWER,3.70
1765620117224,CH1,POWER,3.70
1765620117230,CH1,POWER,3.70
1765620117235,CH1,POWER,3.70
1765620117239,CH1,POWER,3.70
1765620117244,CH1,POWER,3.70
1765620117249,CH1,POWER,3.70
1765620117254,CH1,POWER,3.70
1765620117260,CH1,POWER,3.70
1765620117265,CH1,POWER,3.70
1765620117270,CH1,POWER,3.70
1765620117275,CH1,POWER,3.70
1765620117280,CH1,POWER,3.70
1765620117288,CH1,POWER,3.70
1765620117293,CH1,POWER,3.70
1765620117300,CH1,POWER,3.70
1765620117305,CH1,POWER,3.70
1765620117310,CH1,POWER,3.70
1765620117315,CH1,POWER,3.70
1765620117319,CH1,POWER,3.70
1765620117324,CH1,POWER,3.70
1765620117329,CH1,POWER,3.70
1765620117333,CH1,POWER,3.70
1765620117339,CH1,POWER,3.70
1765620117341,CH1,POWER,3.75
1765620117344,CH1,POWER,3.75
1765620117372,CH1,POWER,3.75
1765620117377,CH1,POWER,3.75
1765620117382,CH1,POWER,3.75
1765620117387,CH1,POWER,3.75
1765620117392,CH1,POWER,3.75
1765620117397,CH1,POWER,3.75
1765620117401,CH1,POWER,3.75
1765620117405,CH1,POWER,3.75
1765620117412,CH1,POWER,3.75
1765620117419,CH1,POWER,3.75
1765620117424,CH1,POWER,3.75
1765620117432,CH1,POWER,3.75
1765620117437,CH1,POWER,3.75
1765620117442,CH1,POWER,3.75
1765620117447,CH1,POWER,3.75
1765620117452,CH1,POWER,3.75
1765620117457,CH1,POWER,3.75
1765620117462,CH1,POWER,3.75
1765620117466,CH1,POWER,3.75
1765620117471,CH1,POWER,3.75
1765620117476,CH1,POWER,3.75
1765620117481,CH1,POWER,3.75
1765620117486,CH1,POWER,3.75
1765620117492,CH1,POWER,3.75
1765620117497,CH1,POWER,3.75
1765620117502,CH1,POWER,3.75
1765620117507,CH1,POWER,3.75
1765620117511,CH1,POWER,3.75
1765620117516,CH1,POWER,3.75
1765620117522,CH1,POWER,3.75
1765620117527,CH1,POWER,3.75
1765620117532,CH1,POWER,3.75
1765620117537,CH1,POWER,3.75
1765620117542,CH1,POWER,3.75
1765620117547,CH1,POWER,3.75
1765620117552,CH1,POWER,3.75
1765620117560,CH1,POWER,3.75
1765620117565,CH1,POWER,3.75
1765620117571,CH1,POWER,3.75
1765620117576,CH1,POWER,3.75
1765620117580,CH1,POWER,3.75
1765620117585,CH1,POWER,3.75
1765620117592,CH1,POWER,3.75
1765620117597,CH1,POWER,3.75
1765620117601,CH1,POWER,3.75
1765620117606,CH1,POWER,3.75
1765620117610,CH1,POWER,3.75
1765620117615,CH1,POWER,3.75
1765620117621,CH1,POWER,3.75
1765620117626,CH1,POWER,3.75
1765620117632,CH1,POWER,3.75
1765620117637,CH1,POWER,3.75
1765620117642,CH1,POWER,3.75
1765620117647,CH1,POWER,3.75
1765620117652,CH1,POWER,3.75
1765620117656,CH1,POWER,3.75
1765620117661,CH1,POWER,3.75
1765620117667,CH1,POWER,3.75
1765620117671,CH1,POWER,3.75
1765620117676,CH1,POWER,3.75
1765620117681,CH1,POWER,3.75
1765620117686,CH1,POWER,3.75
1765620117691,CH1,POWER,3.75
1765620117697,CH1,POWER,3.75
1765620117702,CH1,POWER,3.75
1765620117707,CH1,POWER,3.75
1765620117712,CH1,POWER,3.75
1765620117717,CH1,POWER,3.75
1765620117722,CH1,POWER,3.75
1765620117727,CH1,POWER,3.75
1765620117732,CH1,POWER,3.75
1765620117734,CH1,POWER,3.60
1765620117761,CH1,POWER,3.60
1765620117766,CH1,POWER,3.60
1765620117770,CH1,POWER,3.60
1765620117775,CH1,POWER,3.60
1765620117782,CH1,POWER,3.60
1765620117787,CH1,POWER,3.60
1765620117793,CH1,POWER,3.60
1765620117798,CH1,POWER,3.60
1765620117803,CH1,POWER,3.60
1765620117809,CH1,POWER,3.60
1765620117814,CH1,POWER,3.60
1765620117819,CH1,POWER,3.60
1765620117824,CH1,POWER,3.60
1765620117829,CH1,POWER,3.60
1765620117833,CH1,POWER,3.60
1765620117838,CH1,POWER,3.60
1765620117843,CH1,POWER,3.60
1765620117848,CH1,POWER,3.60
1765620117854,CH1,POWER,3.60
1765620117862,CH1,POWER,3.60
1765620117866,CH1,POWER,3.60
1765620117871,CH1,POWER,3.60
1765620117876,CH1,POWER,3.60
1765620117881,CH1,POWER,3.60
1765620117887,CH1,POWER,3.60
1765620117893,CH1,POWER,3.60
1765620117898,CH1,POWER,3.60
1765620117903,CH1,POWER,3.60
1765620117908,CH1,POWER,3.60
1765620117914,CH1,POWER,3.60
1765620117919,CH1,POWER,3.60
1765620117923,CH1,POWER,3.60
1765620117928,CH1,POWER,3.60
1765620117933,CH1,POWER,3.60
1765620117938,CH1,POWER,3.60
1765620117942,CH1,POWER,3.60
1765620117947,CH1,POWER,3.60
1765620117953,CH1,POWER,3.60
1765620117958,CH1,POWER,3.60
1765620117962,CH1,POWER,3.60
1765620117966,CH1,POWER,3.60
1765620117971,CH1,POWER,3.60
1765620117976,CH1,POWER,3.60
1765620117980,CH1,POWER,3.60
1765620117985,CH1,POWER,3.60
1765620117992,CH1,POWER,3.60
1765620117997,CH1,POWER,3.60
1765620118004,CH1,POWER,3.60
1765620118009,CH1,POWER,3.60
1765620118014,CH1,POWER,3.60
1765620118022,CH1,POWER,3.60
1765620118027,CH1,POWER,3.60
1765620118033,CH1,POWER,3.60
1765620118040,CH1,POWER,3.60
1765620118044,CH1,POWER,3.60
1765620118052,CH1,POWER,3.60
1765620118057,CH1,POWER,3.60
1765620118063,CH1,POWER,3.60
1765620118068,CH1,POWER,3.60
1765620118073,CH1,POWER,3.60
1765620118077,CH1,POWER,3.60
1765620118083,CH1,POWER,3.60
1765620118088,CH1,POWER,3.60
1765620118093,CH1,POWER,3.60
1765620118097,CH1,POWER,3.60
1765620118104,CH1,POWER,3.60
1765620118109,CH1,POWER,3.60
1765620118113,CH1,POWER,3.60
1765620118119,CH1,POWER,3.60
1765620118123,CH1,POWER,3.60
1765620118127,CH1,POWER,3.70
1765620118156,CH1,POWER,3.70
1765620118161,CH1,POWER,3.70
1765620118166,CH1,POWER,3.70
1765620118171,CH1,POWER,3.70
1765620118176,CH1,POWER,3.70
1765620118181,CH1,POWER,3.70
1765620118186,CH1,POWER,3.70
1765620118191,CH1,POWER,3.70
1765620118196,CH1,POWER,3.70
1765620118201,CH1,POWER,3.70
1765620118205,CH1,POWER,3.70
1765620118211,CH1,POWER,3.70
1765620118216,CH1,POWER,3.70
1765620118221,CH1,POWER,3.70
1765620118226,CH1,POWER,3.70
1765620118231,CH1,POWER,3.70
1765620118235,CH1,POWER,3.70
1765620118241,CH1,POWER,3.70
1765620118246,CH1,POWER,3.70
1765620118251,CH1,POWER,3.70
1765620118256,CH1,POWER,3.70
1765620118261,CH1,POWER,3.70
1765620118266,CH1,POWER,3.70
1765620118273,CH1,POWER,3.70
1765620118278,CH1,POWER,3.70
1765620118282,CH1,POWER,3.70
1765620118286,CH1,POWER,3.70
1765620118291,CH1,POWER,3.70
1765620118296,CH1,POWER,3.70
1765620118304,CH1,POWER,3.70
1765620118309,CH1,POWER,3.70
1765620118315,CH1,POWER,3.70
1765620118320,CH1,POWER,3.70
1765620118324,CH1,POWER,3.70
1765620118328,CH1,POWER,3.70
1765620118335,CH1,POWER,3.70
1765620118340,CH1,POWER,3.70
1765620118344,CH1,POWER,3.70
1765620118348,CH1,POWER,3.70
1765620118352,CH1,POWER,3.70
1765620118357,CH1,POWER,3.70
1765620118363,CH1,POWER,3.70
1765620118368,CH1,POWER,3.70
1765620118373,CH1,POWER,3.70
1765620118379,CH1,POWER,3.70
1765620118385,CH1,POWER,3.70
1765620118391,CH1,POWER,3.70
1765620118395,CH1,POWER,3.70
1765620118403,CH1,POWER,3.70
1765620118408,CH1,POWER,3.70
1765620118412,CH1,POWER,3.70
1765620118416,CH1,POWER,3.70
1765620118424,CH1,POWER,3.70
1765620118430,CH1,POWER,3.70
1765620118435,CH1,POWER,3.70
1765620118439,CH1,POWER,3.70
1765620118446,CH1,POWER,3.70
1765620118451,CH1,POWER,3.70
1765620118455,CH1,POWER,3.70
1765620118459,CH1,POWER,3.70
1765620118465,CH1,POWER,3.70
1765620118470,CH1,POWER,3.70
1765620118475,CH1,POWER,3.70
1765620118479,CH1,POWER,3.70
1765620118486,CH1,POWER,3.70
1765620118491,CH1,POWER,3.70
1765620118495,CH1,POWER,3.70
1765620118500,CH1,POWER,3.70
1765620118505,CH1,POWER,3.70
1765620118511,CH1,POWER,3.70
1765620118516,CH1,POWER,3.70
1765620118523,CH1,POWER,3.70
1765620118526,CH1,POWER,3.85
1765620118528,CH1,POWER,3.85
1765620118555,CH1,POWER,3.85
1765620118559,CH1,POWER,3.85
1765620118568,CH1,POWER,3.85
1765620118576,CH1,POWER,3.85
1765620118581,CH1,POWER,3.85
1765620118588,CH1,POWER,3.85
1765620118593,CH1,POWER,3.85
1765620118598,CH1,POWER,3.85
1765620118603,CH1,POWER,3.85
1765620118608,CH1,POWER,3.85
1765620118613,CH1,POWER,3.85
1765620118617,CH1,POWER,3.85
1765620118621,CH1,POWER,3.85
1765620118626,CH1,POWER,3.85
1765620118630,CH1,POWER,3.85
1765620118637,CH1,POWER,3.85
1765620118642,CH1,POWER,3.85
1765620118647,CH1,POWER,3.85
1765620118653,CH1,POWER,3.85
1765620118658,CH1,POWER,3.85
1765620118663,CH1,POWER,3.85
1765620118667,CH1,POWER,3.85
1765620118672,CH1,POWER,3.85
1765620118676,CH1,POWER,3.85
1765620118681,CH1,POWER,3.85
1765620118688,CH1,POWER,3.85
1765620118693,CH1,POWER,3.85
1765620118698,CH1,POWER,3.85
1765620118706,CH1,POWER,3.85
1765620118711,CH1,POWER,3.85
1765620118717,CH1,POWER,3.85
1765620118723,CH1,POWER,3.85
1765620118727,CH1,POWER,3.85
1765620118736,CH1,POWER,3.85
1765620118741,CH1,POWER,3.85
1765620118747,CH1,POWER,3.85
1765620118752,CH1,POWER,3.85
1765620118757,CH1,POWER,3.85
1765620118763,CH1,POWER,3.85
1765620118768,CH1,POWER,3.85
1765620118773,CH1,POWER,3.85
1765620118777,CH1,POWER,3.85
1765620118782,CH1,POWER,3.85
1765620118786,CH1,POWER,3.85
1765620118790,CH1,POWER,3.85
1765620118798,CH1,POWER,3.85
1765620118803,CH1,POWER,3.85
1765620118808,CH1,POWER,3.85
1765620118813,CH1,POWER,3.85
1765620118818,CH1,POWER,3.85
1765620118823,CH1,POWER,3.85
1765620118827,CH1,POWER,3.85
1765620118831,CH1,POWER,3.85
1765620118838,CH1,POWER,3.85
1765620118843,CH1,POWER,3.85
1765620118847,CH1,POWER,3.85
1765620118852,CH1,POWER,3.85
1765620118857,CH1,POWER,3.85
1765620118866,CH1,POWER,3.85
1765620118871,CH1,POWER,3.85
1765620118878,CH1,POWER,3.85
1765620118883,CH1,POWER,3.85
1765620118888,CH1,POWER,3.85
1765620118893,CH1,POWER,3.85
1765620118897,CH1,POWER,3.85
1765620118905,CH1,POWER,3.85
1765620118908,CH1,POWER,3.95
1765620118911,CH1,POWER,3.95
1765620118938,CH1,POWER,3.95
1765620118943,CH1,POWER,3.95
1765620118950,CH1,POWER,3.95
1765620118958,CH1,POWER,3.95
1765620118963,CH1,POWER,3.95
1765620118969,CH1,POWER,3.95
1765620118978,CH1,POWER,3.95
1765620118983,CH1,POWER,3.95
1765620118989,CH1,POWER,3.95
1765620118994,CH1,POWER,3.95
1765620118999,CH1,POWER,3.95
1765620119003,CH1,POWER,3.95
1765620119009,CH1,POWER,3.95
1765620119018,CH1,POWER,3.95
1765620119023,CH1,POWER,3.95
1765620119029,CH1,POWER,3.95
1765620119038,CH1,POWER,3.95
1765620119043,CH1,POWER,3.95
1765620119050,CH1,POWER,3.95
1765620119055,CH1,POWER,3.95
1765620119060,CH1,POWER,3.95
1765620119065,CH1,POWER,3.95
1765620119069,CH1,POWER,3.95
1765620119074,CH1,POWER,3.95
1765620119078,CH1,POWER,3.95
1765620119082,CH1,POWER,3.95
1765620119089,CH1,POWER,3.95
1765620119098,CH1,POWER,3.95
1765620119103,CH1,POWER,3.95
1765620119109,CH1,POWER,3.95
1765620119115,CH1,POWER,3.95
1765620119119,CH1,POWER,3.95
1765620119123,CH1,POWER,3.95
1765620119129,CH1,POWER,3.95
1765620119133,CH1,POWER,3.95
1765620119140,CH1,POWER,3.95
1765620119145,CH1,POWER,3.95
1765620119149,CH1,POWER,3.95
1765620119155,CH1,POWER,3.95
1765620119160,CH1,POWER,3.95
1765620119165,CH1,POWER,3.95
1765620119170,CH1,POWER,3.95
1765620119175,CH1,POWER,3.95
1765620119179,CH1,POWER,3.95
1765620119183,CH1,POWER,3.95
1765620119190,CH1,POWER,3.95
1765620119195,CH1,POWER,3.95
1765620119200,CH1,POWER,3.95
1765620119205,CH1,POWER,3.95
1765620119209,CH1,POWER,3.95
1765620119215,CH1,POWER,3.95
1765620119219,CH1,POWER,3.95
1765620119225,CH1,POWER,3.95
1765620119230,CH1,POWER,3.95
1765620119235,CH1,POWER,3.95
1765620119239,CH1,POWER,3.95
1765620119247,CH1,POWER,3.95
1765620119254,CH1,POWER,3.95
1765620119259,CH1,POWER,3.95
1765620119263,CH1,POWER,3.95
1765620119269,CH1,POWER,3.95
1765620119275,CH1,POWER,3.95
1765620119279,CH1,POWER,3.95
1765620119283,CH1,POWER,3.95
1765620119289,CH1,POWER,3.95
1765620119293,CH1,POWER,3.95
1765620119299,CH1,POWER,3.95
1765620119303,CH1,POWER,3.95
1765620119331,CH1,POWER,3.85
1765620119336,CH1,POWER,3.85
1765620119340,CH1,POWER,3.85
1765620119344,CH1,POWER,3.85
1765620119351,CH1,POWER,3.85
1765620119356,CH1,POWER,3.85
1765620119362,CH1,POWER,3.85
1765620119367,CH1,POWER,3.85
1765620119372,CH1,POWER,3.85
1765620119377,CH1,POWER,3.85
1765620119381,CH1,POWER,3.85
1765620119385,CH1,POWER,3.85
1765620119391,CH1,POWER,3.85
1765620119395,CH1,POWER,3.85
1765620119401,CH1,POWER,3.85
1765620119406,CH1,POWER,3.85
1765620119410,CH1,POWER,3.85
1765620119414,CH1,POWER,3.85
1765620119418,CH1,POWER,3.85
1765620119423,CH1,POWER,3.85
1765620119429,CH1,POWER,3.85
1765620119436,CH1,POWER,3.85
1765620119440,CH1,POWER,3.85
1765620119447,CH1,POWER,3.85
1765620119451,CH1,POWER,3.85
1765620119459,CH1,POWER,3.85
1765620119464,CH1,POWER,3.85
1765620119469,CH1,POWER,3.85
1765620119473,CH1,POWER,3.85
1765620119482,CH1,POWER,3.85
1765620119487,CH1,POWER,3.85
1765620119491,CH1,POWER,3.85
1765620119497,CH1,POWER,3.85
1765620119502,CH1,POWER,3.85
1765620119507,CH1,POWER,3.85
1765620119511,CH1,POWER,3.85
1765620119515,CH1,POWER,3.85
1765620119521,CH1,POWER,3.85
1765620119525,CH1,POWER,3.85
1765620119532,CH1,POWER,3.85
1765620119537,CH1,POWER,3.85
1765620119542,CH1,POWER,3.85
1765620119547,CH1,POWER,3.85
1765620119551,CH1,POWER,3.85
1765620119556,CH1,POWER,3.85
1765620119560,CH1,POWER,3.85
1765620119567,CH1,POWER,3.85
1765620119571,CH1,POWER,3.85
1765620119575,CH1,POWER,3.85
1765620119582,CH1,POWER,3.85
1765620119587,CH1,POWER,3.85
1765620119591,CH1,POWER,3.85
1765620119595,CH1,POWER,3.85
1765620119601,CH1,POWER,3.85
1765620119606,CH1,POWER,3.85
1765620119610,CH1,POWER,3.85
1765620119617,CH1,POWER,3.85
1765620119621,CH1,POWER,3.85
1765620119625,CH1,POWER,3.85
1765620119632,CH1,POWER,3.85
1765620119637,CH1,POWER,3.85
1765620119641,CH1,POWER,3.85
1765620119645,CH1,POWER,3.85
1765620119651,CH1,POWER,3.85
1765620119655,CH1,POWER,3.85
1765620119662,CH1,POWER,3.85
1765620119667,CH1,POWER,3.85
1765620119671,CH1,POWER,3.85
1765620119675,CH1,POWER,3.85
1765620119681,CH1,POWER,3.85
1765620119685,CH1,POWER,3.85
1765620119691,CH1,POWER,3.85
1765620119695,CH1,POWER,3.85
1765620119723,CH1,POWER,3.80
1765620119727,CH1,POWER,3.80
1765620119734,CH1,POWER,3.80
1765620119739,CH1,POWER,3.80
1765620119743,CH1,POWER,3.80
1765620119747,CH1,POWER,3.80
1765620119754,CH1,POWER,3.80
1765620119759,CH1,POWER,3.80
1765620119764,CH1,POWER,3.80
1765620119769,CH1,POWER,3.80
1765620119773,CH1,POWER,3.80
1765620119782,CH1,POWER,3.80
1765620119786,CH1,POWER,3.80
1765620119794,CH1,POWER,3.80
1765620119799,CH1,POWER,3.80
1765620119804,CH1,POWER,3.80
1765620119809,CH1,POWER,3.80
1765620119813,CH1,POWER,3.80
1765620119817,CH1,POWER,3.80
1765620119823,CH1,POWER,3.80
1765620119827,CH1,POWER,3.80
1765620119834,CH1,POWER,3.80
1765620119839,CH1,POWER,3.80
1765620119843,CH1,POWER,3.80
1765620119847,CH1,POWER,3.80
1765620119853,CH1,POWER,3.80
1765620119857,CH1,POWER,3.80
1765620119864,CH1,POWER,3.80
1765620119869,CH1,POWER,3.80
1765620119873,CH1,POWER,3.80
1765620119877,CH1,POWER,3.80
1765620119883,CH1,POWER,3.80
1765620119889,CH1,POWER,3.80
1765620119894,CH1,POWER,3.80
1765620119899,CH1,POWER,3.80
1765620119903,CH1,POWER,3.80
1765620119909,CH1,POWER,3.80
1765620119913,CH1,POWER,3.80
1765620119917,CH1,POWER,3.80
1765620119924,CH1,POWER,3.80
1765620119929,CH1,POWER,3.80
1765620119933,CH1,POWER,3.80
1765620119939,CH1,POWER,3.80
1765620119943,CH1,POWER,3.80
1765620119947,CH1,POWER,3.80
1765620119953,CH1,POWER,3.80
1765620119957,CH1,POWER,3.80
1765620119964,CH1,POWER,3.80
1765620119969,CH1,POWER,3.80
1765620119973,CH1,POWER,3.80
1765620119977,CH1,POWER,3.80
1765620119984,CH1,POWER,3.80
1765620119989,CH1,POWER,3.80
1765620119993,CH1,POWER,3.80
1765620119999,CH1,POWER,3.80
1765620120003,CH1,POWER,3.80
1765620120011,CH1,POWER,3.80
1765620120015,CH1,POWER,3.80
1765620120021,CH1,POWER,3.80
1765620120025,CH1,POWER,3.80
1765620120033,CH1,POWER,3.80
1765620120041,CH1,POWER,3.80
1765620120047,CH1,POWER,3.80
1765620120053,CH1,POWER,3.80
1765620120057,CH1,POWER,3.80
1765620120062,CH1,POWER,3.80
1765620120067,CH1,POWER,3.80
1765620120073,CH1,POWER,3.80
1765620120079,CH1,POWER,3.80
1765620120083,CH1,POWER,3.80
1765620120113,CH1,POWER,3.90
1765620120117,CH1,POWER,3.90
1765620120123,CH1,POWER,3.90
1765620120129,CH1,POWER,3.90
1765620120134,CH1,POWER,3.90
1765620120141,CH1,POWER,3.90
1765620120145,CH1,POWER,3.90
1765620120151,CH1,POWER,3.90
1765620120155,CH1,POWER,3.90
1765620120159,CH1,POWER,3.90
1765620120165,CH1,POWER,3.90
1765620120174,CH1,POWER,3.90
1765620120178,CH1,POWER,3.90
1765620120185,CH1,POWER,3.90
1765620120189,CH1,POWER,3.90
1765620120194,CH1,POWER,3.90
1765620120198,CH1,POWER,3.90
1765620120203,CH1,POWER,3.90
1765620120207,CH1,POWER,3.90
1765620120214,CH1,POWER,3.90
1765620120218,CH1,POWER,3.90
1765620120225,CH1,POWER,3.90
1765620120230,CH1,POWER,3.90
1765620120234,CH1,POWER,3.90
1765620120239,CH1,POWER,3.90
1765620120246,CH1,POWER,3.90
1765620120251,CH1,POWER,3.90
1765620120256,CH1,POWER,3.90
1765620120261,CH1,POWER,3.90
1765620120266,CH1,POWER,3.90
1765620120271,CH1,POWER,3.90
1765620120275,CH1,POWER,3.90
1765620120280,CH1,POWER,3.90
1765620120284,CH1,POWER,3.90
1765620120289,CH1,POWER,3.90
1765620120295,CH1,POWER,3.90
1765620120301,CH1,POWER,3.90
1765620120305,CH1,POWER,3.90
1765620120309,CH1,POWER,3.90
1765620120315,CH1,POWER,3.90
1765620120321,CH1,POWER,3.90
1765620120325,CH1,POWER,3.90
1765620120331,CH1,POWER,3.90
1765620120335,CH1,POWER,3.90
1765620120340,CH1,POWER,3.90
1765620120344,CH1,POWER,3.90
1765620120351,CH1,POWER,3.90
1765620120355,CH1,POWER,3.90
1765620120359,CH1,POWER,3.90
1765620120365,CH1,POWER,3.90
1765620120374,CH1,POWER,3.90
1765620120378,CH1,POWER,3.90
1765620120385,CH1,POWER,3.90
1765620120391,CH1,POWER,3.90
1765620120395,CH1,POWER,3.90
1765620120401,CH1,POWER,3.90
1765620120405,CH1,POWER,3.90
1765620120411,CH1,POWER,3.90
1765620120415,CH1,POWER,3.90
1765620120421,CH1,POWER,3.90
1765620120425,CH1,POWER,3.90
1765620120433,CH1,POWER,3.90
1765620120439,CH1,POWER,3.90
1765620120445,CH1,POWER,3.90
1765620120451,CH1,POWER,3.90
1765620120455,CH1,POWER,3.90
1765620120459,CH1,POWER,3.90
1765620120466,CH1,POWER,3.90
1765620120471,CH1,POWER,3.90
1765620120476,CH1,POWER,3.90
1765620120479,CH1,POWER,3.80
1765620120507,CH1,POWER,3.80
1765620120511,CH1,POWER,3.80
1765620120517,CH1,POWER,3.80
1765620120525,CH1,POWER,3.80
1765620120530,CH1,POWER,3.80
1765620120536,CH1,POWER,3.80
1765620120541,CH1,POWER,3.80
1765620120547,CH1,POWER,3.80
1765620120551,CH1,POWER,3.80
1765620120557,CH1,POWER,3.80
1765620120563,CH1,POWER,3.80
1765620120567,CH1,POWER,3.80
1765620120573,CH1,POWER,3.80
1765620120577,CH1,POWER,3.80
1765620120581,CH1,POWER,3.80
1765620120587,CH1,POWER,3.80
1765620120593,CH1,POWER,3.80
1765620120597,CH1,POWER,3.80
1765620120603,CH1,POWER,3.80
1765620120607,CH1,POWER,3.80
1765620120613,CH1,POWER,3.80
1765620120617,CH1,POWER,3.80
1765620120621,CH1,POWER,3.80
1765620120627,CH1,POWER,3.80
1765620120633,CH1,POWER,3.80
1765620120638,CH1,POWER,3.80
1765620120643,CH1,POWER,3.80
1765620120647,CH1,POWER,3.80
1765620120651,CH1,POWER,3.80
1765620120656,CH1,POWER,3.80
1765620120663,CH1,POWER,3.80
1765620120667,CH1,POWER,3.80
1765620120673,CH1,POWER,3.80
1765620120677,CH1,POWER,3.80
1765620120681,CH1,POWER,3.80
1765620120687,CH1,POWER,3.80
1765620120693,CH1,POWER,3.80
1765620120697,CH1,POWER,3.80
1765620120703,CH1,POWER,3.80
1765620120707,CH1,POWER,3.80
1765620120711,CH1,POWER,3.80
1765620120717,CH1,POWER,3.80
1765620120721,CH1,POWER,3.80
1765620120727,CH1,POWER,3.80
1765620120733,CH1,POWER,3.80
1765620120737,CH1,POWER,3.80
1765620120743,CH1,POWER,3.80
1765620120747,CH1,POWER,3.80
1765620120751,CH1,POWER,3.80
1765620120756,CH1,POWER,3.80
1765620120760,CH1,POWER,3.80
1765620120764,CH1,POWER,3.80
1765620120768,CH1,POWER,3.80
1765620120773,CH1,POWER,3.80
1765620120777,CH1,POWER,3.80
1765620120783,CH1,POWER,3.80
1765620120787,CH1,POWER,3.80
1765620120791,CH1,POWER,3.80
1765620120797,CH1,POWER,3.80
1765620120803,CH1,POWER,3.80
1765620120807,CH1,POWER,3.80
1765620120811,CH1,POWER,3.80
1765620120817,CH1,POWER,3.80
1765620120825,CH1,POWER,3.80
1765620120829,CH1,POWER,3.80
1765620120834,CH1,POWER,3.80
1765620120840,CH1,POWER,3.80
1765620120847,CH1,POWER,3.80
1765620120853,CH1,POWER,3.80
1765620120857,CH1,POWER,3.80
1765620120862,CH1,POWER,3.80
1765620120889,CH1,POWER,3.80
1765620120895,CH1,POWER,3.80
1765620120899,CH1,POWER,3.80
1765620120903,CH1,POWER,3.80
1765620120908,CH1,POWER,3.80
1765620120912,CH1,POWER,3.80
1765620120919,CH1,POWER,3.80
1765620120927,CH1,POWER,3.80
1765620120932,CH1,POWER,3.80
1765620120939,CH1,POWER,3.80
1765620120943,CH1,POWER,3.80
1765620120948,CH1,POWER,3.80
1765620120955,CH1,POWER,3.80
1765620120959,CH1,POWER,3.80
1765620120965,CH1,POWER,3.80
1765620120969,CH1,POWER,3.80
1765620120975,CH1,POWER,3.80
1765620120979,CH1,POWER,3.80
1765620120983,CH1,POWER,3.80
1765620120989,CH1,POWER,3.80
1765620120995,CH1,POWER,3.80
1765620120999,CH1,POWER,3.80
1765620121007,CH1,POWER,3.80
1765620121011,CH1,POWER,3.80
1765620121017,CH1,POWER,3.80
1765620121021,CH1,POWER,3.80
1765620121027,CH1,POWER,3.80
1765620121032,CH1,POWER,3.80
1765620121038,CH1,POWER,3.80
1765620121043,CH1,POWER,3.80
1765620121048,CH1,POWER,3.80
1765620121053,CH1,POWER,3.80
1765620121059,CH1,POWER,3.80
1765620121065,CH1,POWER,3.80
1765620121069,CH1,POWER,3.80
1765620121073,CH1,POWER,3.80
1765620121078,CH1,POWER,3.80
1765620121083,CH1,POWER,3.80
1765620121089,CH1,POWER,3.80
1765620121095,CH1,POWER,3.80
1765620121099,CH1,POWER,3.80
1765620121103,CH1,POWER,3.80
1765620121109,CH1,POWER,3.80
1765620121115,CH1,POWER,3.80
1765620121119,CH1,POWER,3.80
1765620121125,CH1,POWER,3.80
1765620121129,CH1,POWER,3.80
1765620121133,CH1,POWER,3.80
1765620121138,CH1,POWER,3.80
1765620121145,CH1,POWER,3.80
1765620121149,CH1,POWER,3.80
1765620121155,CH1,POWER,3.80
1765620121159,CH1,POWER,3.80
1765620121165,CH1,POWER,3.80
1765620121169,CH1,POWER,3.80
1765620121173,CH1,POWER,3.80
1765620121179,CH1,POWER,3.80
1765620121185,CH1,POWER,3.80
1765620121189,CH1,POWER,3.80
1765620121193,CH1,POWER,3.80
1765620121199,CH1,POWER,3.80
1765620121203,CH1,POWER,3.80
1765620121208,CH1,POWER,3.80
1765620121215,CH1,POWER,3.80
1765620121219,CH1,POWER,3.80
1765620121223,CH1,POWER,3.80
1765620121229,CH1,POWER,3.80
1765620121233,CH1,POWER,3.80
1765620121239,CH1,POWER,3.80
1765620121243,CH1,POWER,3.80
1765620121249,CH1,POWER,3.80
1765620121252,CH1,POWER,3.90
1765620121278,CH1,POWER,3.90
1765620121283,CH1,POWER,3.90
1765620121288,CH1,POWER,3.90
1765620121292,CH1,POWER,3.90
1765620121298,CH1,POWER,3.90
1765620121303,CH1,POWER,3.90
1765620121311,CH1,POWER,3.90
1765620121317,CH1,POWER,3.90
1765620121321,CH1,POWER,3.90
1765620121329,CH1,POWER,3.90
1765620121333,CH1,POWER,3.90
1765620121338,CH1,POWER,3.90
1765620121342,CH1,POWER,3.90
1765620121348,CH1,POWER,3.90
1765620121353,CH1,POWER,3.90
1765620121359,CH1,POWER,3.90
1765620121363,CH1,POWER,3.90
1765620121369,CH1,POWER,3.90
1765620121373,CH1,POWER,3.90
1765620121378,CH1,POWER,3.90
1765620121382,CH1,POWER,3.90
1765620121389,CH1,POWER,3.90
1765620121394,CH1,POWER,3.90
1765620121398,CH1,POWER,3.90
1765620121403,CH1,POWER,3.90
1765620121411,CH1,POWER,3.90
1765620121417,CH1,POWER,3.90
1765620121421,CH1,POWER,3.90
1765620121425,CH1,POWER,3.90
1765620121430,CH1,POWER,3.90
1765620121435,CH1,POWER,3.90
1765620121441,CH1,POWER,3.90
1765620121447,CH1,POWER,3.90
1765620121451,CH1,POWER,3.90
1765620121455,CH1,POWER,3.90
1765620121460,CH1,POWER,3.90
1765620121467,CH1,POWER,3.90
1765620121471,CH1,POWER,3.90
1765620121475,CH1,POWER,3.90
1765620121481,CH1,POWER,3.90
1765620121485,CH1,POWER,3.90
1765620121490,CH1,POWER,3.90
1765620121497,CH1,POWER,3.90
1765620121501,CH1,POWER,3.90
1765620121507,CH1,POWER,3.90
1765620121511,CH1,POWER,3.90
1765620121515,CH1,POWER,3.90
1765620121521,CH1,POWER,3.90
1765620121525,CH1,POWER,3.90
1765620121530,CH1,POWER,3.90
1765620121535,CH1,POWER,3.90
1765620121541,CH1,POWER,3.90
1765620121549,CH1,POWER,3.90
1765620121553,CH1,POWER,3.90
1765620121559,CH1,POWER,3.90
1765620121564,CH1,POWER,3.90
1765620121568,CH1,POWER,3.90
1765620121573,CH1,POWER,3.90
1765620121581,CH1,POWER,3.90
1765620121587,CH1,POWER,3.90
1765620121591,CH1,POWER,3.90
1765620121597,CH1,POWER,3.90
1765620121601,CH1,POWER,3.90
1765620121607,CH1,POWER,3.90
1765620121611,CH1,POWER,3.90
1765620121615,CH1,POWER,3.90
1765620121620,CH1,POWER,3.90
1765620121625,CH1,POWER,3.90
1765620121631,CH1,POWER,3.90
1765620121635,CH1,POWER,3.90
1765620121641,CH1,POWER,3.90
1765620121647,CH1,POWER,3.90
1765620121650,CH1,POWER,4.00
1765620121652,CH1,POWER,4.00
1765620121655,CH1,POWER,4.00
1765620121680,CH1,POWER,4.00
1765620121685,CH1,POWER,4.00
1765620121690,CH1,POWER,4.00
1765620121694,CH1,POWER,4.00
1765620121699,CH1,POWER,4.00
1765620121703,CH1,POWER,4.00
1765620121707,CH1,POWER,4.00
1765620121713,CH1,POWER,4.00
1765620121717,CH1,POWER,4.00
1765620121723,CH1,POWER,4.00
1765620121729,CH1,POWER,4.00
1765620121733,CH1,POWER,4.00
1765620121737,CH1,POWER,4.00
1765620121743,CH1,POWER,4.00
1765620121749,CH1,POWER,4.00
1765620121753,CH1,POWER,4.00
1765620121759,CH1,POWER,4.00
1765620121763,CH1,POWER,4.00
1765620121767,CH1,POWER,4.00
1765620121773,CH1,POWER,4.00
1765620121777,CH1,POWER,4.00
1765620121783,CH1,POWER,4.00
1765620121789,CH1,POWER,4.00
1765620121793,CH1,POWER,4.00
1765620121799,CH1,POWER,4.00
1765620121803,CH1,POWER,4.00
1765620121807,CH1,POWER,4.00
1765620121813,CH1,POWER,4.00
1765620121817,CH1,POWER,4.00
1765620121823,CH1,POWER,4.00
1765620121827,CH1,POWER,4.00
1765620121833,CH1,POWER,4.00
1765620121841,CH1,POWER,4.00
1765620121845,CH1,POWER,4.00
1765620121850,CH1,POWER,4.00
1765620121854,CH1,POWER,4.00
1765620121859,CH1,POWER,4.00
1765620121863,CH1,POWER,4.00
1765620121867,CH1,POWER,4.00
1765620121873,CH1,POWER,4.00
1765620121877,CH1,POWER,4.00
1765620121883,CH1,POWER,4.00
1765620121887,CH1,POWER,4.00
1765620121892,CH1,POWER,4.00
1765620121896,CH1,POWER,4.00
1765620121900,CH1,POWER,4.00
1765620121905,CH1,POWER,4.00
1765620121911,CH1,POWER,4.00
1765620121916,CH1,POWER,4.00
1765620121923,CH1,POWER,4.00
1765620121927,CH1,POWER,4.00
1765620121932,CH1,POWER,4.00
1765620121936,CH1,POWER,4.00
1765620121940,CH1,POWER,4.00
1765620121945,CH1,POWER,4.00
1765620121951,CH1,POWER,4.00
1765620121956,CH1,POWER,4.00
1765620121963,CH1,POWER,4.00
1765620121967,CH1,POWER,4.00
1765620121972,CH1,POWER,4.00
1765620121976,CH1,POWER,4.00
1765620121980,CH1,POWER,4.00
1765620121985,CH1,POWER,4.00
1765620121991,CH1,POWER,4.00
1765620121996,CH1,POWER,4.00
1765620122003,CH1,POWER,4.00
1765620122007,CH1,POWER,4.00
1765620122012,CH1,POWER,4.00
1765620122016,CH1,POWER,4.00
1765620122020,CH1,POWER,4.00
1765620122026,CH1,POWER,4.00
1765620122030,CH1,POWER,4.00
1765620122034,CH1,POWER,4.00
1765620122041,CH1,POWER,4.00
1765620122045,CH1,POWER,4.00
1765620122050,CH1,POWER,4.00
1765620122054,CH1,POWER,4.00
1765620122057,CH1,POWER,3.70
1765620122084,CH1,POWER,3.70
1765620122089,CH1,POWER,3.70
1765620122094,CH1,POWER,3.70
1765620122098,CH1,POWER,3.70
1765620122102,CH1,POWER,3.70
1765620122107,CH1,POWER,3.70
1765620122113,CH1,POWER,3.70
1765620122117,CH1,POWER,3.70
1765620122122,CH1,POWER,3.70
1765620122126,CH1,POWER,3.70
1765620122131,CH1,POWER,3.70
1765620122135,CH1,POWER,3.70
1765620122139,CH1,POWER,3.70
1765620122145,CH1,POWER,3.70
1765620122151,CH1,POWER,3.70
1765620122155,CH1,POWER,3.70
1765620122161,CH1,POWER,3.70
1765620122165,CH1,POWER,3.70
1765620122173,CH1,POWER,3.70
1765620122177,CH1,POWER,3.70
1765620122182,CH1,POWER,3.70
1765620122186,CH1,POWER,3.70
1765620122191,CH1,POWER,3.70
1765620122195,CH1,POWER,3.70
1765620122199,CH1,POWER,3.70
1765620122204,CH1,POWER,3.70
1765620122209,CH1,POWER,3.70
1765620122214,CH1,POWER,3.70
1765620122218,CH1,POWER,3.70
1765620122225,CH1,POWER,3.70
1765620122229,CH1,POWER,3.70
1765620122235,CH1,POWER,3.70
1765620122239,CH1,POWER,3.70
1765620122245,CH1,POWER,3.70
1765620122253,CH1,POWER,3.70
1765620122258,CH1,POWER,3.70
1765620122265,CH1,POWER,3.70
1765620122269,CH1,POWER,3.70
1765620122274,CH1,POWER,3.70
1765620122279,CH1,POWER,3.70
1765620122285,CH1,POWER,3.70
1765620122291,CH1,POWER,3.70
1765620122295,CH1,POWER,3.70
1765620122301,CH1,POWER,3.70
1765620122305,CH1,POWER,3.70
1765620122311,CH1,POWER,3.70
1765620122315,CH1,POWER,3.70
1765620122319,CH1,POWER,3.70
1765620122324,CH1,POWER,3.70
1765620122328,CH1,POWER,3.70
1765620122332,CH1,POWER,3.70
1765620122337,CH1,POWER,3.70
1765620122343,CH1,POWER,3.70
1765620122348,CH1,POWER,3.70
1765620122352,CH1,POWER,3.70
1765620122356,CH1,POWER,3.70
1765620122361,CH1,POWER,3.70
1765620122365,CH1,POWER,3.70
1765620122369,CH1,POWER,3.70
1765620122375,CH1,POWER,3.70
1765620122379,CH1,POWER,3.70
1765620122384,CH1,POWER,3.70
1765620122388,CH1,POWER,3.70
1765620122395,CH1,POWER,3.70
1765620122403,CH1,POWER,3.70
1765620122407,CH1,POWER,3.70
1765620122413,CH1,POWER,3.70
1765620122417,CH1,POWER,3.70
1765620122423,CH1,POWER,3.70
1765620122428,CH1,POWER,3.70
1765620122435,CH1,POWER,3.70
1765620122439,CH1,POWER,3.70
1765620122444,CH1,POWER,3.70
1765620122447,CH1,POWER,3.80
1765620122450,CH1,POWER,3.80
1765620122477,CH1,POWER,3.80
1765620122483,CH1,POWER,3.80
1765620122487,CH1,POWER,3.80
1765620122491,CH1,POWER,3.80
1765620122496,CH1,POWER,3.80
1765620122501,CH1,POWER,3.80
1765620122507,CH1,POWER,3.80
1765620122513,CH1,POWER,3.80
1765620122517,CH1,POWER,3.80
1765620122521,CH1,POWER,3.80
1765620122527,CH1,POWER,3.80
1765620122535,CH1,POWER,3.80
1765620122540,CH1,POWER,3.80
1765620122547,CH1,POWER,3.80
1765620122553,CH1,POWER,3.80
1765620122557,CH1,POWER,3.80
1765620122565,CH1,POWER,3.80
1765620122570,CH1,POWER,3.80
1765620122577,CH1,POWER,3.80
1765620122583,CH1,POWER,3.80
1765620122587,CH1,POWER,3.80
1765620122591,CH1,POWER,3.80
1765620122596,CH1,POWER,3.80
1765620122601,CH1,POWER,3.80
1765620122607,CH1,POWER,3.80
1765620122611,CH1,POWER,3.80
1765620122617,CH1,POWER,3.80
1765620122621,CH1,POWER,3.80
1765620122627,CH1,POWER,3.80
1765620122633,CH1,POWER,3.80
1765620122637,CH1,POWER,3.80
1765620122643,CH1,POWER,3.80
1765620122647,CH1,POWER,3.80
1765620122651,CH1,POWER,3.80
1765620122657,CH1,POWER,3.80
1765620122663,CH1,POWER,3.80
1765620122667,CH1,POWER,3.80
1765620122671,CH1,POWER,3.80
1765620122677,CH1,POWER,3.80
1765620122683,CH1,POWER,3.80
1765620122687,CH1,POWER,3.80
1765620122693,CH1,POWER,3.80
1765620122697,CH1,POWER,3.80
1765620122701,CH1,POWER,3.80
1765620122707,CH1,POWER,3.80
1765620122713,CH1,POWER,3.80
1765620122717,CH1,POWER,3.80
1765620122725,CH1,POWER,3.80
1765620122730,CH1,POWER,3.80
1765620122736,CH1,POWER,3.80
1765620122741,CH1,POWER,3.80
1765620122747,CH1,POWER,3.80
1765620122753,CH1,POWER,3.80
1765620122757,CH1,POWER,3.80
1765620122765,CH1,POWER,3.80
1765620122769,CH1,POWER,3.80
1765620122774,CH1,POWER,3.80
1765620122778,CH1,POWER,3.80
1765620122783,CH1,POWER,3.80
1765620122787,CH1,POWER,3.80
1765620122791,CH1,POWER,3.80
1765620122797,CH1,POWER,3.80
1765620122803,CH1,POWER,3.80
1765620122807,CH1,POWER,3.80
1765620122813,CH1,POWER,3.80
1765620122817,CH1,POWER,3.80
1765620122821,CH1,POWER,3.80
1765620122827,CH1,POWER,3.80
1765620122833,CH1,POWER,3.80
1765620122837,CH1,POWER,3.80
1765620122866,CH1,POWER,3.80
1765620122871,CH1,POWER,3.80
1765620122876,CH1,POWER,3.80
1765620122880,CH1,POWER,3.80
1765620122885,CH1,POWER,3.80
1765620122889,CH1,POWER,3.80
1765620122897,CH1,POWER,3.80
1765620122902,CH1,POWER,3.80
1765620122906,CH1,POWER,3.80
1765620122911,CH1,POWER,3.80
1765620122916,CH1,POWER,3.80
1765620122922,CH1,POWER,3.80
1765620122929,CH1,POWER,3.80
1765620122933,CH1,POWER,3.80
1765620122938,CH1,POWER,3.80
1765620122945,CH1,POWER,3.80
1765620122949,CH1,POWER,3.80
1765620122955,CH1,POWER,3.80
1765620122959,CH1,POWER,3.80
1765620122965,CH1,POWER,3.80
1765620122969,CH1,POWER,3.80
1765620122973,CH1,POWER,3.80
1765620122978,CH1,POWER,3.80
1765620122982,CH1,POWER,3.80
1765620122986,CH1,POWER,3.80
1765620122992,CH1,POWER,3.80
1765620122996,CH1,POWER,3.80
1765620123000,CH1,POWER,3.80
1765620123005,CH1,POWER,3.80
1765620123009,CH1,POWER,3.80
1765620123013,CH1,POWER,3.80
1765620123019,CH1,POWER,3.80
1765620123023,CH1,POWER,3.80
1765620123029,CH1,POWER,3.80
1765620123035,CH1,POWER,3.80
1765620123039,CH1,POWER,3.80
1765620123045,CH1,POWER,3.80
1765620123049,CH1,POWER,3.80
1765620123053,CH1,POWER,3.80
1765620123059,CH1,POWER,3.80
1765620123065,CH1,POWER,3.80
1765620123069,CH1,POWER,3.80
1765620123073,CH1,POWER,3.80
1765620123079,CH1,POWER,3.80
1765620123085,CH1,POWER,3.80
1765620123089,CH1,POWER,3.80
1765620123095,CH1,POWER,3.80
1765620123099,CH1,POWER,3.80
1765620123103,CH1,POWER,3.80
1765620123109,CH1,POWER,3.80
1765620123117,CH1,POWER,3.80
1765620123122,CH1,POWER,3.80
1765620123129,CH1,POWER,3.80
1765620123135,CH1,POWER,3.80
1765620123139,CH1,POWER,3.80
1765620123147,CH1,POWER,3.80
1765620123152,CH1,POWER,3.80
1765620123159,CH1,POWER,3.80
1765620123167,CH1,POWER,3.80
1765620123173,CH1,POWER,3.80
1765620123179,CH1,POWER,3.80
1765620123185,CH1,POWER,3.80
1765620123189,CH1,POWER,3.80
1765620123195,CH1,POWER,3.80
1765620123199,CH1,POWER,3.80
1765620123203,CH1,POWER,3.80
1765620123209,CH1,POWER,3.80
1765620123213,CH1,POWER,3.80
1765620123219,CH1,POWER,3.80
1765620123225,CH1,POWER,3.80
1765620123229,CH1,POWER,3.80
1765620123231,CH1,POWER,3.80
1765620123234,CH1,POWER,3.80
1765620123261,CH1,POWER,3.80
1765620123267,CH1,POWER,3.80
1765620123271,CH1,POWER,3.80
1765620123279,CH1,POWER,3.80
1765620123285,CH1,POWER,3.80
1765620123290,CH1,POWER,3.80
1765620123294,CH1,POWER,3.80
1765620123300,CH1,POWER,3.80
1765620123307,CH1,POWER,3.80
1765620123311,CH1,POWER,3.80
1765620123315,CH1,POWER,3.80
1765620123321,CH1,POWER,3.80
1765620123327,CH1,POWER,3.80
1765620123331,CH1,POWER,3.80
1765620123335,CH1,POWER,3.80
1765620123341,CH1,POWER,3.80
1765620123347,CH1,POWER,3.80
1765620123351,CH1,POWER,3.80
1765620123357,CH1,POWER,3.80
1765620123361,CH1,POWER,3.80
1765620123369,CH1,POWER,3.80
1765620123375,CH1,POWER,3.80
1765620123380,CH1,POWER,3.80
1765620123384,CH1,POWER,3.80
1765620123390,CH1,POWER,3.80
1765620123395,CH1,POWER,3.80
1765620123401,CH1,POWER,3.80
1765620123406,CH1,POWER,3.80
1765620123411,CH1,POWER,3.80
1765620123415,CH1,POWER,3.80
1765620123421,CH1,POWER,3.80
1765620123425,CH1,POWER,3.80
1765620123430,CH1,POWER,3.80
1765620123434,CH1,POWER,3.80
1765620123438,CH1,POWER,3.80
1765620123443,CH1,POWER,3.80
1765620123449,CH1,POWER,3.80
1765620123454,CH1,POWER,3.80
1765620123461,CH1,POWER,3.80
1765620123469,CH1,POWER,3.80
1765620123474,CH1,POWER,3.80
1765620123481,CH1,POWER,3.80
1765620123487,CH1,POWER,3.80
1765620123491,CH1,POWER,3.80
1765620123499,CH1,POWER,3.80
1765620123505,CH1,POWER,3.80
1765620123511,CH1,POWER,3.80
1765620123515,CH1,POWER,3.80
1765620123520,CH1,POWER,3.80
1765620123524,CH1,POWER,3.80
1765620123531,CH1,POWER,3.80
1765620123537,CH1,POWER,3.80
1765620123541,CH1,POWER,3.80
1765620123547,CH1,POWER,3.80
1765620123551,CH1,POWER,3.80
1765620123557,CH1,POWER,3.80
1765620123561,CH1,POWER,3.80
1765620123569,CH1,POWER,3.80
1765620123575,CH1,POWER,3.80
1765620123581,CH1,POWER,3.80
1765620123586,CH1,POWER,3.80
1765620123591,CH1,POWER,3.80
1765620123597,CH1,POWER,3.80
1765620123601,CH1,POWER,3.80
1765620123609,CH1,POWER,3.80
1765620123615,CH1,POWER,3.80
1765620123619,CH1,POWER,3.80
1765620123621,CH1,POWER,3.80
1765620123624,CH1,POWER,3.80
1765620123650,CH1,POWER,3.80
1765620123655,CH1,POWER,3.80
1765620123660,CH1,POWER,3.80
1765620123666,CH1,POWER,3.80
1765620123673,CH1,POWER,3.80
1765620123677,CH1,POWER,3.80
1765620123682,CH1,POWER,3.80
1765620123686,CH1,POWER,3.80
1765620123690,CH1,POWER,3.80
1765620123696,CH1,POWER,3.80
1765620123702,CH1,POWER,3.80
1765620123707,CH1,POWER,3.80
1765620123713,CH1,POWER,3.80
1765620123717,CH1,POWER,3.80
1765620123722,CH1,POWER,3.80
1765620123726,CH1,POWER,3.80
1765620123730,CH1,POWER,3.80
1765620123735,CH1,POWER,3.80
1765620123741,CH1,POWER,3.80
1765620123745,CH1,POWER,3.80
1765620123750,CH1,POWER,3.80
1765620123754,CH1,POWER,3.80
1765620123759,CH1,POWER,3.80
1765620123763,CH1,POWER,3.80
1765620123771,CH1,POWER,3.80
1765620123775,CH1,POWER,3.80
1765620123781,CH1,POWER,3.80
1765620123787,CH1,POWER,3.80
1765620123792,CH1,POWER,3.80
1765620123797,CH1,POWER,3.80
1765620123803,CH1,POWER,3.80
1765620123807,CH1,POWER,3.80
1765620123813,CH1,POWER,3.80
1765620123821,CH1,POWER,3.80
1765620123826,CH1,POWER,3.80
1765620123833,CH1,POWER,3.80
1765620123841,CH1,POWER,3.80
1765620123846,CH1,POWER,3.80
1765620123850,CH1,POWER,3.80
1765620123855,CH1,POWER,3.80
1765620123861,CH1,POWER,3.80
1765620123866,CH1,POWER,3.80
1765620123873,CH1,POWER,3.80
1765620123879,CH1,POWER,3.80
1765620123883,CH1,POWER,3.80
1765620123891,CH1,POWER,3.80
1765620123896,CH1,POWER,3.80
1765620123903,CH1,POWER,3.80
1765620123909,CH1,POWER,3.80
1765620123913,CH1,POWER,3.80
1765620123919,CH1,POWER,3.80
1765620123923,CH1,POWER,3.80
1765620123928,CH1,POWER,3.80
1765620123933,CH1,POWER,3.80
1765620123938,CH1,POWER,3.80
1765620123943,CH1,POWER,3.80
1765620123951,CH1,POWER,3.80
1765620123956,CH1,POWER,3.80
1765620123963,CH1,POWER,3.80
1765620123969,CH1,POWER,3.80
1765620123973,CH1,POWER,3.80
1765620123978,CH1,POWER,3.80
1765620123983,CH1,POWER,3.80
1765620123989,CH1,POWER,3.80
1765620123993,CH1,POWER,3.80
1765620123999,CH1,POWER,3.80
1765620124003,CH1,POWER,3.80
1765620124006,CH1,POWER,3.60
1765620124032,CH1,POWER,3.60
1765620124037,CH1,POWER,3.60
1765620124042,CH1,POWER,3.60
1765620124048,CH1,POWER,3.60
1765620124055,CH1,POWER,3.60
1765620124061,CH1,POWER,3.60
1765620124065,CH1,POWER,3.60
1765620124073,CH1,POWER,3.60
1765620124077,CH1,POWER,3.60
1765620124082,CH1,POWER,3.60
1765620124086,CH1,POWER,3.60
1765620124091,CH1,POWER,3.60
1765620124095,CH1,POWER,3.60
1765620124103,CH1,POWER,3.60
1765620124108,CH1,POWER,3.60
1765620124115,CH1,POWER,3.60
1765620124123,CH1,POWER,3.60
1765620124127,CH1,POWER,3.60
1765620124132,CH1,POWER,3.60
1765620124136,CH1,POWER,3.60
1765620124141,CH1,POWER,3.60
1765620124145,CH1,POWER,3.60
1765620124149,CH1,POWER,3.60
1765620124155,CH1,POWER,3.60
1765620124161,CH1,POWER,3.60
1765620124165,CH1,POWER,3.60
1765620124171,CH1,POWER,3.60
1765620124175,CH1,POWER,3.60
1765620124180,CH1,POWER,3.60
1765620124185,CH1,POWER,3.60
1765620124191,CH1,POWER,3.60
1765620124195,CH1,POWER,3.60
1765620124203,CH1,POWER,3.60
1765620124208,CH1,POWER,3.60
1765620124215,CH1,POWER,3.60
1765620124223,CH1,POWER,3.60
1765620124228,CH1,POWER,3.60
1765620124232,CH1,POWER,3.60
1765620124236,CH1,POWER,3.60
1765620124240,CH1,POWER,3.60
1765620124245,CH1,POWER,3.60
1765620124249,CH1,POWER,3.60
1765620124255,CH1,POWER,3.60
1765620124263,CH1,POWER,3.60
1765620124268,CH1,POWER,3.60
1765620124272,CH1,POWER,3.60
1765620124277,CH1,POWER,3.60
1765620124285,CH1,POWER,3.60
1765620124291,CH1,POWER,3.60
1765620124295,CH1,POWER,3.60
1765620124301,CH1,POWER,3.60
1765620124305,CH1,POWER,3.60
1765620124313,CH1,POWER,3.60
1765620124318,CH1,POWER,3.60
1765620124325,CH1,POWER,3.60
1765620124331,CH1,POWER,3.60
1765620124335,CH1,POWER,3.60
1765620124343,CH1,POWER,3.60
1765620124347,CH1,POWER,3.60
1765620124355,CH1,POWER,3.60
1765620124361,CH1,POWER,3.60
1765620124365,CH1,POWER,3.60
1765620124371,CH1,POWER,3.60
1765620124375,CH1,POWER,3.60
1765620124381,CH1,POWER,3.60
1765620124385,CH1,POWER,3.60
1765620124393,CH1,POWER,3.60
1765620124398,CH1,POWER,3.60
1765620124424,CH1,POWER,3.45
1765620124429,CH1,POWER,3.45
1765620124434,CH1,POWER,3.45
1765620124438,CH1,POWER,3.45
1765620124444,CH1,POWER,3.45
1765620124449,CH1,POWER,3.45
1765620124455,CH1,POWER,3.45
1765620124460,CH1,POWER,3.45
1765620124464,CH1,POWER,3.45
1765620124470,CH1,POWER,3.45
1765620124477,CH1,POWER,3.45
1765620124483,CH1,POWER,3.45
1765620124487,CH1,POWER,3.45
1765620124495,CH1,POWER,3.45
1765620124500,CH1,POWER,3.45
1765620124507,CH1,POWER,3.45
1765620124513,CH1,POWER,3.45
1765620124517,CH1,POWER,3.45
1765620124525,CH1,POWER,3.45
1765620124530,CH1,POWER,3.45
1765620124537,CH1,POWER,3.45
1765620124543,CH1,POWER,3.45
1765620124547,CH1,POWER,3.45
1765620124555,CH1,POWER,3.45
1765620124560,CH1,POWER,3.45
1765620124567,CH1,POWER,3.45
1765620124575,CH1,POWER,3.45
1765620124580,CH1,POWER,3.45
1765620124586,CH1,POWER,3.45
1765620124591,CH1,POWER,3.45
1765620124597,CH1,POWER,3.45
1765620124603,CH1,POWER,3.45
1765620124607,CH1,POWER,3.45
1765620124611,CH1,POWER,3.45
1765620124616,CH1,POWER,3.45
1765620124622,CH1,POWER,3.45
1765620124627,CH1,POWER,3.45
1765620124631,CH1,POWER,3.45
1765620124636,CH1,POWER,3.45
1765620124640,CH1,POWER,3.45
1765620124646,CH1,POWER,3.45
1765620124651,CH1,POWER,3.45
1765620124657,CH1,POWER,3.45
1765620124663,CH1,POWER,3.45
1765620124667,CH1,POWER,3.45
1765620124675,CH1,POWER,3.45
1765620124680,CH1,POWER,3.45
1765620124687,CH1,POWER,3.45
1765620124693,CH1,POWER,3.45
1765620124697,CH1,POWER,3.45
1765620124705,CH1,POWER,3.45
1765620124710,CH1,POWER,3.45
1765620124717,CH1,POWER,3.45
1765620124725,CH1,POWER,3.45
1765620124730,CH1,POWER,3.45
1765620124737,CH1,POWER,3.45
1765620124743,CH1,POWER,3.45
1765620124747,CH1,POWER,3.45
1765620124755,CH1,POWER,3.45
1765620124759,CH1,POWER,3.45
1765620124764,CH1,POWER,3.45
1765620124769,CH1,POWER,3.45
1765620124777,CH1,POWER,3.45
1765620124783,CH1,POWER,3.45
1765620124787,CH1,POWER,3.45
1765620124791,CH1,POWER,3.65
1765620124819,CH1,POWER,3.65
1765620124825,CH1,POWER,3.65
1765620124829,CH1,POWER,3.65
1765620124835,CH1,POWER,3.65
1765620124839,CH1,POWER,3.65
1765620124843,CH1,POWER,3.65
1765620124849,CH1,POWER,3.65
1765620124853,CH1,POWER,3.65
1765620124859,CH1,POWER,3.65
1765620124867,CH1,POWER,3.65
1765620124873,CH1,POWER,3.65
1765620124878,CH1,POWER,3.65
1765620124882,CH1,POWER,3.65
1765620124889,CH1,POWER,3.65
1765620124893,CH1,POWER,3.65
1765620124899,CH1,POWER,3.65
1765620124907,CH1,POWER,3.65
1765620124912,CH1,POWER,3.65
1765620124919,CH1,POWER,3.65
1765620124927,CH1,POWER,3.65
1765620124932,CH1,POWER,3.65
1765620124938,CH1,POWER,3.65
1765620124943,CH1,POWER,3.65
1765620124949,CH1,POWER,3.65
1765620124955,CH1,POWER,3.65
1765620124959,CH1,POWER,3.65
1765620124963,CH1,POWER,3.65
1765620124968,CH1,POWER,3.65
1765620124973,CH1,POWER,3.65
1765620124978,CH1,POWER,3.65
1765620124983,CH1,POWER,3.65
1765620124988,CH1,POWER,3.65
1765620124993,CH1,POWER,3.65
1765620124999,CH1,POWER,3.65
1765620125003,CH1,POWER,3.65
1765620125008,CH1,POWER,3.65
1765620125012,CH1,POWER,3.65
1765620125016,CH1,POWER,3.65
1765620125020,CH1,POWER,3.65
1765620125026,CH1,POWER,3.65
1765620125031,CH1,POWER,3.65
1765620125036,CH1,POWER,3.65
1765620125041,CH1,POWER,3.65
1765620125047,CH1,POWER,3.65
1765620125051,CH1,POWER,3.65
1765620125056,CH1,POWER,3.65
1765620125061,CH1,POWER,3.65
1765620125066,CH1,POWER,3.65
1765620125070,CH1,POWER,3.65
1765620125076,CH1,POWER,3.65
1765620125081,CH1,POWER,3.65
1765620125087,CH1,POWER,3.65
1765620125092,CH1,POWER,3.65
1765620125096,CH1,POWER,3.65
1765620125100,CH1,POWER,3.65
1765620125106,CH1,POWER,3.65
1765620125111,CH1,POWER,3.65
1765620125116,CH1,POWER,3.65
1765620125120,CH1,POWER,3.65
1765620125126,CH1,POWER,3.65
1765620125131,CH1,POWER,3.65
1765620125137,CH1,POWER,3.65
1765620125142,CH1,POWER,3.65
1765620125146,CH1,POWER,3.65
1765620125151,CH1,POWER,3.65
1765620125157,CH1,POWER,3.65
1765620125162,CH1,POWER,3.65
1765620125166,CH1,POWER,3.65
1765620125170,CH1,POWER,3.65
1765620125174,CH1,POWER,3.65
1765620125179,CH1,POWER,3.65
1765620125183,CH1,POWER,3.65
1765620125188,CH1,POWER,3.65
1765620125191,CH1,POWER,3.75
1765620125193,CH1,POWER,3.75
1765620125221,CH1,POWER,3.75
1765620125226,CH1,POWER,3.75
1765620125231,CH1,POWER,3.75
1765620125235,CH1,POWER,3.75
1765620125241,CH1,POWER,3.75
1765620125245,CH1,POWER,3.75
1765620125250,CH1,POWER,3.75
1765620125254,CH1,POWER,3.75
1765620125261,CH1,POWER,3.75
1765620125265,CH1,POWER,3.75
1765620125270,CH1,POWER,3.75
1765620125275,CH1,POWER,3.75
1765620125281,CH1,POWER,3.75
1765620125286,CH1,POWER,3.75
1765620125291,CH1,POWER,3.75
1765620125296,CH1,POWER,3.75
1765620125301,CH1,POWER,3.75
1765620125309,CH1,POWER,3.75
1765620125314,CH1,POWER,3.75
1765620125321,CH1,POWER,3.75
1765620125326,CH1,POWER,3.75
1765620125331,CH1,POWER,3.75
1765620125336,CH1,POWER,3.75
1765620125341,CH1,POWER,3.75
1765620125347,CH1,POWER,3.75
1765620125351,CH1,POWER,3.75
1765620125355,CH1,POWER,3.75
1765620125361,CH1,POWER,3.75
1765620125365,CH1,POWER,3.75
1765620125371,CH1,POWER,3.75
1765620125379,CH1,POWER,3.75
1765620125384,CH1,POWER,3.75
1765620125391,CH1,POWER,3.75
1765620125399,CH1,POWER,3.75
1765620125403,CH1,POWER,3.75
1765620125411,CH1,POWER,3.75
1765620125415,CH1,POWER,3.75
1765620125421,CH1,POWER,3.75
1765620125429,CH1,POWER,3.75
1765620125434,CH1,POWER,3.75
1765620125441,CH1,POWER,3.75
1765620125447,CH1,POWER,3.75
1765620125451,CH1,POWER,3.75
1765620125457,CH1,POWER,3.75
1765620125461,CH1,POWER,3.75
1765620125466,CH1,POWER,3.75
1765620125471,CH1,POWER,3.75
1765620125479,CH1,POWER,3.75
1765620125484,CH1,POWER,3.75
1765620125490,CH1,POWER,3.75
1765620125495,CH1,POWER,3.75
1765620125501,CH1,POWER,3.75
1765620125509,CH1,POWER,3.75
1765620125514,CH1,POWER,3.75
1765620125518,CH1,POWER,3.75
1765620125523,CH1,POWER,3.75
1765620125528,CH1,POWER,3.75
1765620125533,CH1,POWER,3.75
1765620125539,CH1,POWER,3.75
1765620125544,CH1,POWER,3.75
1765620125550,CH1,POWER,3.75
1765620125555,CH1,POWER,3.75
1765620125561,CH1,POWER,3.75
1765620125565,CH1,POWER,3.75
1765620125570,CH1,POWER,3.75
1765620125574,CH1,POWER,3.75
1765620125579,CH1,POWER,3.60
1765620125581,CH1,POWER,3.60
1765620125584,CH1,POWER,3.60
1765620125610,CH1,POWER,3.60
1765620125615,CH1,POWER,3.60
1765620125620,CH1,POWER,3.60
1765620125625,CH1,POWER,3.60
1765620125631,CH1,POWER,3.60
1765620125636,CH1,POWER,3.60
1765620125640,CH1,POWER,3.60
1765620125645,CH1,POWER,3.60
1765620125651,CH1,POWER,3.60
1765620125656,CH1,POWER,3.60
1765620125660,CH1,POWER,3.60
1765620125665,CH1,POWER,3.60
1765620125673,CH1,POWER,3.60
1765620125679,CH1,POWER,3.60
1765620125683,CH1,POWER,3.60
1765620125691,CH1,POWER,3.60
1765620125696,CH1,POWER,3.60
1765620125703,CH1,POWER,3.60
1765620125709,CH1,POWER,3.60
1765620125713,CH1,POWER,3.60
1765620125721,CH1,POWER,3.60
1765620125726,CH1,POWER,3.60
1765620125733,CH1,POWER,3.60
1765620125741,CH1,POWER,3.60
1765620125746,CH1,POWER,3.60
1765620125750,CH1,POWER,3.60
1765620125755,CH1,POWER,3.60
1765620125761,CH1,POWER,3.60
1765620125766,CH1,POWER,3.60
1765620125773,CH1,POWER,3.60
1765620125781,CH1,POWER,3.60
1765620125786,CH1,POWER,3.60
1765620125793,CH1,POWER,3.60
1765620125798,CH1,POWER,3.60
1765620125803,CH1,POWER,3.60
1765620125811,CH1,POWER,3.60
1765620125815,CH1,POWER,3.60
1765620125820,CH1,POWER,3.60
1765620125824,CH1,POWER,3.60
1765620125830,CH1,POWER,3.60
1765620125835,CH1,POWER,3.60
1765620125841,CH1,POWER,3.60
1765620125845,CH1,POWER,3.60
1765620125850,CH1,POWER,3.60
1765620125854,CH1,POWER,3.60
1765620125861,CH1,POWER,3.60
1765620125865,CH1,POWER,3.60
1765620125871,CH1,POWER,3.60
1765620125877,CH1,POWER,3.60
1765620125883,CH1,POWER,3.60
1765620125888,CH1,POWER,3.60
1765620125893,CH1,POWER,3.60
1765620125898,CH1,POWER,3.60
1765620125903,CH1,POWER,3.60
1765620125907,CH1,POWER,3.60
1765620125913,CH1,POWER,3.60
1765620125917,CH1,POWER,3.60
1765620125923,CH1,POWER,3.60
1765620125931,CH1,POWER,3.60
1765620125936,CH1,POWER,3.60
1765620125943,CH1,POWER,3.60
1765620125951,CH1,POWER,3.60
1765620125956,CH1,POWER,3.60
1765620125963,CH1,POWER,3.60
1765620125968,CH1,POWER,3.60
1765620125972,CH1,POWER,3.75
1765620125975,CH1,POWER,3.75
1765620125977,CH1,POWER,3.75
1765620126005,CH1,POWER,3.75
1765620126011,CH1,POWER,3.75
1765620126015,CH1,POWER,3.75
1765620126023,CH1,POWER,3.75
1765620126028,CH1,POWER,3.75
1765620126035,CH1,POWER,3.75
1765620126040,CH1,POWER,3.75
1765620126045,CH1,POWER,3.75
1765620126050,CH1,POWER,3.75
1765620126055,CH1,POWER,3.75
1765620126059,CH1,POWER,3.75
1765620126065,CH1,POWER,3.75
1765620126071,CH1,POWER,3.75
1765620126075,CH1,POWER,3.75
1765620126079,CH1,POWER,3.75
1765620126085,CH1,POWER,3.75
1765620126090,CH1,POWER,3.75
1765620126095,CH1,POWER,3.75
1765620126100,CH1,POWER,3.75
1765620126105,CH1,POWER,3.75
1765620126113,CH1,POWER,3.75
1765620126118,CH1,POWER,3.75
1765620126122,CH1,POWER,3.75
1765620126127,CH1,POWER,3.75
1765620126133,CH1,POWER,3.75
1765620126139,CH1,POWER,3.75
1765620126144,CH1,POWER,3.75
1765620126148,CH1,POWER,3.75
1765620126154,CH1,POWER,3.75
1765620126161,CH1,POWER,3.75
1765620126165,CH1,POWER,3.75
1765620126170,CH1,POWER,3.75
1765620126175,CH1,POWER,3.75
1765620126181,CH1,POWER,3.75
1765620126185,CH1,POWER,3.75
1765620126193,CH1,POWER,3.75
1765620126198,CH1,POWER,3.75
1765620126205,CH1,POWER,3.75
1765620126210,CH1,POWER,3.75
1765620126215,CH1,POWER,3.75
1765620126219,CH1,POWER,3.75
1765620126225,CH1,POWER,3.75
1765620126229,CH1,POWER,3.75
1765620126235,CH1,POWER,3.75
1765620126241,CH1,POWER,3.75
1765620126245,CH1,POWER,3.75
1765620126249,CH1,POWER,3.75
1765620126255,CH1,POWER,3.75
1765620126260,CH1,POWER,3.75
1765620126265,CH1,POWER,3.75
1765620126270,CH1,POWER,3.75
1765620126275,CH1,POWER,3.75
1765620126279,CH1,POWER,3.75
1765620126284,CH1,POWER,3.75
1765620126288,CH1,POWER,3.75
1765620126295,CH1,POWER,3.75
1765620126299,CH1,POWER,3.75
1765620126305,CH1,POWER,3.75
1765620126310,CH1,POWER,3.75
1765620126315,CH1,POWER,3.75
1765620126319,CH1,POWER,3.75
1765620126324,CH1,POWER,3.75
1765620126329,CH1,POWER,3.75
1765620126334,CH1,POWER,3.75
1765620126338,CH1,POWER,3.75
1765620126342,CH1,POWER,3.75
1765620126346,CH1,POWER,3.75
1765620126353,CH1,POWER,3.75
1765620126359,CH1,POWER,3.75
1765620126363,CH1,POWER,3.75
1765620126366,CH1,POWER,3.80
1765620126369,CH1,POWER,3.80
1765620126396,CH1,POWER,3.80
1765620126401,CH1,POWER,3.80
1765620126406,CH1,POWER,3.80
1765620126410,CH1,POWER,3.80
1765620126414,CH1,POWER,3.80
1765620126418,CH1,POWER,3.80
1765620126425,CH1,POWER,3.80
1765620126430,CH1,POWER,3.80
1765620126437,CH1,POWER,3.80
1765620126442,CH1,POWER,3.80
1765620126447,CH1,POWER,3.80
1765620126451,CH1,POWER,3.80
1765620126457,CH1,POWER,3.80
1765620126462,CH1,POWER,3.80
1765620126467,CH1,POWER,3.80
1765620126471,CH1,POWER,3.80
1765620126477,CH1,POWER,3.80
1765620126482,CH1,POWER,3.80
1765620126487,CH1,POWER,3.80
1765620126495,CH1,POWER,3.80
1765620126500,CH1,POWER,3.80
1765620126507,CH1,POWER,3.80
1765620126512,CH1,POWER,3.80
1765620126517,CH1,POWER,3.80
1765620126522,CH1,POWER,3.80
1765620126527,CH1,POWER,3.80
1765620126532,CH1,POWER,3.80
1765620126537,CH1,POWER,3.80
1765620126541,CH1,POWER,3.80
1765620126546,CH1,POWER,3.80
1765620126552,CH1,POWER,3.80
1765620126557,CH1,POWER,3.80
1765620126562,CH1,POWER,3.80
1765620126567,CH1,POWER,3.80
1765620126571,CH1,POWER,3.80
1765620126576,CH1,POWER,3.80
1765620126580,CH1,POWER,3.80
1765620126587,CH1,POWER,3.80
1765620126592,CH1,POWER,3.80
1765620126597,CH1,POWER,3.80
1765620126602,CH1,POWER,3.80
1765620126607,CH1,POWER,3.80
1765620126612,CH1,POWER,3.80
1765620126617,CH1,POWER,3.80
1765620126625,CH1,POWER,3.80
1765620126630,CH1,POWER,3.80
1765620126637,CH1,POWER,3.80
1765620126642,CH1,POWER,3.80
1765620126647,CH1,POWER,3.80
1765620126651,CH1,POWER,3.80
1765620126656,CH1,POWER,3.80
1765620126661,CH1,POWER,3.80
1765620126666,CH1,POWER,3.80
1765620126670,CH1,POWER,3.80
1765620126677,CH1,POWER,3.80
1765620126683,CH1,POWER,3.80
1765620126687,CH1,POWER,3.80
1765620126692,CH1,POWER,3.80
1765620126697,CH1,POWER,3.80
1765620126702,CH1,POWER,3.80
1765620126707,CH1,POWER,3.80
1765620126712,CH1,POWER,3.80
1765620126717,CH1,POWER,3.80
1765620126721,CH1,POWER,3.80
1765620126727,CH1,POWER,3.80
1765620126732,CH1,POWER,3.80
1765620126737,CH1,POWER,3.80
1765620126742,CH1,POWER,3.80
1765620126747,CH1,POWER,3.80
1765620126751,CH1,POWER,3.80
1765620126756,CH1,POWER,3.80
1765620126761,CH1,POWER,3.80
1765620126766,CH1,POWER,3.80
1765620126769,CH1,POWER,3.70
1765620126771,CH1,POWER,3.70
1765620126799,CH1,POWER,3.70
1765620126805,CH1,POWER,3.70
1765620126809,CH1,POWER,3.70
1765620126815,CH1,POWER,3.70
1765620126819,CH1,POWER,3.70
1765620126824,CH1,POWER,3.70
1765620126829,CH1,POWER,3.70
1765620126837,CH1,POWER,3.70
1765620126842,CH1,POWER,3.70
1765620126849,CH1,POWER,3.70
1765620126854,CH1,POWER,3.70
1765620126859,CH1,POWER,3.70
1765620126864,CH1,POWER,3.70
1765620126869,CH1,POWER,3.70
1765620126874,CH1,POWER,3.70
1765620126879,CH1,POWER,3.70
1765620126883,CH1,POWER,3.70
1765620126888,CH1,POWER,3.70
1765620126892,CH1,POWER,3.70
1765620126896,CH1,POWER,3.70
1765620126901,CH1,POWER,3.70
1765620126909,CH1,POWER,3.70
1765620126913,CH1,POWER,3.70
1765620126919,CH1,POWER,3.70
1765620126923,CH1,POWER,3.70
1765620126929,CH1,POWER,3.70
1765620126934,CH1,POWER,3.70
1765620126939,CH1,POWER,3.70
1765620126943,CH1,POWER,3.70
1765620126948,CH1,POWER,3.70
1765620126954,CH1,POWER,3.70
1765620126959,CH1,POWER,3.70
1765620126963,CH1,POWER,3.70
1765620126968,CH1,POWER,3.70
1765620126973,CH1,POWER,3.70
1765620126979,CH1,POWER,3.70
1765620126984,CH1,POWER,3.70
1765620126989,CH1,POWER,3.70
1765620126997,CH1,POWER,3.70
1765620127002,CH1,POWER,3.70
1765620127009,CH1,POWER,3.70
1765620127017,CH1,POWER,3.70
1765620127021,CH1,POWER,3.70
1765620127026,CH1,POWER,3.70
1765620127031,CH1,POWER,3.70
1765620127036,CH1,POWER,3.70
1765620127040,CH1,POWER,3.70
1765620127047,CH1,POWER,3.70
1765620127053,CH1,POWER,3.70
1765620127058,CH1,POWER,3.70
1765620127063,CH1,POWER,3.70
1765620127068,CH1,POWER,3.70
1765620127072,CH1,POWER,3.70
1765620127076,CH1,POWER,3.70
1765620127080,CH1,POWER,3.70
1765620127087,CH1,POWER,3.70
1765620127092,CH1,POWER,3.70
1765620127099,CH1,POWER,3.70
1765620127104,CH1,POWER,3.70
1765620127109,CH1,POWER,3.70
1765620127113,CH1,POWER,3.70
1765620127119,CH1,POWER,3.70
1765620127127,CH1,POWER,3.70
1765620127132,CH1,POWER,3.70
1765620127139,CH1,POWER,3.70
1765620127144,CH1,POWER,3.70
1765620127149,CH1,POWER,3.70
1765620127154,CH1,POWER,3.70
1765620127159,CH1,POWER,3.70
1765620127162,CH1,POWER,3.90
1765620127190,CH1,POWER,3.90
1765620127195,CH1,POWER,3.90
1765620127200,CH1,POWER,3.90
1765620127205,CH1,POWER,3.90
1765620127211,CH1,POWER,3.90
1765620127219,CH1,POWER,3.90
1765620127225,CH1,POWER,3.90
1765620127231,CH1,POWER,3.90
1765620127236,CH1,POWER,3.90
1765620127241,CH1,POWER,3.90
1765620127245,CH1,POWER,3.90
1765620127250,CH1,POWER,3.90
1765620127255,CH1,POWER,3.90
1765620127261,CH1,POWER,3.90
1765620127265,CH1,POWER,3.90
1765620127270,CH1,POWER,3.90
1765620127275,CH1,POWER,3.90
1765620127281,CH1,POWER,3.90
1765620127289,CH1,POWER,3.90
1765620127294,CH1,POWER,3.90
1765620127301,CH1,POWER,3.90
1765620127309,CH1,POWER,3.90
1765620127314,CH1,POWER,3.90
1765620127321,CH1,POWER,3.90
1765620127326,CH1,POWER,3.90
1765620127331,CH1,POWER,3.90
1765620127335,CH1,POWER,3.90
1765620127341,CH1,POWER,3.90
1765620127346,CH1,POWER,3.90
1765620127351,CH1,POWER,3.90
1765620127355,CH1,POWER,3.90
1765620127360,CH1,POWER,3.90
1765620127365,CH1,POWER,3.90
1765620127371,CH1,POWER,3.90
1765620127379,CH1,POWER,3.90
1765620127384,CH1,POWER,3.90
1765620127391,CH1,POWER,3.90
1765620127396,CH1,POWER,3.90
1765620127401,CH1,POWER,3.90
1765620127405,CH1,POWER,3.90
1765620127411,CH1,POWER,3.90
1765620127415,CH1,POWER,3.90
1765620127421,CH1,POWER,3.90
1765620127425,CH1,POWER,3.90
1765620127431,CH1,POWER,3.90
1765620127436,CH1,POWER,3.90
1765620127441,CH1,POWER,3.90
1765620127446,CH1,POWER,3.90
1765620127451,CH1,POWER,3.90
1765620127456,CH1,POWER,3.90
1765620127461,CH1,POWER,3.90
1765620127465,CH1,POWER,3.90
1765620127470,CH1,POWER,3.90
1765620127476,CH1,POWER,3.90
1765620127481,CH1,POWER,3.90
1765620127486,CH1,POWER,3.90
1765620127491,CH1,POWER,3.90
1765620127496,CH1,POWER,3.90
1765620127501,CH1,POWER,3.90
1765620127505,CH1,POWER,3.90
1765620127510,CH1,POWER,3.90
1765620127515,CH1,POWER,3.90
1765620127521,CH1,POWER,3.90
1765620127526,CH1,POWER,3.90
1765620127531,CH1,POWER,3.90
1765620127536,CH1,POWER,3.90
1765620127541,CH1,POWER,3.90
1765620127544,CH1,POWER,3.90
1765620127572,CH1,POWER,3.80
1765620127577,CH1,POWER,3.80
1765620127582,CH1,POWER,3.80
1765620127587,CH1,POWER,3.80
1765620127592,CH1,POWER,3.80
1765620127597,CH1,POWER,3.80
1765620127602,CH1,POWER,3.80
1765620127607,CH1,POWER,3.80
1765620127613,CH1,POWER,3.80
1765620127618,CH1,POWER,3.80
1765620127623,CH1,POWER,3.80
1765620127627,CH1,POWER,3.80
1765620127632,CH1,POWER,3.80
1765620127637,CH1,POWER,3.80
1765620127643,CH1,POWER,3.80
1765620127648,CH1,POWER,3.80
1765620127653,CH1,POWER,3.80
1765620127657,CH1,POWER,3.80
1765620127662,CH1,POWER,3.80
1765620127667,CH1,POWER,3.80
1765620127673,CH1,POWER,3.80
1765620127677,CH1,POWER,3.80
1765620127682,CH1,POWER,3.80
1765620127686,CH1,POWER,3.80
1765620127693,CH1,POWER,3.80
1765620127698,CH1,POWER,3.80
1765620127703,CH1,POWER,3.80
1765620127708,CH1,POWER,3.80
1765620127713,CH1,POWER,3.80
1765620127718,CH1,POWER,3.80
1765620127723,CH1,POWER,3.80
1765620127727,CH1,POWER,3.80
1765620127733,CH1,POWER,3.80
1765620127738,CH1,POWER,3.80
1765620127743,CH1,POWER,3.80
1765620127748,CH1,POWER,3.80
1765620127753,CH1,POWER,3.80
1765620127758,CH1,POWER,3.80
1765620127763,CH1,POWER,3.80
1765620127767,CH1,POWER,3.80
1765620127772,CH1,POWER,3.80
1765620127777,CH1,POWER,3.80
1765620127782,CH1,POWER,3.80
1765620127787,CH1,POWER,3.80
1765620127793,CH1,POWER,3.80
1765620127798,CH1,POWER,3.80
1765620127803,CH1,POWER,3.80
1765620127807,CH1,POWER,3.80
1765620127813,CH1,POWER,3.80
1765620127818,CH1,POWER,3.80
1765620127823,CH1,POWER,3.80
1765620127827,CH1,POWER,3.80
1765620127832,CH1,POWER,3.80
1765620127837,CH1,POWER,3.80
1765620127842,CH1,POWER,3.80
1765620127848,CH1,POWER,3.80
1765620127853,CH1,POWER,3.80
1765620127858,CH1,POWER,3.80
1765620127863,CH1,POWER,3.80
1765620127867,CH1,POWER,3.80
1765620127872,CH1,POWER,3.80
1765620127877,CH1,POWER,3.80
1765620127883,CH1,POWER,3.80
1765620127888,CH1,POWER,3.80
1765620127893,CH1,POWER,3.80
1765620127898,CH1,POWER,3.80
1765620127903,CH1,POWER,3.80
1765620127908,CH1,POWER,3.80
1765620127913,CH1,POWER,3.80
1765620127917,CH1,POWER,3.80
1765620127923,CH1,POWER,3.80
1765620127927,CH1,POWER,3.80
1765620127932,CH1,POWER,3.80
1765620127934,CH1,POWER,3.70
1765620127937,CH1,POWER,3.70
1765620127965,CH1,POWER,3.70
1765620127970,CH1,POWER,3.70
1765620127975,CH1,POWER,3.70
1765620127979,CH1,POWER,3.70
1765620127984,CH1,POWER,3.70
1765620127989,CH1,POWER,3.70
1765620127994,CH1,POWER,3.70
1765620127999,CH1,POWER,3.70
1765620128004,CH1,POWER,3.70
1765620128009,CH1,POWER,3.70
1765620128014,CH1,POWER,3.70
1765620128020,CH1,POWER,3.70
1765620128025,CH1,POWER,3.70
1765620128029,CH1,POWER,3.70
1765620128035,CH1,POWER,3.70
1765620128040,CH1,POWER,3.70
1765620128045,CH1,POWER,3.70
1765620128049,CH1,POWER,3.70
1765620128055,CH1,POWER,3.70
1765620128059,CH1,POWER,3.70
1765620128065,CH1,POWER,3.70
1765620128070,CH1,POWER,3.70
1765620128075,CH1,POWER,3.70
1765620128080,CH1,POWER,3.70
1765620128085,CH1,POWER,3.70
1765620128089,CH1,POWER,3.70
1765620128094,CH1,POWER,3.70
1765620128100,CH1,POWER,3.70
1765620128105,CH1,POWER,3.70
1765620128113,CH1,POWER,3.70
1765620128118,CH1,POWER,3.70
1765620128125,CH1,POWER,3.70
1765620128133,CH1,POWER,3.70
1765620128138,CH1,POWER,3.70
1765620128145,CH1,POWER,3.70
1765620128150,CH1,POWER,3.70
1765620128155,CH1,POWER,3.70
1765620128160,CH1,POWER,3.70
1765620128165,CH1,POWER,3.70
1765620128170,CH1,POWER,3.70
1765620128175,CH1,POWER,3.70
1765620128180,CH1,POWER,3.70
1765620128185,CH1,POWER,3.70
1765620128190,CH1,POWER,3.70
1765620128195,CH1,POWER,3.70
1765620128200,CH1,POWER,3.70
1765620128205,CH1,POWER,3.70
1765620128210,CH1,POWER,3.70
1765620128215,CH1,POWER,3.70
1765620128220,CH1,POWER,3.70
1765620128225,CH1,POWER,3.70
1765620128233,CH1,POWER,3.70
1765620128238,CH1,POWER,3.70
1765620128245,CH1,POWER,3.70
1765620128253,CH1,POWER,3.70
1765620128258,CH1,POWER,3.70
1765620128265,CH1,POWER,3.70
1765620128269,CH1,POWER,3.70
1765620128275,CH1,POWER,3.70
1765620128283,CH1,POWER,3.70
1765620128288,CH1,POWER,3.70
1765620128295,CH1,POWER,3.70
1765620128300,CH1,POWER,3.70
1765620128305,CH1,POWER,3.70
1765620128310,CH1,POWER,3.70
1765620128315,CH1,POWER,3.70
1765620128320,CH1,POWER,3.70
1765620128325,CH1,POWER,3.70
1765620128330,CH1,POWER,3.70
1765620128333,CH1,POWER,3.75
1765620128336,CH1,POWER,3.75
1765620128339,CH1,POWER,3.75
1765620128366,CH1,POWER,3.75
1765620128371,CH1,POWER,3.75
1765620128376,CH1,POWER,3.75
1765620128380,CH1,POWER,3.75
1765620128387,CH1,POWER,3.75
1765620128392,CH1,POWER,3.75
1765620128397,CH1,POWER,3.75
1765620128402,CH1,POWER,3.75
1765620128407,CH1,POWER,3.75
1765620128415,CH1,POWER,3.75
1765620128420,CH1,POWER,3.75
1765620128427,CH1,POWER,3.75
1765620128431,CH1,POWER,3.75
1765620128436,CH1,POWER,3.75
1765620128441,CH1,POWER,3.75
1765620128446,CH1,POWER,3.75
1765620128451,CH1,POWER,3.75
1765620128456,CH1,POWER,3.75
1765620128460,CH1,POWER,3.75
1765620128467,CH1,POWER,3.75
1765620128472,CH1,POWER,3.75
1765620128477,CH1,POWER,3.75
1765620128482,CH1,POWER,3.75
1765620128487,CH1,POWER,3.75
1765620128495,CH1,POWER,3.75
1765620128500,CH1,POWER,3.75
1765620128507,CH1,POWER,3.75
1765620128515,CH1,POWER,3.75
1765620128521,CH1,POWER,3.75
1765620128526,CH1,POWER,3.75
1765620128531,CH1,POWER,3.75
1765620128536,CH1,POWER,3.75
1765620128541,CH1,POWER,3.75
1765620128546,CH1,POWER,3.75
1765620128552,CH1,POWER,3.75
1765620128557,CH1,POWER,3.75
1765620128562,CH1,POWER,3.75
1765620128567,CH1,POWER,3.75
1765620128572,CH1,POWER,3.75
1765620128577,CH1,POWER,3.75
1765620128585,CH1,POWER,3.75
1765620128590,CH1,POWER,3.75
1765620128597,CH1,POWER,3.75
1765620128605,CH1,POWER,3.75
1765620128610,CH1,POWER,3.75
1765620128617,CH1,POWER,3.75
1765620128622,CH1,POWER,3.75
1765620128627,CH1,POWER,3.75
1765620128632,CH1,POWER,3.75
1765620128637,CH1,POWER,3.75
1765620128645,CH1,POWER,3.75
1765620128650,CH1,POWER,3.75
1765620128656,CH1,POWER,3.75
1765620128661,CH1,POWER,3.75
1765620128666,CH1,POWER,3.75
1765620128671,CH1,POWER,3.75
1765620128677,CH1,POWER,3.75
1765620128685,CH1,POWER,3.75
1765620128690,CH1,POWER,3.75
1765620128697,CH1,POWER,3.75
1765620128705,CH1,POWER,3.75
1765620128710,CH1,POWER,3.75
1765620128717,CH1,POWER,3.75
1765620128722,CH1,POWER,3.75
1765620128725,CH1,POWER,3.65
1765620128728,CH1,POWER,3.65
1765620128730,CH1,POWER,3.65
1765620128758,CH1,POWER,3.65
1765620128763,CH1,POWER,3.65
1765620128768,CH1,POWER,3.65
1765620128772,CH1,POWER,3.65
1765620128779,CH1,POWER,3.65
1765620128784,CH1,POWER,3.65
1765620128789,CH1,POWER,3.65
1765620128793,CH1,POWER,3.65
1765620128799,CH1,POWER,3.65
1765620128803,CH1,POWER,3.65
1765620128808,CH1,POWER,3.65
1765620128813,CH1,POWER,3.65
1765620128818,CH1,POWER,3.65
1765620128824,CH1,POWER,3.65
1765620128829,CH1,POWER,3.65
1765620128834,CH1,POWER,3.65
1765620128839,CH1,POWER,3.65
1765620128843,CH1,POWER,3.65
1765620128849,CH1,POWER,3.65
1765620128854,CH1,POWER,3.65
1765620128859,CH1,POWER,3.65
1765620128864,CH1,POWER,3.65
1765620128869,CH1,POWER,3.65
1765620128874,CH1,POWER,3.65
1765620128879,CH1,POWER,3.65
1765620128883,CH1,POWER,3.65
1765620128888,CH1,POWER,3.65
1765620128893,CH1,POWER,3.65
1765620128899,CH1,POWER,3.65
1765620128904,CH1,POWER,3.65
1765620128909,CH1,POWER,3.65
1765620128917,CH1,POWER,3.65
1765620128923,CH1,POWER,3.65
1765620128928,CH1,POWER,3.65
1765620128933,CH1,POWER,3.65
1765620128939,CH1,POWER,3.65
1765620128944,CH1,POWER,3.65
1765620128949,CH1,POWER,3.65
1765620128957,CH1,POWER,3.65
1765620128962,CH1,POWER,3.65
1765620128968,CH1,POWER,3.65
1765620128973,CH1,POWER,3.65
1765620128979,CH1,POWER,3.65
1765620128984,CH1,POWER,3.65
1765620128989,CH1,POWER,3.65
1765620128994,CH1,POWER,3.65
1765620128999,CH1,POWER,3.65
1765620129003,CH1,POWER,3.65
1765620129008,CH1,POWER,3.65
1765620129012,CH1,POWER,3.65
1765620129017,CH1,POWER,3.65
1765620129022,CH1,POWER,3.65
1765620129027,CH1,POWER,3.65
1765620129032,CH1,POWER,3.65
1765620129039,CH1,POWER,3.65
1765620129044,CH1,POWER,3.65
1765620129049,CH1,POWER,3.65
1765620129053,CH1,POWER,3.65
1765620129059,CH1,POWER,3.65
1765620129064,CH1,POWER,3.65
1765620129069,CH1,POWER,3.65
1765620129074,CH1,POWER,3.65
1765620129079,CH1,POWER,3.65
1765620129084,CH1,POWER,3.65
1765620129089,CH1,POWER,3.65
1765620129093,CH1,POWER,3.65
1765620129099,CH1,POWER,3.65
1765620129104,CH1,POWER,3.65
1765620129109,CH1,POWER,3.65
1765620129111,CH1,POWER,3.65
1765620129138,CH1,POWER,3.65
1765620129143,CH1,POWER,3.65
1765620129151,CH1,POWER,3.65
1765620129156,CH1,POWER,3.65
1765620129160,CH1,POWER,3.65
1765620129165,CH1,POWER,3.65
1765620129171,CH1,POWER,3.65
1765620129176,CH1,POWER,3.65
1765620129181,CH1,POWER,3.65
1765620129186,CH1,POWER,3.65
1765620129191,CH1,POWER,3.65
1765620129196,CH1,POWER,3.65
1765620129201,CH1,POWER,3.65
1765620129205,CH1,POWER,3.65
1765620129211,CH1,POWER,3.65
1765620129216,CH1,POWER,3.65
1765620129221,CH1,POWER,3.65
1765620129225,CH1,POWER,3.65
1765620129231,CH1,POWER,3.65
1765620129235,CH1,POWER,3.65
1765620129241,CH1,POWER,3.65
1765620129245,CH1,POWER,3.65
1765620129251,CH1,POWER,3.65
1765620129255,CH1,POWER,3.65
1765620129260,CH1,POWER,3.65
1765620129265,CH1,POWER,3.65
1765620129271,CH1,POWER,3.65
1765620129279,CH1,POWER,3.65
1765620129285,CH1,POWER,3.65
1765620129290,CH1,POWER,3.65
1765620129294,CH1,POWER,3.65
1765620129300,CH1,POWER,3.65
1765620129305,CH1,POWER,3.65
1765620129310,CH1,POWER,3.65
1765620129314,CH1,POWER,3.65
1765620129321,CH1,POWER,3.65
1765620129325,CH1,POWER,3.65
1765620129330,CH1,POWER,3.65
1765620129335,CH1,POWER,3.65
1765620129341,CH1,POWER,3.65
1765620129346,CH1,POWER,3.65
1765620129351,CH1,POWER,3.65
1765620129355,CH1,POWER,3.65
1765620129361,CH1,POWER,3.65
1765620129366,CH1,POWER,3.65
1765620129371,CH1,POWER,3.65
1765620129375,CH1,POWER,3.65
1765620129380,CH1,POWER,3.65
1765620129385,CH1,POWER,3.65
1765620129391,CH1,POWER,3.65
1765620129396,CH1,POWER,3.65
1765620129401,CH1,POWER,3.65
1765620129406,CH1,POWER,3.65
1765620129411,CH1,POWER,3.65
1765620129415,CH1,POWER,3.65
1765620129420,CH1,POWER,3.65
1765620129424,CH1,POWER,3.65
1765620129431,CH1,POWER,3.65
1765620129435,CH1,POWER,3.65
1765620129441,CH1,POWER,3.65
1765620129446,CH1,POWER,3.65
1765620129451,CH1,POWER,3.65
1765620129456,CH1,POWER,3.65
1765620129461,CH1,POWER,3.65
1765620129466,CH1,POWER,3.65
1765620129471,CH1,POWER,3.65
1765620129475,CH1,POWER,3.65
1765620129480,CH1,POWER,3.65
1765620129485,CH1,POWER,3.65
1765620129490,CH1,POWER,3.65
1765620129495,CH1,POWER,3.65
1765620129500,CH1,POWER,3.65
1765620129504,CH1,POWER,3.75
1765620129530,CH1,POWER,3.75
1765620129535,CH1,POWER,3.75
1765620129540,CH1,POWER,3.75
1765620129544,CH1,POWER,3.75
1765620129551,CH1,POWER,3.75
1765620129556,CH1,POWER,3.75
1765620129563,CH1,POWER,3.75
1765620129568,CH1,POWER,3.75
1765620129573,CH1,POWER,3.75
1765620129577,CH1,POWER,3.75
1765620129583,CH1,POWER,3.75
1765620129588,CH1,POWER,3.75
1765620129593,CH1,POWER,3.75
1765620129598,CH1,POWER,3.75
1765620129603,CH1,POWER,3.75
1765620129607,CH1,POWER,3.75
1765620129612,CH1,POWER,3.75
1765620129616,CH1,POWER,3.75
1765620129623,CH1,POWER,3.75
1765620129628,CH1,POWER,3.75
1765620129633,CH1,POWER,3.75
1765620129638,CH1,POWER,3.75
1765620129643,CH1,POWER,3.75
1765620129651,CH1,POWER,3.75
1765620129656,CH1,POWER,3.75
1765620129662,CH1,POWER,3.75
1765620129667,CH1,POWER,3.75
1765620129671,CH1,POWER,3.75
1765620129676,CH1,POWER,3.75
1765620129683,CH1,POWER,3.75
1765620129688,CH1,POWER,3.75
1765620129693,CH1,POWER,3.75
1765620129701,CH1,POWER,3.75
1765620129706,CH1,POWER,3.75
1765620129713,CH1,POWER,3.75
1765620129718,CH1,POWER,3.75
1765620129723,CH1,POWER,3.75
1765620129728,CH1,POWER,3.75
1765620129733,CH1,POWER,3.75
1765620129737,CH1,POWER,3.75
1765620129742,CH1,POWER,3.75
1765620129747,CH1,POWER,3.75
1765620129753,CH1,POWER,3.75
1765620129758,CH1,POWER,3.75
1765620129763,CH1,POWER,3.75
1765620129768,CH1,POWER,3.75
1765620129773,CH1,POWER,3.75
1765620129778,CH1,POWER,3.75
1765620129782,CH1,POWER,3.75
1765620129786,CH1,POWER,3.75
1765620129793,CH1,POWER,3.75
1765620129801,CH1,POWER,3.75
1765620129807,CH1,POWER,3.75
1765620129812,CH1,POWER,3.75
1765620129817,CH1,POWER,3.75
1765620129822,CH1,POWER,3.75
1765620129826,CH1,POWER,3.75
1765620129833,CH1,POWER,3.75
1765620129837,CH1,POWER,3.75
1765620129843,CH1,POWER,3.75
1765620129848,CH1,POWER,3.75
1765620129853,CH1,POWER,3.75
1765620129858,CH1,POWER,3.75
1765620129863,CH1,POWER,3.75
1765620129871,CH1,POWER,3.75
1765620129876,CH1,POWER,3.75
1765620129883,CH1,POWER,3.75
1765620129888,CH1,POWER,3.75
1765620129893,CH1,POWER,3.75
1765620129895,CH1,POWER,3.65
1765620129920,CH1,POWER,3.65
1765620129925,CH1,POWER,3.65
1765620129930,CH1,POWER,3.65
1765620129935,CH1,POWER,3.65
1765620129943,CH1,POWER,3.65
1765620129948,CH1,POWER,3.65
1765620129955,CH1,POWER,3.65
1765620129960,CH1,POWER,3.65
1765620129964,CH1,POWER,3.65
1765620129969,CH1,POWER,3.65
1765620129975,CH1,POWER,3.65
1765620129980,CH1,POWER,3.65
1765620129984,CH1,POWER,3.65
1765620129989,CH1,POWER,3.65
1765620129994,CH1,POWER,3.65
1765620129999,CH1,POWER,3.65
1765620130004,CH1,POWER,3.65
1765620130008,CH1,POWER,3.65
1765620130015,CH1,POWER,3.65
1765620130023,CH1,POWER,3.65
1765620130028,CH1,POWER,3.65
1765620130035,CH1,POWER,3.65
1765620130040,CH1,POWER,3.65
1765620130045,CH1,POWER,3.65
1765620130050,CH1,POWER,3.65
1765620130055,CH1,POWER,3.65
1765620130059,CH1,POWER,3.65
1765620130064,CH1,POWER,3.65
1765620130070,CH1,POWER,3.65
1765620130075,CH1,POWER,3.65
1765620130080,CH1,POWER,3.65
1765620130085,CH1,POWER,3.65
1765620130090,CH1,POWER,3.65
1765620130095,CH1,POWER,3.65
1765620130103,CH1,POWER,3.65
1765620130108,CH1,POWER,3.65
1765620130115,CH1,POWER,3.65
1765620130123,CH1,POWER,3.65
1765620130128,CH1,POWER,3.65
1765620130135,CH1,POWER,3.65
1765620130143,CH1,POWER,3.65
1765620130148,CH1,POWER,3.65
1765620130155,CH1,POWER,3.65
1765620130160,CH1,POWER,3.65
1765620130164,CH1,POWER,3.65
1765620130168,CH1,POWER,3.65
1765620130174,CH1,POWER,3.65
1765620130178,CH1,POWER,3.65
1765620130184,CH1,POWER,3.65
1765620130188,CH1,POWER,3.65
1765620130194,CH1,POWER,3.65
1765620130198,CH1,POWER,3.65
1765620130205,CH1,POWER,3.65
1765620130212,CH1,POWER,3.65
1765620130217,CH1,POWER,3.65
1765620130221,CH1,POWER,3.65
1765620130226,CH1,POWER,3.65
1765620130231,CH1,POWER,3.65
1765620130235,CH1,POWER,3.65
1765620130240,CH1,POWER,3.65
1765620130245,CH1,POWER,3.65
1765620130250,CH1,POWER,3.65
1765620130254,CH1,POWER,3.65
1765620130258,CH1,POWER,3.65
1765620130264,CH1,POWER,3.65
1765620130268,CH1,POWER,3.65
1765620130275,CH1,POWER,3.65
1765620130277,CH1,POWER,3.60
1765620130304,CH1,POWER,3.60
1765620130309,CH1,POWER,3.60
1765620130313,CH1,POWER,3.60
1765620130318,CH1,POWER,3.60
1765620130325,CH1,POWER,3.60
1765620130329,CH1,POWER,3.60
1765620130337,CH1,POWER,3.60
1765620130342,CH1,POWER,3.60
1765620130347,CH1,POWER,3.60
1765620130352,CH1,POWER,3.60
1765620130357,CH1,POWER,3.60
1765620130362,CH1,POWER,3.60
1765620130366,CH1,POWER,3.60
1765620130371,CH1,POWER,3.60
1765620130375,CH1,POWER,3.60
1765620130380,CH1,POWER,3.60
1765620130387,CH1,POWER,3.60
1765620130395,CH1,POWER,3.60
1765620130400,CH1,POWER,3.60
1765620130406,CH1,POWER,3.60
1765620130410,CH1,POWER,3.60
1765620130417,CH1,POWER,3.60
1765620130422,CH1,POWER,3.60
1765620130426,CH1,POWER,3.60
1765620130431,CH1,POWER,3.60
1765620130437,CH1,POWER,3.60
1765620130445,CH1,POWER,3.60
1765620130451,CH1,POWER,3.60
1765620130456,CH1,POWER,3.60
1765620130461,CH1,POWER,3.60
1765620130466,CH1,POWER,3.60
1765620130472,CH1,POWER,3.60
1765620130477,CH1,POWER,3.60
1765620130482,CH1,POWER,3.60
1765620130487,CH1,POWER,3.60
1765620130495,CH1,POWER,3.60
1765620130500,CH1,POWER,3.60
1765620130506,CH1,POWER,3.60
1765620130511,CH1,POWER,3.60
1765620130515,CH1,POWER,3.60
1765620130520,CH1,POWER,3.60
1765620130527,CH1,POWER,3.60
1765620130531,CH1,POWER,3.60
1765620130535,CH1,POWER,3.60
1765620130540,CH1,POWER,3.60
1765620130546,CH1,POWER,3.60
1765620130551,CH1,POWER,3.60
1765620130556,CH1,POWER,3.60
1765620130560,CH1,POWER,3.60
1765620130567,CH1,POWER,3.60
1765620130572,CH1,POWER,3.60
1765620130576,CH1,POWER,3.60
1765620130581,CH1,POWER,3.60
1765620130586,CH1,POWER,3.60
1765620130590,CH1,POWER,3.60
1765620130597,CH1,POWER,3.60
1765620130602,CH1,POWER,3.60
1765620130606,CH1,POWER,3.60
1765620130611,CH1,POWER,3.60
1765620130615,CH1,POWER,3.60
1765620130620,CH1,POWER,3.60
1765620130626,CH1,POWER,3.60
1765620130631,CH1,POWER,3.60
1765620130635,CH1,POWER,3.60
1765620130640,CH1,POWER,3.60
1765620130647,CH1,POWER,3.60
1765620130652,CH1,POWER,3.60
1765620130657,CH1,POWER,3.60
1765620130661,CH1,POWER,3.60
1765620130689,CH1,POWER,3.80
1765620130694,CH1,POWER,3.80
1765620130698,CH1,POWER,3.80
1765620130703,CH1,POWER,3.80
1765620130707,CH1,POWER,3.80
1765620130712,CH1,POWER,3.80
1765620130718,CH1,POWER,3.80
1765620130723,CH1,POWER,3.80
1765620130728,CH1,POWER,3.80
1765620130732,CH1,POWER,3.80
1765620130739,CH1,POWER,3.80
1765620130744,CH1,POWER,3.80
1765620130748,CH1,POWER,3.80
1765620130752,CH1,POWER,3.80
1765620130759,CH1,POWER,3.80
1765620130764,CH1,POWER,3.80
1765620130768,CH1,POWER,3.80
1765620130772,CH1,POWER,3.80
